0 4096.000000000000000
1 0.000617580481048
2 0.004328806830017
3 0.004626294816262
4 0.018061567298597
5 0.018327293853508
6 0.025564748017738
7 0.037583241001509
8 0.055504251635284
9 0.056730346821756
10 0.066531916891964
11 0.130696867626284
12 0.125429856867413
13 0.104396861078187
14 0.108014509534273
15 0.182074402058788
16 0.180409209822149
17 0.183869529744321
18 0.226190099601323
19 0.219377210755677
20 0.287837332234748
21 0.281262068653531
22 0.360611628138405
23 0.324627083200695
24 0.365714427282862
25 0.417842940039312
26 0.602203054279512
27 0.483037115517640
28 0.529136835769307
29 0.557417611256824
30 0.557465670719505
31 0.579004632285013
32 0.564096601177007
33 0.553739231485032
34 0.640082367507970
35 0.714710297474924
36 0.691532212121368
37 0.781029734217251
38 0.669633014030296
39 0.761618020628849
40 0.742774250585649
41 0.900742600144654
42 0.744319454078901
43 0.770997250252145
44 0.956631138934281
45 0.757016994374092
46 0.827478950117586
47 0.683568677172058
48 0.761815357084673
49 0.946827905785253
50 0.954731284676763
51 0.962314669634244
52 0.816859163408830
53 0.912284680687535
54 0.965313432715189
55 1.022824323667397
56 1.055447623939091
57 0.989039323173670
58 0.945664249127731
59 0.988423054071103
60 0.950206113760645
61 1.020240051451033
62 0.991563879813505
63 0.859928632094525
64 0.924389441056566
65 1.032330709387747
66 1.102127770165971
67 1.023780494827320
68 1.075105556394015
69 0.964806515459294
70 1.124641087795226
71 1.034649546784741
72 1.057030462446467
73 0.939325528159127
74 1.003513269600105
75 1.050970325097755
76 0.994670133388475
77 0.953030936656080
78 0.962917222247651
79 0.966379306286633
80 0.900055752776098
81 0.996263586264104
82 1.002234743755144
83 1.033244336628178
84 0.937901577900108
85 0.914232365642572
86 0.953463577659397
87 0.940419693207503
88 1.106229214984475
89 0.927161046479984
90 1.045290848930945
91 0.892187707111589
92 1.065216708520492
93 0.979507236495097
94 0.987569698340897
95 0.918916241226493
96 0.976299770124703
97 1.073804797060181
98 0.884021860299215
99 0.934587143164892
100 1.041576104318090
101 0.943007329530756
102 1.008526277508925
103 1.023562804302902
104 1.151672043207024
105 1.049911771375998
106 1.023987086240909
107 1.040417423256994
108 0.960997579383653
109 1.041676829623505
110 0.973009066111381
111 0.953339596729105
112 0.902237546732317
113 0.981054195661027
114 0.979705302077295
115 0.949857230293694
116 0.942396631792512
117 1.145159628276420
118 0.940160324727061
119 0.895645995985851
120 1.000158581207444
121 0.933206190385808
122 0.966506556845741
123 1.028967854931376
124 0.954915582866964
125 0.906797464959448
126 1.029560606157969
127 0.963594129381818
128 1.104553080878211
129 1.036808893726583
130 0.976288206511633
131 0.998181414176534
132 0.969926128489465
133 0.968783337370257
134 1.032356155519374
135 1.092177085780349
136 1.013937261252896
137 0.985388479186457
138 0.938966632791562
139 1.044644539024760
140 1.045237114878674
141 0.923401260755982
142 1.005146941473608
143 1.072042183780803
144 0.999013943520000
145 1.046578844329870
146 0.960304913083466
147 0.914864966083482
148 1.049454697047469
149 0.972710964274622
150 0.929693824839523
151 0.996864827298154
152 0.993195790738310
153 1.032627568775264
154 0.922630308597814
155 1.070353162833271
156 0.906478815579398
157 0.973386592375955
158 0.956402597429405
159 0.978797057603952
160 1.054961892828833
161 0.946780443779778
162 1.002406350356068
163 1.015652695275192
164 1.021792360546533
165 1.021448437476444
166 0.989736996387149
167 1.027304427184125
168 0.994053561168130
169 1.033615082214142
170 0.947036694229380
171 0.988242455970720
172 1.071967328190488
173 0.935015977601095
174 0.977266301341281
175 0.988044785754324
176 0.978192037605243
177 1.032766885183429
178 1.018823712220991
179 1.018380617867671
180 0.990020628751252
181 1.049499084249473
182 0.995723945865617
183 1.022347988019108
184 1.039245606884928
185 1.057439817458631
186 0.998140529546169
187 0.965135800476590
188 0.945285248629630
189 1.021125319261494
190 1.000373657079470
191 0.972266463842876
192 1.012289410458005
193 0.918109706117367
194 1.044271418953666
195 0.981752522265267
196 1.034658317108645
197 0.938375136364378
198 1.025707660769741
199 0.972326883651594
200 1.003044074763440
201 0.972760433031829
202 1.072540434181029
203 0.942627382540973
204 0.992427616443871
205 0.973102492853914
206 1.041673094394861
207 1.061442810817810
208 1.025243151477669
209 1.035368690375407
210 1.026012371818424
211 1.001236335794132
212 1.021409047103796
213 1.010119115650966
214 0.931292635365415
215 1.014359435567237
216 0.937365060302730
217 0.975436368429232
218 0.984100265196280
219 0.952871081635970
220 0.950474459716670
221 1.001033421166182
222 0.957813304170588
223 0.960071775094209
224 0.960787332423182
225 1.029409829833230
226 0.987252888452357
227 1.053381062073923
228 1.001853827691963
229 0.949698206158212
230 0.953252044074470
231 1.058767714190374
232 0.995738793697501
233 0.925287125803389
234 1.055602929911517
235 1.024976215976706
236 0.962708015609580
237 0.954775730930391
238 1.062543699764307
239 1.025142768727164
240 0.992531377640222
241 0.960650398725378
242 1.039866568252414
243 0.948915335294611
244 1.009273250773384
245 0.979447378943086
246 1.029650841824447
247 1.111249086385686
248 0.994709125506295
249 1.142329355672030
250 1.027276604698572
251 0.980410651848652
252 1.018457665194940
253 1.013608938814122
254 0.995417621782733
255 0.921198039626082
