0 4096.000000000000000
1 0.000801123666548
2 0.003517660968591
3 0.006837106788446
4 0.012025402527749
5 0.020181466013597
6 0.027454549508256
7 0.039686687630205
8 0.051689539602542
9 0.067324515363711
10 0.080717637769075
11 0.091530166954452
12 0.110623527054533
13 0.125986900883315
14 0.151692162667490
15 0.169236570784321
16 0.186657556971799
17 0.210301689062299
18 0.238907267408461
19 0.263023222484651
20 0.287548512496883
21 0.308990258428697
22 0.333908651517663
23 0.351966951502314
24 0.380020554795309
25 0.407108342239233
26 0.436428822705690
27 0.457240218616004
28 0.483215946063003
29 0.510750210476161
30 0.539528224674592
31 0.565233177852882
32 0.598333902854338
33 0.617009139725095
34 0.635486203496721
35 0.649843262071367
36 0.673683970900007
37 0.698270243334755
38 0.726317708185560
39 0.749946421571692
40 0.759132665735421
41 0.788801481096795
42 0.792234269197315
43 0.825903068024162
44 0.827512204321068
45 0.868270563150795
46 0.883319454182558
47 0.877550212286177
48 0.887545252554269
49 0.903997689064850
50 0.914437541309922
51 0.926829538148776
52 0.946001902876682
53 0.934391623296738
54 0.943227130876192
55 0.960579099831437
56 0.961630273718802
57 0.961943063113174
58 0.962529423518522
59 0.985922973481515
60 0.982437257366268
61 0.981057046391029
62 0.988612093463976
63 0.981822648862346
64 1.002702854476332
65 0.995911748694759
66 1.002197516954389
67 1.009452578372143
68 1.001396190524432
69 0.975312084913962
70 1.010456998835364
71 0.997060383372839
72 0.987327618042745
73 0.979876107798299
74 0.996562963007720
75 0.993641608636933
76 0.995259900750052
77 0.999913870864702
78 0.996216273457638
79 0.981701700574040
80 0.993810550358601
81 0.981275264103576
82 0.987108469245250
83 0.979421308586122
84 0.988388333244324
85 0.984229294085979
86 0.986427686723519
87 0.979553962476377
88 0.967615372572920
89 0.983308697702321
90 0.987987520783319
91 0.973912378380439
92 0.986365558394859
93 0.984632441375048
94 0.988870310074639
95 0.987121076197205
96 0.977373199604764
97 0.969797088837270
98 0.979829388855389
99 0.987772399504561
100 0.991937355224745
101 0.988085133003883
102 0.979509204909747
103 0.979982964650982
104 0.980089090087414
105 0.997381573226324
106 0.983117604892146
107 0.991844888869639
108 0.984333426559269
109 0.988668264147998
110 0.998489449620981
111 0.997790008534590
112 0.999632492619107
113 0.991397512815017
114 0.991105095253375
115 0.992250464438797
116 0.994018001465092
117 0.994925606385885
118 0.999018683732191
119 0.986559886957893
120 0.994075655924506
121 0.989291421894478
122 0.997656388438658
123 1.000167871521237
124 0.995797807795687
125 0.997495513495595
126 0.998683326707303
127 0.993386987766210
128 0.999098024456093
129 0.999185910549308
130 1.001443762513394
131 1.007796623523530
132 1.001185550768001
133 1.004780891544832
134 0.998160199070082
135 0.996758988844866
136 0.996073706121944
137 0.998592681214312
138 0.985818450133385
139 0.995023249008869
140 0.998937438537229
141 0.990022892234032
142 0.992907298121952
143 0.997580599294750
144 0.991131658926365
145 0.995572286339820
146 1.005789517905290
147 0.994352394273883
148 1.007438916274752
149 0.997659777151424
150 0.988164816362098
151 0.998216650988806
152 0.993311978237172
153 0.998019598584364
154 1.000344209124268
155 1.000579165425579
156 0.993139951606555
157 0.991649132232626
158 0.982453108008910
159 0.991968873079926
160 0.996829319347281
161 1.000452782663087
162 0.992392113086837
163 0.988841253886326
164 0.998947959897816
165 0.987518881812684
166 0.986491700386603
167 0.994073861918532
168 0.995740495721553
169 0.990469418265667
170 0.980278382057972
171 1.000861801240054
172 0.995943730168617
173 0.992858956326320
174 0.991024429352510
175 0.997807164691468
176 1.003958138651446
177 1.003726156279680
178 0.996560633361994
179 0.996543972614501
180 1.009304192889406
181 0.999648133315387
182 0.999538495853266
183 0.999089073195586
184 0.990819637381991
185 1.000403496556489
186 0.996437470422584
187 1.004301745455766
188 0.993865992608478
189 0.994560325793654
190 1.003050641531827
191 0.999610144943482
192 1.000766885441216
193 1.001897241923279
194 1.001938081799477
195 0.997219281095342
196 0.995694194102714
197 0.996095223294205
198 1.003044364263361
199 0.998132634598294
200 0.998515828434128
201 1.005879859343764
202 0.999612205068457
203 0.998612442952316
204 0.998860086394291
205 0.993522726638069
206 0.995510376280840
207 0.995573421843323
208 0.992933958385648
209 1.002877003912681
210 1.001833794981049
211 0.993895621753507
212 1.007944437034848
213 0.998846934502377
214 0.996405472505481
215 0.998327522999973
216 0.998214787244178
217 0.998929164635335
218 0.999908628755345
219 1.001265377076218
220 0.998724735203309
221 1.002021552004088
222 0.999614087298582
223 0.995439622603682
224 1.000337292907236
225 1.001661127738475
226 0.999494516534556
227 1.002347855162686
228 0.991574193796924
229 0.999667548359426
230 0.993467994144627
231 1.001529592511829
232 1.000146055409932
233 0.998324030872484
234 0.996278359816961
235 1.005743292514514
236 1.002595875466005
237 0.997917065028261
238 0.999618742020160
239 1.000135198447653
240 1.000207019201139
241 0.998357086381229
242 0.999270001489768
243 1.003187766883927
244 1.002307457189639
245 0.994819277229917
246 0.998376564463640
247 0.999066133501234
248 0.987944661717989
249 0.999591001658166
250 0.998396007355948
251 0.998032346086038
252 0.991891442201070
253 1.001971348908436
254 0.999001198898426
255 0.870876798405425
