0 4096.000000000000000
1 0.000783065480208
2 0.003637532595736
3 0.007644539720483
4 0.012203996240284
5 0.020578174902915
6 0.027639330899830
7 0.040369480290854
8 0.052445019237366
9 0.063849244784769
10 0.078635826519384
11 0.092699936412675
12 0.109738973071260
13 0.131362298657883
14 0.147360977894003
15 0.168312069579799
16 0.186308495163470
17 0.210683993138057
18 0.234314738586975
19 0.260288796290137
20 0.282442879684670
21 0.305817309651999
22 0.332913342639383
23 0.353830180933325
24 0.382115447713341
25 0.409624694089048
26 0.433410827984271
27 0.460531952366644
28 0.488492621245029
29 0.515583259562034
30 0.533418767583090
31 0.567619975063586
32 0.585171900887937
33 0.608729796745257
34 0.636390510074563
35 0.665449155326976
36 0.683887470483741
37 0.708646501617677
38 0.723565918763950
39 0.749975506566848
40 0.765668383739904
41 0.778804335038724
42 0.809437278273697
43 0.819628657937600
44 0.842748117657009
45 0.850803747514005
46 0.863072652879602
47 0.877753667708789
48 0.891327059726456
49 0.906012240032045
50 0.911650890314060
51 0.931708577668337
52 0.929753430669873
53 0.943795238010344
54 0.949136824074388
55 0.954630767303893
56 0.967906402399736
57 0.984832896772363
58 0.984731240004111
59 0.982499637584729
60 0.977309348654596
61 0.989339873626592
62 0.991088647129222
63 0.992944134067169
64 0.994319497119071
65 0.991543719011842
66 0.998844805274158
67 0.997958295700345
68 0.996523112818640
69 0.994771418209059
70 0.993955329953379
71 1.001780081514996
72 0.990797208501670
73 0.990171551813176
74 0.996382000167219
75 0.998250388502154
76 0.989805247855405
77 0.993273880291120
78 0.987331160691040
79 0.988109916941144
80 0.993855737430868
81 0.991471512209522
82 0.984972069301075
83 0.984950302779674
84 0.979096507990250
85 0.978058925784449
86 0.987108627895851
87 0.975671503835115
88 0.975639592424506
89 0.983993861891166
90 0.983978606604492
91 0.978966502022827
92 0.980734434703720
93 0.974839556795742
94 0.975106817295366
95 0.982685499115643
96 0.974554339481432
97 0.973364336919654
98 0.979587136058050
99 0.979805492770062
100 0.980096559270771
101 0.980376482935592
102 0.986861374310874
103 0.988763537452956
104 0.985867313719238
105 0.987239129364888
106 0.980318959463595
107 0.985307358544305
108 0.984274089574765
109 0.992317552924084
110 0.990098998282600
111 0.992584707287111
112 0.995745700301853
113 0.990186032998780
114 0.996231781019676
115 0.991972417933634
116 0.993494727222743
117 0.994762777113636
118 0.994628903250219
119 0.994356964799009
120 0.993161495707901
121 1.003599013072526
122 1.001138075255285
123 0.993953370348671
124 1.002869527703986
125 0.995984608277427
126 0.999087865576431
127 0.995689882185257
128 1.000490335204963
129 0.997440709907423
130 0.995958922269887
131 0.996438209648355
132 0.997793585216953
133 1.004951995407784
134 0.999925158758285
135 1.002554028942834
136 1.002776687199581
137 0.994772259756031
138 0.995424424547406
139 1.007034137907995
140 0.999780782311163
141 0.995949136025934
142 0.999114667982787
143 0.998671367576942
144 0.992615798730615
145 1.000025164858193
146 0.999282268677233
147 0.998017039256924
148 0.997142948778469
149 0.996341399067782
150 0.997818938247017
151 0.995629462574880
152 0.996288311652208
153 0.993582949113303
154 0.993207142873702
155 0.991327544385534
156 0.991531082561214
157 0.992664851675879
158 0.995559925826816
159 0.995589804931805
160 0.993402213536935
161 0.996641862440013
162 0.992401255349449
163 0.994410519345084
164 0.999682357004216
165 0.994908904906386
166 0.997209778777427
167 0.998344173207722
168 0.997191053788768
169 1.000079072128702
170 0.995322498150749
171 0.995531575747505
172 0.993060973629790
173 0.997014967988119
174 0.997084582891125
175 0.997636450477495
176 0.999280045968761
177 0.998501266974710
178 1.002738645911727
179 1.001354553175143
180 0.998493261949549
181 0.999221762327151
182 0.996706192323218
183 0.996328001233342
184 0.999289177192462
185 0.996578545021288
186 1.002064590130131
187 0.998924760129631
188 1.002437848243695
189 0.999754576461275
190 0.997891760002553
191 1.001038165296694
192 0.994644071956859
193 0.998988462954979
194 0.998067340886886
195 1.000715186996501
196 0.997198254259138
197 0.999285218567386
198 0.999893648017799
199 1.002190531755095
200 0.996059798892655
201 0.999035509437318
202 1.000121674987592
203 1.001284245562859
204 0.995227438582059
205 1.004847696106639
206 0.993287757486114
207 0.998103260385049
208 0.996525708987023
209 0.998430351635909
210 0.998941756644359
211 0.997370981058173
212 0.999214139576206
213 0.995149039657349
214 0.999163420789415
215 1.001096516812664
216 0.995808404063195
217 0.996106640061646
218 0.998609051101893
219 0.995370671547163
220 1.000429779024833
221 0.996491271680752
222 0.995384320882590
223 0.996675599432823
224 0.995659365834378
225 0.992672026534123
226 1.000321224901195
227 0.994879134298395
228 0.997978806971816
229 0.998884935707155
230 0.998588334537553
231 1.001103310097298
232 1.001175498993232
233 0.996384879391290
234 1.000144103524855
235 0.996572886726964
236 0.994209368312698
237 0.996729961045279
238 0.996413190114383
239 0.998163215957210
240 0.996636430403867
241 0.998391485622853
242 0.998390307771057
243 0.999239098440525
244 0.995913128031445
245 1.001524305726578
246 1.002500598043256
247 0.999326766565134
248 1.000342027099316
249 1.000179567387236
250 0.997641786059223
251 0.994655690311191
252 1.001545839131658
253 1.002818662537924
254 0.999938250197265
255 0.870641943584091
