0 4096.000000000000000
1 0.000799846148433
2 0.003572323118257
3 0.007509507288665
4 0.012264434370089
5 0.020654296893464
6 0.028126595739090
7 0.039443563757065
8 0.051876565955610
9 0.063866461009849
10 0.078833248806777
11 0.093877795007428
12 0.109734320066310
13 0.131063334779725
14 0.148566559888399
15 0.167642158185554
16 0.186610692803477
17 0.210792557277211
18 0.235670356294819
19 0.258953398859992
20 0.281755709619010
21 0.307911944251671
22 0.333317798202384
23 0.354963127091679
24 0.383809757739900
25 0.409746017712207
26 0.435592414414732
27 0.458580892695687
28 0.486294199938665
29 0.513374218757864
30 0.535888470409994
31 0.562670811336413
32 0.587794795638015
33 0.608702157558708
34 0.634686549781458
35 0.660352592913289
36 0.683340849861059
37 0.705805156766080
38 0.727085950773777
39 0.745377307375133
40 0.765146004488080
41 0.782834873273625
42 0.802729281157702
43 0.817755476943240
44 0.840121975464288
45 0.850430968148959
46 0.864980755388521
47 0.879363339263466
48 0.892179393863371
49 0.904375629175793
50 0.913035450541390
51 0.927764112054755
52 0.934933347557946
53 0.945218185307280
54 0.948355762192974
55 0.959114265035184
56 0.964729012064200
57 0.974682372062391
58 0.980107538460526
59 0.982375425248480
60 0.981152442345408
61 0.986703255356296
62 0.990362286572478
63 0.996001114480951
64 0.993926038461673
65 0.994020210987176
66 0.995992277754458
67 0.999218463761055
68 0.999350702159427
69 1.000010780607189
70 0.998010647461894
71 0.998219938507617
72 0.997017976103880
73 0.993069751098467
74 0.993250810806069
75 0.994426960991945
76 0.989998845846589
77 0.991673283300541
78 0.984597730037360
79 0.987466640415293
80 0.989025811350756
81 0.984175503230430
82 0.984879065477549
83 0.977569103083307
84 0.983271855797333
85 0.978595763338851
86 0.979887573898596
87 0.977434157240310
88 0.977011908974467
89 0.984544866274969
90 0.978758293724933
91 0.979696111316891
92 0.978569232150457
93 0.978807994135905
94 0.975652436807408
95 0.981172943921484
96 0.976570630648901
97 0.977701422261860
98 0.979403894897919
99 0.982590773951134
100 0.982216701260334
101 0.980075723895533
102 0.982146577151109
103 0.984821553493445
104 0.985978764185970
105 0.985374985147979
106 0.987273905768233
107 0.986878722704364
108 0.983956625853743
109 0.991008307422082
110 0.992271584586810
111 0.992197752853666
112 0.991603980059814
113 0.989453625649598
114 0.993505601852301
115 0.994802768553193
116 0.997068242711285
117 0.995417233423362
118 0.997314640938919
119 0.997344143128101
120 0.997106163343110
121 0.999808608282159
122 0.999369916724615
123 0.996008306120553
124 0.999026682898558
125 0.998584995155768
126 1.000520642278575
127 0.996143320281534
128 0.999066083830027
129 0.997013890346430
130 0.996779662571796
131 0.998866043040020
132 1.000357782521344
133 1.002059249652310
134 1.000630635899061
135 0.999423400427153
136 1.002030589908399
137 0.996597785667324
138 0.997646308152061
139 1.002084611457378
140 0.998524220031289
141 0.996325757710415
142 0.998360564415467
143 0.998515351096029
144 0.993912871187977
145 0.997733623970304
146 0.994992235959640
147 0.998219736228585
148 0.998116935366486
149 0.994560373891802
150 0.997019043532776
151 0.995440370537461
152 0.995800542799755
153 0.994674425183467
154 0.994591564507428
155 0.992582106133477
156 0.993990801620140
157 0.992646429291380
158 0.994298489502525
159 0.996213076450707
160 0.995917336413290
161 0.997115738998601
162 0.994506972913504
163 0.995686817873175
164 0.997239394753673
165 0.994321480205203
166 0.996030184464948
167 0.996256429997373
168 0.994752898812373
169 0.997087128385143
170 0.995275489123630
171 0.995908303612065
172 0.993820586845659
173 0.996339123220799
174 0.995366331792986
175 0.996449920806894
176 0.997786712777982
177 0.999452142142568
178 1.000096465318319
179 1.000447792484600
180 0.997767541933356
181 1.000218926412304
182 0.997559840545338
183 1.000045849183619
184 0.999609485309531
185 0.998057912438642
186 0.999627368737266
187 0.996744787093867
188 0.999319264057447
189 0.998091709055459
190 0.999702188948460
191 0.998609632742426
192 0.999129709217905
193 0.998177080728248
194 1.001319987487497
195 1.000735148693012
196 1.000217447950177
197 1.000542715864438
198 0.999551577321798
199 1.001106977376285
200 0.999823633763985
201 0.999648710900598
202 0.998555901600263
203 1.000980792932771
204 0.999490193297432
205 1.002754991676433
206 0.996985694572859
207 0.996669511536846
208 0.999240225534535
209 0.999029229530028
210 0.998005378987453
211 0.996773788714045
212 0.997561991223062
213 0.995246709845354
214 1.000304132163851
215 0.999399981724084
216 0.997115539368925
217 0.998358325448865
218 0.999687770001102
219 0.996644935386419
220 0.997934675838418
221 0.994897329739805
222 0.995915434728147
223 0.997046044019694
224 0.997229521825538
225 0.995273790341256
226 0.997572771377313
227 0.997356824223066
228 0.996922783040986
229 0.996942197486678
230 0.997192338554860
231 1.000117930075637
232 0.998028065784268
233 0.997311941486410
234 0.998241908391205
235 0.996777570207689
236 0.995097582501297
237 0.996914917663439
238 0.996171881075029
239 0.998296812109514
240 0.995336118816486
241 1.000134440146407
242 0.998133171298413
243 0.998400517648381
244 0.999538801701173
245 0.999701041864130
246 0.999666360322256
247 0.999004575569062
248 1.002671030042898
249 1.002066147179949
250 0.999120186535910
251 0.996615258738315
252 0.999404459148288
253 1.000797224477468
254 1.000787403895646
255 0.877034752793953
