0 4096.000000000000000
1 0.000818941755031
2 0.003609822993288
3 0.007556140881565
4 0.012228316164983
5 0.020668369603006
6 0.028051714950086
7 0.039535548163723
8 0.051747076348753
9 0.063657048026205
10 0.078759410635611
11 0.093376439047821
12 0.109778773269223
13 0.131005980192461
14 0.148283621731827
15 0.167930658044144
16 0.186200521674337
17 0.210574255082283
18 0.235193310260966
19 0.259269737251973
20 0.281399776875647
21 0.307851240854629
22 0.331432100475770
23 0.355437386796660
24 0.384045719424478
25 0.410389485316351
26 0.435121839700349
27 0.460433703900614
28 0.486266979717323
29 0.514327263185891
30 0.533579851732474
31 0.564999100372888
32 0.585175841000993
33 0.610405293761782
34 0.636265708018625
35 0.663031864893842
36 0.683355301898205
37 0.708574063604237
38 0.728168761717015
39 0.746460034869471
40 0.768313959440644
41 0.780080133202430
42 0.803914231466328
43 0.817512053222084
44 0.841650535488343
45 0.852520661721576
46 0.865332006340369
47 0.880820823926759
48 0.892447264263808
49 0.907697164070926
50 0.913525653090434
51 0.928843716281399
52 0.930766874589346
53 0.946892863527507
54 0.949058292985233
55 0.959296488141603
56 0.964387201363676
57 0.976449666103243
58 0.982151835516162
59 0.983512131840808
60 0.979299393792058
61 0.986388931711214
62 0.991033612265026
63 0.992334758842738
64 0.994400608581802
65 0.996321811326371
66 0.996198866504585
67 0.995201280756042
68 0.999487122704806
69 1.001435539991722
70 0.997347529868736
71 0.998721104622860
72 0.995875953184911
73 0.991383156676748
74 0.995301312481966
75 0.994975196853678
76 0.988885304811768
77 0.993054525917963
78 0.986150393412452
79 0.988837643361046
80 0.988571172599405
81 0.986489137638348
82 0.985011870788407
83 0.980252887352120
84 0.982310739622914
85 0.978823638269565
86 0.982125589756375
87 0.976817879300076
88 0.975976611797794
89 0.983142672275171
90 0.980472923758105
91 0.980894019720275
92 0.977739095260883
93 0.977560517320208
94 0.975795640992804
95 0.980184066831914
96 0.975171193943441
97 0.977426085832174
98 0.978011939218556
99 0.981683613026843
100 0.980463902216347
101 0.980318024549534
102 0.982317324454980
103 0.985771648277303
104 0.984585280699298
105 0.985779567316621
106 0.987452704969943
107 0.987199498144399
108 0.983679835825127
109 0.990612523075657
110 0.990599983373539
111 0.993006709980577
112 0.992743818800248
113 0.990550143593585
114 0.993932850635245
115 0.992700989249048
116 0.996194974069947
117 0.995153522049036
118 0.997519812594725
119 0.995003137913523
120 0.996734136261814
121 1.001397776609218
122 1.000351691085307
123 0.995125961957572
124 0.999032788397189
125 0.999056414531440
126 0.999561877483354
127 0.995715495394670
128 0.998966205696377
129 0.998391627083196
130 0.995183426284398
131 1.000137785715479
132 0.997420918746552
133 1.002649835944289
134 1.001056783863443
135 0.999236079360830
136 1.002314017594301
137 0.996447721014264
138 0.997475921043513
139 1.001274408364885
140 0.998952315138423
141 0.995017560662250
142 1.000021034561449
143 0.997494070603568
144 0.993322382734620
145 0.999678476769967
146 0.994774984604757
147 0.998633898184762
148 0.997790618354336
149 0.995663116304434
150 0.997416603306348
151 0.995843222528502
152 0.996340735150587
153 0.995096637357492
154 0.992535581251970
155 0.992812408770136
156 0.993008183188919
157 0.994161084392946
158 0.995521673091232
159 0.996086935106014
160 0.996106697003953
161 0.996735341093440
162 0.994617401816889
163 0.995883551268329
164 0.996895580666599
165 0.994476872173423
166 0.996189968240323
167 0.997674440133988
168 0.994386684457725
169 0.996625306841227
170 0.994872887729342
171 0.995379580678394
172 0.994058122776619
173 0.997054586081636
174 0.995804084300383
175 0.997574135181743
176 0.996838050412196
177 0.998050920717491
178 1.001322196844753
179 1.001153679705580
180 0.999528930066934
181 0.999067993458527
182 0.997448751674364
183 0.998415892645155
184 0.999344995205153
185 0.998582986738621
186 1.000845146604315
187 0.996407007000740
188 1.000308143275082
189 0.998397973822101
190 0.998478057164204
191 0.999129181449935
192 0.997064356713342
193 0.997824011921328
194 0.999467657065036
195 1.001808067826342
196 0.999589749976827
197 0.999335291311774
198 1.000284429288841
199 1.001191913801756
200 0.997970364535880
201 1.001181075482558
202 0.998803674494794
203 1.001172353652202
204 0.997579664709702
205 1.002226982877797
206 0.996694569240496
207 0.996855421921978
208 0.999557986798112
209 0.999904843784330
210 0.998205245346451
211 0.996741720435599
212 0.997867805492392
213 0.994462354595567
214 0.999572072920871
215 1.000101304945157
216 0.996332526432451
217 0.997306756618534
218 1.000007203239399
219 0.996113720663509
220 0.998644866337406
221 0.995012796732027
222 0.995628032927835
223 0.997785885042500
224 0.995931181230429
225 0.995292598840543
226 0.998266593870256
227 0.997376657579713
228 0.997556136959482
229 0.997641149913907
230 0.996364121617085
231 1.000558452767573
232 0.999869193615860
233 0.997511953986139
234 0.998175722263453
235 0.997174609547241
236 0.995602547867270
237 0.996955527863318
238 0.995636093176214
239 0.997433678271887
240 0.995379323172695
241 0.999921033758979
242 0.998292005034223
243 0.997249373506604
244 0.998938636717398
245 1.000117584403154
246 0.999876785623765
247 0.998805785076657
248 1.001762025167384
249 1.002118225657974
250 0.998781754666877
251 0.995360595146636
252 1.000294568081348
253 1.002334052325668
254 1.001212506173056
255 0.873132230749188
