0 4096.000000000000000
1 0.000727084241978
2 0.003838781906413
3 0.007958498419343
4 0.012610696448213
5 0.020813069249113
6 0.026677065469434
7 0.041196225109631
8 0.050184932855692
9 0.064246381251045
10 0.080287416628869
11 0.092698421377736
12 0.108663715415877
13 0.133137153513591
14 0.144251838852901
15 0.167905532813611
16 0.188704233741556
17 0.211554313566401
18 0.235571538157409
19 0.260285842080498
20 0.282489435665544
21 0.309799884542325
22 0.334830502472267
23 0.357657096944566
24 0.383951158517651
25 0.410148906189213
26 0.431980449345840
27 0.465108911880624
28 0.486798509577474
29 0.510616288706287
30 0.527082864548893
31 0.565212574939200
32 0.586417688311102
33 0.608192757939630
34 0.626270745344458
35 0.675897627145568
36 0.684184086724308
37 0.709088261807474
38 0.725651393692244
39 0.753429262768155
40 0.760736844096981
41 0.777159468219476
42 0.806440534539965
43 0.819631684537610
44 0.837808161775036
45 0.840630712290081
46 0.860095090317821
47 0.871372655238716
48 0.890291277618170
49 0.905038101115346
50 0.920741066616964
51 0.938435101290380
52 0.927388936505091
53 0.939573306966476
54 0.952132287052055
55 0.948529241568552
56 0.966966397990787
57 0.991603558644863
58 0.989662591276894
59 0.975778459510403
60 0.971526795439490
61 0.990107915584386
62 0.987672460912277
63 1.003824519802637
64 0.994923392469153
65 0.992892374624488
66 0.993021873380969
67 0.997063924678685
68 0.997455182336207
69 0.990536056863379
70 0.996993631589045
71 1.003480009736215
72 0.990099331827432
73 0.994305392465027
74 0.994910244572934
75 0.994283927039024
76 0.987925515923309
77 0.993618353147766
78 0.997546864155842
79 0.995507522162525
80 1.001286316393330
81 0.996451691626943
82 0.985415578073526
83 0.986678036724730
84 0.984193932304743
85 0.968975820969886
86 0.986839457252717
87 0.974112207837536
88 0.977971811973839
89 0.980793923811651
90 0.984538169774118
91 0.973125803497956
92 0.986240927136393
93 0.974188599287863
94 0.973283824967116
95 0.983359129136932
96 0.975032780995537
97 0.981824711346968
98 0.978135039795290
99 0.982206538745520
100 0.978831098144990
101 0.983426756020376
102 0.980276230841221
103 0.987403643164022
104 0.982712931184499
105 0.988113410437697
106 0.984314673433487
107 0.984684979516847
108 0.984219300713606
109 0.996429363339542
110 0.993631606133389
111 0.996670352932997
112 0.998291565432105
113 0.985109788487056
114 0.996520104662645
115 0.989573815771602
116 0.992967519015923
117 0.993354368928059
118 0.995315634385024
119 0.997741364266635
120 0.990091924335210
121 0.998627390275953
122 1.001698851489311
123 0.994801665692224
124 0.997162123634977
125 0.994028183216489
126 1.001107407102815
127 0.995576938443897
128 1.001246725448225
129 0.994172302807505
130 0.988453261987861
131 0.994562288366378
132 0.995016020333035
133 1.005288738450352
134 0.993464963525218
135 1.007468182903003
136 1.009297267009520
137 0.991539644005946
138 0.998201508475013
139 1.007580087277894
140 0.998207137099264
141 0.995320236116429
142 1.000524984392829
143 0.999783841368742
144 0.991064789475103
145 0.997088992815042
146 0.996672302130546
147 0.994724893562572
148 0.994931848510666
149 1.002424605348264
150 1.005345537694671
151 0.994561954034528
152 0.994328427418869
153 0.996937587529316
154 0.990465410763068
155 0.994117764312194
156 0.989805025691678
157 0.991907799605251
158 0.996374564082471
159 0.998855056415476
160 0.995203462965511
161 0.993842452726723
162 0.987720730873255
163 1.000378309646618
164 1.001443242656771
165 0.989563497552846
166 0.999229472954112
167 0.994698139353571
168 1.001602788570602
169 1.003891593464873
170 0.998154516531495
171 0.998604293632559
172 0.990085686730961
173 0.994328476113684
174 0.994723963117433
175 1.003190435783200
176 1.003878892377523
177 0.996707147892650
178 1.002653157477261
179 1.002958465269769
180 0.999738703176232
181 0.993529874798819
182 0.996227610221888
183 0.997475013337054
184 1.005032465914776
185 0.995380141032821
186 0.999690817853576
187 0.991611871534588
188 1.002295330074195
189 0.999463697032734
190 1.001757795346336
191 0.994085748275221
192 0.992099002837164
193 1.000209836866662
194 0.997163312504320
195 1.003576577581268
196 0.998567837756551
197 0.996278890173792
198 0.998201687585442
199 1.001804015039236
200 0.995734469186461
201 1.008692416173720
202 1.008311685573125
203 0.998762254443288
204 0.990396536223874
205 1.005746254066189
206 0.992568491728508
207 1.002248885800064
208 0.991549319265844
209 0.998192261262618
210 0.999857727220889
211 0.996920821708536
212 0.997742254004886
213 0.999647227356444
214 0.996701077758318
215 1.001630932417763
216 0.999011410681761
217 0.994131877285330
218 1.000067533200776
219 0.993774376520760
220 1.002618302560114
221 0.994982041809362
222 0.994750164730621
223 0.999132599182278
224 0.995191461822192
225 0.991169744124133
226 0.995485676357573
227 0.993513044944946
228 0.996293123838869
229 0.997732381946758
230 1.000997907663996
231 1.002174953856030
232 1.003199788221255
233 0.997410266276918
234 0.996587528010865
235 0.999925566775176
236 0.994137099526168
237 0.991784011033777
238 0.995323993305595
239 0.995909685275986
240 0.999552712186677
241 0.998608646437365
242 1.001959827797598
243 0.993821170932137
244 0.998814385038520
245 1.000844681086446
246 1.005288994566485
247 0.995865378305624
248 0.999146032736137
249 1.002983103420651
250 0.995709772362103
251 0.995912921994251
252 1.003623524268378
253 1.004483885513122
254 0.997785060314428
255 0.859406485028238
