0 4096.000000000000000
1 0.000794125564621
2 0.003595276245832
3 0.007560301365858
4 0.012206134824761
5 0.020655683921117
6 0.027931174333516
7 0.039944120927209
8 0.051870163550179
9 0.064020030417349
10 0.078619215740430
11 0.093544389022335
12 0.109977689842369
13 0.131020100958516
14 0.147850191336083
15 0.167968718469890
16 0.186417846991702
17 0.210158544873832
18 0.233389800095731
19 0.260289850485914
20 0.282135886156093
21 0.306187235160878
22 0.332614236630604
23 0.355785288854802
24 0.382986536645430
25 0.409963002272736
26 0.433567469379039
27 0.459273913433859
28 0.487031025008917
29 0.514401510898650
30 0.534609655930456
31 0.569124690592066
32 0.585351277767117
33 0.610494441902192
34 0.635501719943927
35 0.662321969355293
36 0.681392990755936
37 0.707341107841087
38 0.725443147593218
39 0.747552467092600
40 0.766170721701517
41 0.781659447900725
42 0.806266318268871
43 0.817920080158293
44 0.844532227181804
45 0.855173479095277
46 0.862728372864308
47 0.877663975072394
48 0.891947988519341
49 0.907534281074952
50 0.912987042030190
51 0.931584615067296
52 0.931568610350925
53 0.944360605667087
54 0.951192087230252
55 0.956171054947151
56 0.968182424467199
57 0.981861444990311
58 0.983487972248087
59 0.983267259558058
60 0.977165867813929
61 0.986597750066147
62 0.990862762814561
63 0.990642543011090
64 0.995459265293105
65 0.993608177435812
66 0.997254823261424
67 0.996140478071759
68 0.998838928672434
69 0.997277624491677
70 0.995605187973138
71 1.000177057402800
72 0.991351851486599
73 0.990333582180949
74 0.993706119897479
75 0.995804167556540
76 0.990590709299154
77 0.994085278999179
78 0.986117615143401
79 0.986570593990935
80 0.990832709176202
81 0.988090845835055
82 0.986142617497262
83 0.983213648581114
84 0.980542684124460
85 0.979258629729780
86 0.985412923107766
87 0.975956558158764
88 0.975997968087988
89 0.981687651406457
90 0.982001238325410
91 0.979561977750636
92 0.978887453204572
93 0.976235413584377
94 0.975201308925981
95 0.982262744332336
96 0.975840240559987
97 0.975561880718351
98 0.979117031879949
99 0.981282262467686
100 0.980209167512150
101 0.977879615138774
102 0.986143545526939
103 0.986497295775185
104 0.984415602198268
105 0.986826047457988
106 0.984092795794919
107 0.988354452914336
108 0.984203568799986
109 0.992435308286142
110 0.991514371988393
111 0.992882142558869
112 0.993332141927591
113 0.988576772106499
114 0.994301861395114
115 0.990971517517759
116 0.993515424601562
117 0.995272231560399
118 0.994986131086321
119 0.995031358215103
120 0.995079032227714
121 1.003554741989573
122 0.999198175952486
123 0.993295896801066
124 1.002034859421676
125 0.997542705765850
126 1.000430911286211
127 0.995151290932870
128 0.999992139611990
129 0.997926202084581
130 0.995916153875626
131 0.999114408522297
132 0.997820016500561
133 1.004675128469326
134 1.000998807029176
135 1.001040263950994
136 1.003134088428938
137 0.996922695101322
138 0.994294517465531
139 1.004432557066330
140 0.998321366649990
141 0.997036346401559
142 0.999512187203008
143 0.997418659774463
144 0.993969901849397
145 1.000546069213188
146 0.997978832767594
147 0.997520994251122
148 0.998576962157314
149 0.996570146624355
150 0.999150867924354
151 0.996106191467131
152 0.996028702469688
153 0.994064548652994
154 0.993087493783202
155 0.991809098966860
156 0.992260154523719
157 0.992220086229355
158 0.994617706506397
159 0.996153117820931
160 0.995621143598727
161 0.997234664877581
162 0.992911758941348
163 0.995763531876873
164 0.997611078839115
165 0.995574975488072
166 0.996252190776292
167 0.997789889409093
168 0.995616113779512
169 0.997686917612493
170 0.995332275749060
171 0.994244207233920
172 0.993524270019227
173 0.996513687285842
174 0.996907523509526
175 0.998615714298627
176 0.999032052262526
177 1.000532096465364
178 1.002693847157606
179 1.002297497994928
180 0.998449916919743
181 0.999355384024100
182 0.997929052313841
183 0.998488330222249
184 1.000704500003871
185 0.997295794172404
186 1.001550856301396
187 0.996927844716784
188 1.001167161575145
189 0.999779905545786
190 0.997661980542505
191 0.998047962348445
192 0.994830489279873
193 0.998976107468272
194 0.999283886886335
195 1.001900309050270
196 0.996544047988109
197 0.998746998617692
198 0.999886190437642
199 1.002126352554139
200 0.995967506079977
201 0.999500205016780
202 1.000168653251363
203 1.001520152572314
204 0.996445822662611
205 1.003472312081575
206 0.993937497324584
207 0.997685272557531
208 0.998337965416173
209 0.999936333011615
210 0.999535735012496
211 0.997120372448176
212 0.999027835501268
213 0.994278770947225
214 0.999151716509368
215 1.000937166862693
216 0.996790425172149
217 0.995056745687508
218 0.998372792216758
219 0.995008929345512
220 0.998931808086024
221 0.995349856211644
222 0.995297502418502
223 0.997763950348314
224 0.996052272452601
225 0.994370496488104
226 1.001096500857685
227 0.996683084783503
228 0.998359230446582
229 1.000295204223210
230 0.997195176249282
231 1.000446463426911
232 0.999599419300359
233 0.995963797800108
234 0.999040302670273
235 0.998797234063372
236 0.993335630046750
237 0.995680204548062
238 0.995104670370813
239 0.997220960392510
240 0.995084301092116
241 0.998221543030767
242 0.998670450164285
243 0.999003728419392
244 0.997007592369191
245 1.000215591463463
246 1.000259640336198
247 0.998816116143165
248 1.001078595541924
249 1.002070671941609
250 0.997447681811547
251 0.995265188193131
252 1.000704753461452
253 1.002706301296901
254 1.000584988566876
255 0.871881173369319
