0 4096.000000000000000
1 0.000793690395186
2 0.003718335957518
3 0.006959120741701
4 0.012216195969151
5 0.020028022078401
6 0.027335804096000
7 0.039921115381898
8 0.051462496834584
9 0.066635586573805
10 0.081085635806553
11 0.092048530637808
12 0.109867412820186
13 0.126473488675168
14 0.150641267812862
15 0.168933969698760
16 0.185837260674954
17 0.210891703307983
18 0.238894795459524
19 0.261727256649949
20 0.287175888780681
21 0.307678528019583
22 0.333584995235391
23 0.354499622295485
24 0.379850726752608
25 0.407311413681795
26 0.436349491780681
27 0.456050570414390
28 0.485641375149732
29 0.507532061194194
30 0.539014663093363
31 0.568054674156964
32 0.597201380016279
33 0.616379485599293
34 0.635664967568958
35 0.650361634837327
36 0.673835287921411
37 0.702113874169959
38 0.727257809721723
39 0.749803415087079
40 0.758760221298763
41 0.791294876188306
42 0.790540212558407
43 0.824218981035330
44 0.829541532256846
45 0.861806544694702
46 0.876224284838933
47 0.877877491959959
48 0.890914025152226
49 0.901786669501040
50 0.914431564554601
51 0.926249823866115
52 0.942678545966928
53 0.938381946433384
54 0.945434045443061
55 0.959392362562589
56 0.963364611896139
57 0.966673839396070
58 0.964902800118154
59 0.986653589569413
60 0.984138146269765
61 0.981803108243654
62 0.986270187589403
63 0.986315271287426
64 1.004231495297895
65 0.995077668954449
66 1.002782425596682
67 1.008436400988164
68 1.002610125171159
69 0.976575036784595
70 1.005199915374975
71 0.996926603132307
72 0.988794576940354
73 0.981713520896318
74 0.994669862820921
75 0.994121650762129
76 0.996199733889362
77 0.997362171492641
78 0.995712423515443
79 0.982684163281983
80 0.993461922437251
81 0.979889208639375
82 0.984941228303467
83 0.981423421047341
84 0.988479109332906
85 0.989320324094321
86 0.988948896860097
87 0.979782915471831
88 0.968547472176222
89 0.982659167649856
90 0.989673792188563
91 0.978237585588075
92 0.987135619428132
93 0.981415308530060
94 0.988866955968530
95 0.983689943305760
96 0.975174544144925
97 0.969301171154988
98 0.980612851082734
99 0.984026545377458
100 0.988792645918306
101 0.987074790576943
102 0.979251844980010
103 0.978354980865078
104 0.980024488469379
105 0.996711217092904
106 0.985172806794629
107 0.992277916179329
108 0.986759982369537
109 0.989468482709738
110 0.995011860237467
111 0.996930605694620
112 0.995017073828239
113 0.991161976221553
114 0.991115389250475
115 0.991982335183928
116 0.992015122598929
117 0.994546742764312
118 1.000125082741913
119 0.988600867136891
120 0.994388016270662
121 0.990525234776006
122 0.994174024550993
123 0.998799662459834
124 0.993969468435084
125 0.997538499343596
126 0.999881985676214
127 0.995950010794309
128 0.997504073894174
129 1.001621697732800
130 0.999119310477302
131 1.006992564212539
132 1.001852190625384
133 1.004203121774922
134 0.999733154670510
135 0.995908301377888
136 0.996857539674336
137 1.000718579440748
138 0.987806194821444
139 0.998302391189581
140 0.997914195345476
141 0.990546539442428
142 0.993759764596050
143 1.000736193573494
144 0.992745922366767
145 0.995807763533319
146 1.002859211278187
147 0.993722265930879
148 1.005176984662433
149 1.000048054419999
150 0.986904723361381
151 0.996601680663688
152 0.992308867731775
153 0.996293839532488
154 0.997917271936531
155 1.002732378741480
156 0.994950784084182
157 0.991467025617311
158 0.983870507504809
159 0.990310816196555
160 1.000022220850251
161 0.995473235366588
162 0.993116290776821
163 0.988738953944738
164 0.998338385429592
165 0.987056374175757
166 0.987440529013628
167 0.994609108813022
168 0.995500658107040
169 0.991682054398483
170 0.982203099549911
171 1.002212461592480
172 0.995561836258238
173 0.993036052607047
174 0.990673266970426
175 0.996553667518330
176 1.002204410978106
177 1.003223287925940
178 0.998033228146341
179 0.995661194560500
180 1.008448917169025
181 1.000668012028697
182 0.999961247305100
183 1.000200910117652
184 0.992343530270802
185 0.999014005694551
186 0.996015766837965
187 1.004781349860029
188 0.992140191423230
189 0.995005212059426
190 1.008228673839422
191 1.001451853585666
192 1.003766231866179
193 1.002593144535316
194 1.000269420530013
195 0.996162769991340
196 0.997636846112989
197 0.995176891081619
198 1.002943411978307
199 0.996710468816936
200 1.001242677863475
201 1.007798351994470
202 0.999573872080555
203 0.997436633855557
204 0.998869955928922
205 0.993801765331806
206 0.996037977031848
207 0.996559116574528
208 0.991277119084285
209 1.000013436038071
210 1.000299498664595
211 0.992442071649199
212 1.005256168153694
213 0.996122806858123
214 0.996478661586098
215 0.999769206658787
216 0.999884152715200
217 1.000162066762998
218 0.997867778909847
219 1.001385033792247
220 0.998739307608245
221 1.000541995358611
222 0.998838882140893
223 0.995735491190575
224 1.000349053388177
225 1.000939994804962
226 0.998602713056152
227 1.002967781565649
228 0.991542462719641
229 1.001995330533573
230 0.995026263020516
231 1.000136716571877
232 0.999708432907932
233 0.999629704041458
234 0.996294513513205
235 1.006818858788955
236 1.003174529271414
237 1.000071401920497
238 1.000867877481744
239 1.000424044098729
240 0.998423605600231
241 0.998513428642960
242 0.999658878892581
243 1.003434996916850
244 1.001607491586903
245 0.996192419762931
246 0.997698466064124
247 0.999828901718902
248 0.988598067924440
249 1.000450656572502
250 0.996147840871422
251 0.998163426516614
252 0.993388370706230
253 1.001563103896158
254 0.999782760891249
255 0.881038725273071
