0 4096.000000000000000
1 0.000787635009283
2 0.003449744551726
3 0.007173976177619
4 0.012034642412876
5 0.021903954241880
6 0.026114079209653
7 0.041166188179082
8 0.050246162500903
9 0.069314655558087
10 0.082953728417231
11 0.095263688851310
12 0.115284191054755
13 0.128802428957119
14 0.153682714753869
15 0.170766723463536
16 0.182848576816872
17 0.210076156084098
18 0.237363837882933
19 0.259139362305577
20 0.295634818493299
21 0.317906577266949
22 0.327029006190338
23 0.347731853953003
24 0.383858037901812
25 0.414642624777272
26 0.424821721922984
27 0.467046020376121
28 0.484138671031415
29 0.507099951337993
30 0.539372823963873
31 0.559713794331410
32 0.597073975562322
33 0.618638255928615
34 0.635171326876864
35 0.641950057657400
36 0.665659454128492
37 0.715256406547626
38 0.711369327408162
39 0.764890195026171
40 0.739063920338366
41 0.801888907301769
42 0.786343956246786
43 0.823509458360574
44 0.835347377317630
45 0.862690231407440
46 0.887072634470810
47 0.887071410576388
48 0.898669502062501
49 0.925932320622043
50 0.923220912842171
51 0.938039653857018
52 0.952529116284653
53 0.938621463473326
54 0.915999607183338
55 0.975718681150780
56 0.977371615199985
57 0.961100456299793
58 0.953240041807241
59 0.997088198045547
60 0.982001040045335
61 0.991986235243783
62 0.964374663038543
63 0.984162578796837
64 1.007811870135779
65 0.987265822305249
66 0.997040575169288
67 1.015570815731080
68 0.991777577099370
69 0.974179833603538
70 0.991830532891818
71 0.994919667737500
72 0.982093029125713
73 0.979607774867186
74 1.003421652779043
75 0.992570161989884
76 1.007152200547301
77 1.002579032227343
78 0.995471220715251
79 0.978790980417912
80 0.999200873304288
81 0.967803501828838
82 0.997808085889194
83 0.996827246345198
84 0.992687029408807
85 0.989567240614747
86 0.984905544287598
87 0.978862322659561
88 0.970139160297128
89 0.977404730625431
90 0.980608168790775
91 0.977485478126057
92 0.977938701807476
93 1.004641633064875
94 0.993359133612657
95 0.977891570379750
96 0.986793035270852
97 0.969215819872523
98 0.983815464119957
99 0.992662573958709
100 1.006839478472189
101 0.979084744974709
102 0.968140889180441
103 0.975918841069683
104 0.968867548906700
105 0.999361722861284
106 0.987862400319915
107 0.985763496884297
108 0.983876325993968
109 0.980755274511037
110 1.005441939586155
111 0.997916075101541
112 0.998223292903008
113 0.996241028913738
114 0.998295578089094
115 1.001543686536444
116 0.991813792325037
117 0.995986875571451
118 0.996226699385435
119 0.978740795018634
120 0.998259573759368
121 0.980010344432194
122 1.009112308491038
123 0.978240991453423
124 0.993987650656988
125 0.999465731472514
126 1.004422981092828
127 0.985681124127642
128 0.995871670450853
129 0.997049032896361
130 1.009144356938026
131 1.002902253691671
132 0.994829876797759
133 1.009843553690332
134 0.994146335512083
135 0.996019316855120
136 0.991799169986606
137 0.996989050496761
138 0.992458669926448
139 1.003483196253503
140 1.006670546058670
141 0.988925215028981
142 0.994948813506618
143 0.997484716339456
144 0.985948283558104
145 0.993033437489304
146 1.010740430011721
147 0.990601254164712
148 1.013486331916934
149 1.000610250357367
150 0.981217702506855
151 1.013021589334491
152 1.002070070156497
153 0.990018157780819
154 0.999801654409507
155 0.994645083771263
156 0.986535082095252
157 0.997820883891598
158 0.983404106880103
159 1.002850709364709
160 1.001203175582668
161 1.010988038929041
162 0.991282090470454
163 0.982172922512603
164 0.995923194339622
165 0.982059047261661
166 0.990601050186480
167 0.998815318115693
168 0.989359885224660
169 0.991470759273132
170 0.969722360733683
171 1.002541590932501
172 0.994721259638932
173 0.990724350797233
174 0.995414187708262
175 0.993834254858967
176 1.004573120857665
177 1.000808921347305
178 0.990996164373639
179 0.991634865047923
180 1.020440525214027
181 1.001655433677711
182 1.001676536808642
183 0.988356987462458
184 0.990067713233646
185 0.995125402794476
186 0.996713911145346
187 1.005177308683965
188 0.991260741662078
189 1.003034534076957
190 0.995119874439010
191 0.992972839729497
192 1.011629121128360
193 0.999492431736519
194 1.008846108223844
195 0.993974815089981
196 0.990993875611787
197 0.998946956566245
198 1.007008191146306
199 0.998002903248259
200 0.993276318478803
201 1.003673675952200
202 1.001004922174211
203 0.993978092097046
204 1.004148289079575
205 1.000154677288176
206 1.002070440918482
207 0.998457313601056
208 0.988483754937380
209 0.992153628582174
210 0.990680424556641
211 1.002889290987052
212 1.004975276812849
213 0.993469390807422
214 0.993284179844254
215 1.000755194925349
216 0.995795580998088
217 1.013326794229851
218 1.002812837893527
219 1.003154214683921
220 0.995817802621526
221 1.006355235091816
222 1.000136469167134
223 0.992923941672847
224 1.000135981758956
225 0.990266207147340
226 0.989999952127011
227 1.008481685258260
228 0.998054541115687
229 0.995896067311771
230 0.990143674424157
231 1.011160570756766
232 1.004466460705705
233 0.987537202603596
234 0.994901131883876
235 1.007041072449129
236 1.002483994366093
237 1.002364714831491
238 0.994420795556980
239 0.998952661195581
240 0.998440989726167
241 0.995027799838102
242 0.996871088904006
243 0.998461500193996
244 0.996938110525240
245 1.003391556168047
246 0.997033205885215
247 1.006412330767535
248 0.982490104530571
249 1.000791260157490
250 1.002497949126976
251 0.995812947493396
252 0.988293344569597
253 0.999862946640351
254 0.999815469028081
255 0.851732064719302
