0 4096.000000000000000
1 0.000731646883639
2 0.003165145268201
3 0.007345841072438
4 0.012170127881253
5 0.022734672585320
6 0.026250234639392
7 0.041564298158846
8 0.049020518069665
9 0.066904477612427
10 0.081254640929482
11 0.094822697422910
12 0.117673640123212
13 0.127183828779245
14 0.155447660870314
15 0.167983802178105
16 0.181800387704819
17 0.214646526882907
18 0.235787627871650
19 0.263101544029972
20 0.299918915222217
21 0.314484160574931
22 0.322913396436878
23 0.339891366303325
24 0.384970357051574
25 0.420072959618968
26 0.422195425833993
27 0.462934918472656
28 0.488110034391104
29 0.509801506956910
30 0.539206246327717
31 0.562102185630983
32 0.590790172825422
33 0.610516166742645
34 0.646082772269489
35 0.637645539593079
36 0.656810491842666
37 0.699665560775101
38 0.719558329046549
39 0.774666952927175
40 0.754874581858568
41 0.801466716056765
42 0.792669123500524
43 0.809360083766968
44 0.829201424602481
45 0.868359002950363
46 0.889994369975336
47 0.888504621602472
48 0.897911431096182
49 0.930801643196719
50 0.924592778740884
51 0.947492684875986
52 0.940278639244543
53 0.938110249624033
54 0.921960545522014
55 0.976101862365621
56 0.980859724110642
57 0.972188175123641
58 0.964923271846303
59 1.019090416051328
60 0.983632744358581
61 0.997576799348815
62 0.956160593070576
63 0.987965583368601
64 0.999070218579398
65 0.977076410152029
66 1.012365947271288
67 1.001767278199397
68 0.992077608217549
69 0.968468436727701
70 0.991333622482943
71 0.992934227006493
72 0.983784232144135
73 0.971652530772642
74 0.999659200514984
75 0.987961279891448
76 1.017187827620886
77 0.998687022313582
78 0.995257165191656
79 0.976505217491078
80 1.004236483326514
81 0.956957264917995
82 0.991763082905715
83 0.998539930017839
84 0.988315854562441
85 0.977652196718021
86 0.988348405829943
87 0.981727450610716
88 0.974411763470759
89 0.977886702192346
90 0.986149904579192
91 0.966565669759040
92 0.974435102398174
93 1.025026809123312
94 0.999804544946348
95 0.992303318643960
96 0.984059705143828
97 0.972261753686266
98 0.977718579921124
99 0.990175659714002
100 1.016627693380269
101 0.974316748128085
102 0.971297954141535
103 0.977749705904913
104 0.959828533682071
105 1.008381891708130
106 0.989930491441632
107 0.979484507488776
108 0.984900919154469
109 0.975588201152102
110 1.008813110024056
111 0.995729944358132
112 0.990293978375652
113 0.992976438782407
114 1.001958255093824
115 0.986530775123009
116 0.994563931141655
117 0.994451018643333
118 0.991675580374459
119 0.973510653521700
120 0.991970957161702
121 0.986068210327753
122 1.020063368560959
123 0.967933747275857
124 1.002002486388500
125 0.997011114009995
126 1.006784072107863
127 0.998005402602848
128 0.997534158039997
129 0.987045292887247
130 1.009872370414385
131 1.001004776121275
132 1.001952559481433
133 1.005642041510823
134 0.991667369530532
135 1.002658000970956
136 0.979566490775528
137 1.002422496055579
138 0.990870915128759
139 1.002006767980453
140 1.010090740158771
141 0.997892673408347
142 0.996729249207403
143 1.004586780736445
144 0.991943874802620
145 0.999839822372899
146 1.008573866680261
147 0.994228305234822
148 1.018279427016084
149 0.993081474483358
150 0.976816675227476
151 1.019155550659628
152 0.997722473052238
153 0.990167675885492
154 1.006201998778310
155 1.004161045270388
156 0.985380718257142
157 0.995621946830579
158 0.979400636787202
159 0.999154718128451
160 0.990772290406006
161 1.017282949237288
162 0.997925856163141
163 0.980519070247302
164 0.988489127660742
165 0.977826230603633
166 0.995874536491152
167 0.986710824592131
168 0.990111561909326
169 0.989728143141592
170 0.969443457700550
171 0.998957736032682
172 0.997676397172678
173 0.995540878323687
174 0.988799930560095
175 1.007026160082311
176 0.993309368220425
177 0.999904731689399
178 0.995208336885742
179 0.987030974734080
180 1.014210956424753
181 1.002127956293225
182 1.005292372330892
183 0.988639372994886
184 0.985409871275054
185 0.993480460231742
186 0.995417881001858
187 0.997524846988603
188 0.987669344969757
189 1.011412607296154
190 0.994754045182046
191 0.993373699480853
192 1.008598998748228
193 1.012258309037043
194 1.008160091114353
195 0.999891633227174
196 1.002458440219765
197 1.001566484289264
198 1.006564505879284
199 0.999839750293482
200 0.983082345817414
201 1.013341797775888
202 0.994803048966072
203 0.993193638733081
204 0.996031907755254
205 1.002725244798258
206 0.998351492815077
207 0.989698086087947
208 0.993784573436287
209 1.004918601897432
210 0.993145412588920
211 1.009042770574043
212 1.006197873118853
213 0.999219150877811
214 0.987902279512170
215 0.997724867795895
216 0.993907500108718
217 1.011341327877304
218 1.008145074046484
219 1.000917958815259
220 0.995119899357750
221 1.010052053274998
222 1.005245781370813
223 0.995314733205613
224 1.004098726400400
225 0.993162348710212
226 0.988035864236937
227 1.005172843062276
228 0.988995113590973
229 0.985242377929851
230 0.995058356356812
231 1.001384900384698
232 1.008811890232947
233 0.980337917407117
234 0.999538946399422
235 1.002911474322458
236 1.006622943033061
237 1.008577498979705
238 0.988711125433960
239 0.994247184062463
240 0.987661846209115
241 0.990482526752267
242 1.003902421414786
243 1.003656038238224
244 0.991459034731151
245 1.007196272362135
246 0.991401085526299
247 0.999259782276386
248 0.984476137770363
249 0.995455102398137
250 1.006497503104634
251 0.986215625703525
252 0.995275167195458
253 1.000531073819811
254 0.990263400133653
255 0.842909590449118
