0 4096.000000000000000
1 0.000798909807572
2 0.003593189963243
3 0.007495355620935
4 0.012253492458638
5 0.020663720528020
6 0.028104889274171
7 0.039362048261324
8 0.051740163856910
9 0.063940511229361
10 0.079011709247210
11 0.093537937121230
12 0.109785833612152
13 0.131108199029515
14 0.148620645935344
15 0.167865297822094
16 0.186848302853351
17 0.210803682000178
18 0.235967845344867
19 0.259556668165436
20 0.281543894611179
21 0.307169694971933
22 0.333139731614208
23 0.353927625225991
24 0.383883751454649
25 0.410050976115283
26 0.435702676865107
27 0.459092411973849
28 0.486196037478431
29 0.513109590888637
30 0.535585348735186
31 0.562216115471184
32 0.587201502507616
33 0.609177881983352
34 0.634533194844567
35 0.660760022975388
36 0.683541536802796
37 0.705497443732412
38 0.726366122211606
39 0.745511314336415
40 0.764932397137289
41 0.782368195973381
42 0.802199197297200
43 0.819365874684706
44 0.839240679967635
45 0.850698529044325
46 0.864005219943643
47 0.879500495114415
48 0.892324663459952
49 0.904923267122662
50 0.913267787577252
51 0.927563420191757
52 0.934498105300609
53 0.944944347474993
54 0.948040311977238
55 0.960656425672632
56 0.964700251932209
57 0.974694830782532
58 0.981479421246213
59 0.982002505379069
60 0.981635239139420
61 0.987312610756826
62 0.989249421209406
63 0.996084606185266
64 0.994322237201451
65 0.993558576040231
66 0.996036439063318
67 0.998595255364714
68 0.997708011329841
69 1.000334466695880
70 0.997997943960503
71 0.997497386571615
72 0.996062151760241
73 0.993369505903335
74 0.992670858968912
75 0.992927301306275
76 0.989684163635480
77 0.990476887546856
78 0.985038143990023
79 0.988417880023777
80 0.989069253128268
81 0.983955542126718
82 0.985527722885772
83 0.977813976477361
84 0.983863944538022
85 0.980093227464313
86 0.980100827883987
87 0.977350251798525
88 0.976391862882706
89 0.984838359526356
90 0.978297067177857
91 0.979290007392429
92 0.977703013833374
93 0.978298406714195
94 0.976445937107271
95 0.980557683347993
96 0.976414030581805
97 0.978443373225843
98 0.978768275617733
99 0.982245730745905
100 0.982461026335359
101 0.979742898743058
102 0.982505155452188
103 0.985053234501436
104 0.985504402244678
105 0.985294413548095
106 0.986999694252470
107 0.986567876920823
108 0.985248923682992
109 0.990541289220451
110 0.991534989685428
111 0.992749281445520
112 0.992381796819043
113 0.989759719248525
114 0.993206682334767
115 0.995215479720188
116 0.996771007742884
117 0.995448340533653
118 0.997287397652579
119 0.997705787605908
120 0.997390089612544
121 0.998006576860235
122 0.998415127344217
123 0.996118949684561
124 0.998465214325943
125 0.998586780872124
126 1.000891544090382
127 0.996532101325790
128 1.000196230759548
129 0.997464577764073
130 0.997025768397820
131 0.998587966371139
132 1.000628612405731
133 1.001766434390994
134 1.000545763211437
135 0.999196259360257
136 1.002117437930071
137 0.996490097909896
138 0.997984649034110
139 1.001178962911760
140 0.998845808225672
141 0.996462980503520
142 0.998444151700720
143 0.998915544875413
144 0.993979417192884
145 0.998121517437906
146 0.995658468856306
147 0.997873970561189
148 0.997941439915900
149 0.993616236183686
150 0.996878099976388
151 0.994754676151001
152 0.995723401514878
153 0.994681388760041
154 0.995473863174674
155 0.993253387629699
156 0.993768458765323
157 0.993019746023212
158 0.994688584168258
159 0.995998563371147
160 0.995459438633276
161 0.996494480660586
162 0.994023867329610
163 0.995461675576360
164 0.998107044918240
165 0.995098901020449
166 0.995712749204654
167 0.995364050475607
168 0.995120733712790
169 0.996755580569285
170 0.995898574571315
171 0.996273778676306
172 0.994560136156025
173 0.996135130060332
174 0.996091144955497
175 0.996381587888173
176 0.997182533371038
177 0.999237045743056
178 0.999495821062624
179 0.999869721597667
180 0.998673582724440
181 1.000478379225880
182 0.998014632412325
183 1.000174797305595
184 1.000277002312884
185 0.998387458731895
186 0.999267591412654
187 0.997290072412444
188 0.999570213609190
189 0.998572101189201
190 1.000032638394919
191 0.998933261956503
192 0.998582603598106
193 0.998859181061005
194 1.000982981801215
195 1.000392175103667
196 1.000260765688233
197 1.000762434336824
198 0.998590654279454
199 1.000575428048023
200 0.999114107502316
201 1.000149127665139
202 0.998289779535221
203 1.000422275594417
204 0.999319949903853
205 1.002102868168713
206 0.996709393813224
207 0.997256862695629
208 0.999052084277539
209 0.999119365599706
210 0.997836590624745
211 0.997996171584005
212 0.997860942642795
213 0.995944685001351
214 1.000097334537243
215 0.999059640288450
216 0.997487809720776
217 0.998311152876809
218 0.999335306541795
219 0.996208012441555
220 0.998181972347352
221 0.995486677365798
222 0.995792458812768
223 0.996856917677336
224 0.997413754500522
225 0.995137692728950
226 0.998230316246304
227 0.997238391737672
228 0.996713381726033
229 0.996879212782340
230 0.996985434911045
231 1.000164650281996
232 0.997603638462487
233 0.998216537773097
234 0.998305370869953
235 0.997236072464623
236 0.995211657941208
237 0.996500069643805
238 0.996916529212974
239 0.997923870810458
240 0.996512681778569
241 0.999703751928770
242 0.997927279888405
243 0.998355268052611
244 1.000471495523655
245 1.000195672304104
246 0.999102135475932
247 0.998897763190787
248 1.002271444883818
249 1.001409188427686
250 0.999919359838699
251 0.996021907499213
252 0.998795232605116
253 1.000475718252858
254 1.000774626450972
255 0.876846965036188
