0 4096.000000000000000
1 0.000943314250412
2 0.002941933756642
3 0.007689032458293
4 0.011526085483441
5 0.021875709208762
6 0.025212402335455
7 0.044846899807908
8 0.047993982551582
9 0.067809069663235
10 0.079722238121287
11 0.092671146471548
12 0.118352220213783
13 0.121802322195483
14 0.159010992660081
15 0.166482994284039
16 0.177943251888610
17 0.216315131377256
18 0.229614663570537
19 0.255862206383996
20 0.305248089498969
21 0.319541768606521
22 0.321457519497584
23 0.345053100336892
24 0.357033977300039
25 0.414392854944474
26 0.433486490677563
27 0.457288384402920
28 0.471427067553789
29 0.527882938010225
30 0.536936900142934
31 0.548689714737198
32 0.594126512254879
33 0.602854705637974
34 0.631945812335113
35 0.613577178996862
36 0.663649265400831
37 0.683307828901722
38 0.706493844027410
39 0.758458520439308
40 0.759354862538798
41 0.802585678847904
42 0.819606650902388
43 0.809443471542125
44 0.831258678656688
45 0.868869657302902
46 0.907292775988404
47 0.890612710328817
48 0.900922480033702
49 0.951436426225642
50 0.925864122704193
51 0.939910654106534
52 0.958214519652523
53 0.937586419212194
54 0.912724339027055
55 0.958025101548233
56 0.933164842666055
57 0.968162043896866
58 0.959879198681229
59 1.043532909694042
60 0.969024127603886
61 0.994095268016324
62 0.946757137968784
63 0.970397466431094
64 0.981844359811395
65 0.992608451310892
66 1.035615270341044
67 0.989244112188523
68 0.988120149311648
69 0.991412381417103
70 0.985808807488788
71 1.004850759301485
72 0.978748956287089
73 0.963825186103839
74 1.011450918613816
75 0.961831451365759
76 1.036858365097456
77 0.997522901532857
78 1.009308983157554
79 0.978140160379242
80 0.989958586825524
81 0.948062515645660
82 0.983535431602058
83 1.004622899793674
84 0.977742595017257
85 0.968682660427028
86 1.005922137808530
87 0.989279567766419
88 0.990772609363983
89 0.989662826730020
90 0.955115411683361
91 0.970554026531165
92 0.961814639072520
93 1.030414320773807
94 1.006829814800279
95 0.994634854965622
96 0.971819558480412
97 0.966252668477415
98 0.998555244938895
99 0.990740772805551
100 1.005046452236513
101 0.965415728761802
102 0.984610763897231
103 0.963327418296736
104 0.972753280918698
105 1.014642282603339
106 0.964535660859700
107 0.968354921724117
108 0.988724608474315
109 0.967967177597108
110 1.003233412510660
111 0.988468685067572
112 1.000798408698110
113 1.002246144039657
114 1.003149868336418
115 0.978368862263233
116 1.001886160703613
117 0.986245619741934
118 0.999308828845529
119 0.958626009786845
120 0.983769337272493
121 0.986989205547213
122 1.016154885311978
123 0.958096675789927
124 1.029179104448014
125 0.992550890055058
126 1.002644246249068
127 0.995695139413437
128 1.009724276501990
129 0.981078460509209
130 1.006084033590718
131 0.997643826873580
132 1.027974351770932
133 1.002901619761080
134 0.980615867649321
135 0.990171048818837
136 1.003034327489455
137 1.004275493859674
138 0.995040952821467
139 1.011052515043251
140 1.008621510202181
141 1.004584379765947
142 0.997181521707193
143 1.008341950911882
144 0.994827894091110
145 1.008008746850835
146 1.012263722703120
147 1.005459608344647
148 1.008250709412297
149 0.995555492724241
150 0.974838201547254
151 1.026036424602410
152 1.004438023770664
153 0.993974327780133
154 1.006949977461715
155 1.016095332840460
156 0.996020238466447
157 0.995106612378931
158 0.988477180993557
159 0.994141657288967
160 0.991648788912642
161 1.016418853456597
162 0.997719926035814
163 0.976418242821200
164 1.001686980878517
165 0.970585465744194
166 0.987855000797141
167 0.997529432761009
168 0.996186833208141
169 1.002110248469742
170 0.973501058309823
171 0.996416632608081
172 0.984336377727045
173 1.004291912677467
174 0.978381449190531
175 0.990845199958254
176 0.975456704980509
177 0.991044173654502
178 1.006366479994315
179 0.986614207248269
180 1.005984886159223
181 1.000567690358980
182 1.015703510100856
183 0.985093046047232
184 0.991714805701685
185 1.003791803119078
186 0.988900801821805
187 0.995363676857078
188 1.003781133962401
189 1.020854432213257
190 1.016140733968846
191 0.985695375823485
192 1.000008373848099
193 1.011419736227552
194 0.997695531219729
195 1.007529275334201
196 1.002867808300462
197 0.991709277290900
198 1.006231164918747
199 0.996919089563517
200 0.976096223175816
201 1.015847279228348
202 0.992515447686168
203 0.997951669416705
204 1.002127406091064
205 1.002092825140894
206 1.007849740711956
207 0.982805103738156
208 0.986807766224425
209 1.005022571274563
210 0.979662503609861
211 1.009658866792884
212 1.004079974059559
213 0.997712585212156
214 1.000832790397610
215 0.982039742999370
216 1.000113455892359
217 1.013122578665191
218 1.007969672814208
219 1.009477976852005
220 0.994490154359859
221 1.005212164906682
222 0.999779346725656
223 1.011784507455310
224 1.002227800311803
225 0.990692453400598
226 0.989122603812997
227 1.012428969868399
228 0.978578908266953
229 0.981909709489922
230 0.988116081145055
231 1.004966098899257
232 0.999365673593193
233 0.977298136788931
234 0.989592917382940
235 0.997220767822364
236 1.006356520363033
237 1.013134010752570
238 0.998326995415399
239 1.000938539175035
240 1.002169128006309
241 0.992278232036084
242 1.003719390374309
243 1.005874193011093
244 1.001574726830035
245 1.001489196316847
246 0.997195319283675
247 1.004202448355007
248 0.981934634238158
249 0.999947487655516
250 1.001067774767446
251 0.979941504698650
252 0.991455506630988
253 0.994992301317326
254 0.992439265235841
255 0.833765323694792
