0 4096.000000000000000
1 0.000751928317061
2 0.003424863711562
3 0.007254360829784
4 0.011922703284855
5 0.020567936608851
6 0.026515023894325
7 0.040979458089823
8 0.050658295446172
9 0.068301577692958
10 0.082124102851883
11 0.093041287205313
12 0.112926728093471
13 0.126804156072067
14 0.152516314125976
15 0.168331836972288
16 0.184737224807414
17 0.212566773364613
18 0.242146086636306
19 0.265687968574712
20 0.295960398694187
21 0.311688782058151
22 0.329142505290742
23 0.347660322164863
24 0.375128123741357
25 0.412268300031506
26 0.426588930865239
27 0.461525634706513
28 0.485976968374208
29 0.507724646683179
30 0.540285292549159
31 0.561887358609574
32 0.599050627690689
33 0.620736679385120
34 0.636114394777024
35 0.643452376629480
36 0.664190814661847
37 0.712691087447584
38 0.712682511552407
39 0.760388437250954
40 0.755222426202371
41 0.794083559343220
42 0.788620855339427
43 0.815685707478428
44 0.825111209659662
45 0.861583137757788
46 0.884151858411773
47 0.878751051522922
48 0.897996692079222
49 0.919645525235401
50 0.914543087851099
51 0.929727308970503
52 0.948924549924086
53 0.937549406403565
54 0.924328573333655
55 0.980352617380905
56 0.962387102293038
57 0.962095624066675
58 0.952246178620983
59 0.994455242394795
60 0.988425871587363
61 0.998350799876092
62 0.973679693237912
63 0.978854899123607
64 1.000852314564775
65 0.982394428751896
66 0.997824087407897
67 1.005302799048672
68 1.002652135618047
69 0.973611725143095
70 1.000356672295559
71 0.994680309024080
72 0.983135539526174
73 0.985000124605151
74 1.005359585252241
75 1.002545073099056
76 0.997722055648853
77 1.003257773658189
78 0.997067466458099
79 0.979144731127512
80 1.004427275558645
81 0.972496178700275
82 0.996905558430290
83 0.990529875328007
84 0.991385633136112
85 0.993255124213703
86 0.983158432769578
87 0.977974721311676
88 0.971506846556358
89 0.983164539105152
90 0.981830913761689
91 0.972645595429698
92 0.979072404872646
93 0.996802937219893
94 0.987362433595685
95 0.986058234482170
96 0.979514335043291
97 0.963381613891569
98 0.983579516813994
99 0.985341986160893
100 1.002019862137056
101 0.981007064647074
102 0.963477188812628
103 0.969665588926049
104 0.976574888190104
105 0.993721756719597
106 0.985555964709651
107 0.984106519086175
108 0.985371556198459
109 0.986980679098725
110 1.002281009672333
111 0.997244325871144
112 1.003489833797235
113 0.996168511210860
114 0.998005596276224
115 1.001485230202290
116 0.989692200336040
117 0.996587283257315
118 0.991097060357485
119 0.983440525180908
120 0.994593626297117
121 0.978543117253162
122 1.001540388825454
123 0.988793607801832
124 1.002458396049288
125 1.000007667363054
126 1.004288206206642
127 0.986322933533979
128 0.993883715687350
129 0.990292622948646
130 1.010075607002461
131 1.003515519967311
132 0.992673630908346
133 1.009262484405976
134 0.998756765091606
135 0.997409126458340
136 0.989101426437496
137 1.002100908187517
138 0.992321679234677
139 0.995035315681165
140 1.006320166293262
141 0.988406235758083
142 0.996396191911778
143 0.993841788304791
144 0.992983919958923
145 0.993312221775776
146 1.005320366792992
147 0.996819957652222
148 1.011527757956729
149 0.999911362426698
150 0.983232348805414
151 1.008926657951529
152 1.000233633462175
153 0.998165113314857
154 1.000598762163532
155 0.998555948870399
156 0.991762577362746
157 0.989882498399544
158 0.983450976997918
159 1.001233591408656
160 0.999827016587628
161 1.003534958293444
162 0.989869420040349
163 0.986745746593555
164 0.998851327210063
165 0.988821532728999
166 0.987194564729112
167 0.996084821305150
168 0.998168163528787
169 0.985985310616909
170 0.975319086028697
171 0.997096326148030
172 0.992531149177669
173 0.992931423561743
174 0.990928695107516
175 0.996633474800213
176 1.003117343393833
177 1.001660477052333
178 0.992211511748014
179 0.989487644995251
180 1.015242143869219
181 1.001858632383944
182 0.999412531594317
183 0.991675147607709
184 0.993008033173373
185 0.995968441735289
186 0.993345763985041
187 1.006488322737064
188 0.998491814863865
189 1.006774508480278
190 0.995657341244870
191 1.001155582862308
192 1.007371851611211
193 0.999039885398816
194 1.011073569003586
195 0.992085924882074
196 0.994274980701828
197 0.997492518019415
198 1.010642015913424
199 0.998098568722777
200 0.992192099079008
201 1.002778653271056
202 1.001333204376512
203 1.002542152277939
204 1.002278250556433
205 0.995301037016124
206 0.999290517347365
207 0.997528354794311
208 0.990200008383169
209 0.996495538916080
210 0.993517470037922
211 1.000084174118588
212 1.002708300822984
213 0.995324301313302
214 1.001647299191688
215 1.002882983962393
216 0.994205235025913
217 1.006336757961384
218 1.002694132468570
219 0.999010824148592
220 0.998150163780688
221 1.007305395305268
222 0.998829464038121
223 0.991794264992765
224 1.001189352981394
225 0.989498635620600
226 0.995184168327974
227 1.010658731414232
228 0.998719848854071
229 0.999708574797188
230 0.989880790309489
231 1.006687473843077
232 1.000508874172385
233 0.986033179165091
234 0.995446276919112
235 1.007906349169789
236 1.004696935452812
237 1.000671081886437
238 0.996935302782121
239 1.001435529496764
240 0.997062898499129
241 0.995970109667207
242 0.997260950734253
243 1.003149769224426
244 0.997370577946461
245 1.003244846928873
246 0.999919996923743
247 1.005089034513179
248 0.983000148249594
249 0.996729383966146
250 0.999054028375232
251 0.998329284530563
252 0.985519023174893
253 1.003602488157505
254 0.998423614797598
255 0.868244162629688
