0 4096.000000000000000
1 0.000806497031960
2 0.003594300470191
3 0.006881612474486
4 0.011809833782394
5 0.020114768913342
6 0.027118681995305
7 0.039461233311028
8 0.051461380627509
9 0.067445044794278
10 0.081591010886184
11 0.092598470671742
12 0.110560027598770
13 0.126457210166079
14 0.152840518474825
15 0.169617241822368
16 0.186061064333318
17 0.212221670421200
18 0.239789334264784
19 0.262497978443820
20 0.288848960372959
21 0.307291571035195
22 0.334881799597435
23 0.351551745272113
24 0.379015690247733
25 0.406588992041123
26 0.432566014984565
27 0.455837620514175
28 0.482830287049530
29 0.510835395906139
30 0.539575596976702
31 0.563000364083956
32 0.593494381847504
33 0.616577898662458
34 0.638395728733134
35 0.649913669223619
36 0.668573787842795
37 0.700237767952059
38 0.723284276820258
39 0.751701088632218
40 0.760585339216658
41 0.791312404738269
42 0.787324860359009
43 0.830372550516471
44 0.832082549437145
45 0.866304207980366
46 0.882720924938297
47 0.874054710325878
48 0.884886710647791
49 0.902334991403846
50 0.917519594349041
51 0.926968756686436
52 0.945986594160850
53 0.936795009849246
54 0.940911809980727
55 0.963958893217259
56 0.962163798616679
57 0.968724489171324
58 0.959763883498473
59 0.985746490342535
60 0.981952340495092
61 0.990254321628257
62 0.989832617853972
63 0.983077666080406
64 0.997917547460917
65 0.994787141412110
66 0.998214734860123
67 1.009016810736597
68 1.000079892209921
69 0.975936244940802
70 1.007802989486500
71 0.997917661059233
72 0.987137847922211
73 0.987920420573324
74 0.997606753084698
75 0.991579444477021
76 0.992517513838141
77 1.003001985744308
78 0.994945956809290
79 0.985192132179244
80 0.994293011366758
81 0.978773048656553
82 0.987027185663806
83 0.978682743658189
84 0.985038594009789
85 0.982614303850286
86 0.988638498494463
87 0.978249504304417
88 0.967163821833202
89 0.984474954852702
90 0.990685983883969
91 0.972984427737489
92 0.988860252353346
93 0.989422645147825
94 0.986692021446353
95 0.987459050501235
96 0.975415364733465
97 0.969721833982785
98 0.979413441907606
99 0.987579613309934
100 0.993033331138119
101 0.987412443969440
102 0.974088251232888
103 0.981039782771229
104 0.978744713659532
105 0.997696662035947
106 0.985179992015512
107 0.993330731033907
108 0.987182542250549
109 0.989979792871707
110 1.000784454310303
111 0.998433983550700
112 1.000397105312571
113 0.992537923548880
114 0.995200736507143
115 0.994195959879840
116 0.988742066057454
117 0.995182067150428
118 0.999120276112238
119 0.986570351218380
120 0.991083731041644
121 0.988643474217849
122 0.998161238394696
123 0.993268249896440
124 0.996292638881541
125 0.998241651857841
126 0.998345140668717
127 0.996257291036725
128 0.994877635618999
129 0.995043250790697
130 1.004814500000759
131 1.005137213186957
132 0.999879172036074
133 1.008087196464012
134 0.997720851452255
135 0.995467225829371
136 0.994492812044737
137 1.000424529328977
138 0.984367067130845
139 0.997855307296371
140 1.000245403660007
141 0.989712571670991
142 0.990973550484857
143 0.996104386420158
144 0.990883860226088
145 0.997555253654581
146 1.005200439192448
147 0.992546227120410
148 1.013487518826134
149 1.001606886478180
150 0.986461404488236
151 0.998876674604132
152 0.993444019055024
153 0.997765188176445
154 1.001715586114363
155 0.999050164782786
156 0.992661640694312
157 0.994381179424715
158 0.982579258396746
159 0.992549608951686
160 0.995769832701637
161 0.999200737650233
162 0.991143850416717
163 0.989919699318487
164 0.997981600260047
165 0.988422182375893
166 0.988900956740126
167 0.990681299387445
168 0.997423538065659
169 0.987853767933271
170 0.979312564958989
171 1.001899880534619
172 0.996058905814664
173 0.990883079737582
174 0.988872907565187
175 0.997673087132919
176 1.001522943247888
177 1.002974737374174
178 0.995443577631792
179 0.994826915190483
180 1.010649125469520
181 0.999352734896195
182 1.000453734928825
183 0.997516805524404
184 0.992027668792987
185 1.000153712693150
186 0.998046933522549
187 1.000562934343098
188 0.990622432878762
189 0.998236980585449
190 1.003130184788450
191 0.999516584869559
192 1.004272502558970
193 1.003536894093775
194 1.003535957939794
195 0.998959095907969
196 0.994558541483539
197 0.996385288381525
198 1.004119991387479
199 0.997105477687606
200 1.001151207538014
201 1.005720676372070
202 1.001537724038249
203 0.999682126585804
204 1.001425266200207
205 0.993985090091140
206 0.998313955084325
207 0.996611351557522
208 0.989996582696724
209 1.002688255675065
210 0.999807879710135
211 0.995908038548578
212 1.007310746141868
213 1.000322386863991
214 0.996471672128621
215 0.999880633284233
216 0.997857094904074
217 1.000218471032196
218 0.999696582061304
219 1.001701523224211
220 1.000208330413656
221 1.001161292498024
222 1.001933190765511
223 0.994783256855436
224 0.997861066963760
225 0.998677711190369
226 0.997168133770334
227 1.005194916219069
228 0.990748727839646
229 0.997206310678580
230 0.992579700785776
231 1.002314262879986
232 0.998415957366038
233 0.996640421563623
234 0.997279491009216
235 1.007143083953992
236 1.004927239640329
237 0.999489594930867
238 1.001060904732791
239 0.999870929082453
240 0.997738958232115
241 0.998965036633235
242 0.993926824841328
243 1.003756961045537
244 1.001535845721286
245 0.996217906668709
246 0.998431228829029
247 1.000619630545581
248 0.985817378466846
249 0.998592196912215
250 0.997265727579607
251 0.999573879326491
252 0.989602368570461
253 0.998566005876592
254 1.001385104696556
255 0.869549909312939
