0 4096.000000000000000
1 0.000758192099993
2 0.003504233668726
3 0.007180257421971
4 0.011633711435876
5 0.020163824800032
6 0.026793984356532
7 0.040623501208304
8 0.051345066560770
9 0.066881380798147
10 0.082031423355228
11 0.092474718871451
12 0.112563572342755
13 0.127452339767817
14 0.154680117925512
15 0.168462561924645
16 0.183953292785181
17 0.211528967573402
18 0.241217073125973
19 0.263500513447507
20 0.291941903206557
21 0.308450968785804
22 0.334984917730043
23 0.348768399187114
24 0.377798356966611
25 0.407930663983203
26 0.429056044254181
27 0.455806715916901
28 0.479583007301432
29 0.510235130150964
30 0.540202754897761
31 0.560971144490524
32 0.602355711447454
33 0.620551694242549
34 0.632650132268803
35 0.648725688078255
36 0.664596482917403
37 0.706555322705505
38 0.715565207527261
39 0.764473402935883
40 0.762670481485584
41 0.793749567900420
42 0.777359701787517
43 0.824691309970284
44 0.836361829400560
45 0.865370687381379
46 0.880682633561071
47 0.876190538071461
48 0.893214075473587
49 0.911275128054997
50 0.921461392442599
51 0.924261546064048
52 0.945008899827378
53 0.936631056286378
54 0.928457582817789
55 0.966703684601825
56 0.963546603937968
57 0.969680241941726
58 0.958559137058002
59 0.992604660220882
60 0.982855274553897
61 0.996019058214890
62 0.984709551616540
63 0.974841566603854
64 1.002963397574461
65 0.985941418668042
66 0.996341409189786
67 1.010052519424368
68 0.999369558214619
69 0.971529485641849
70 1.004507859619702
71 0.995523535672264
72 0.981901431609143
73 0.987604182712771
74 0.999389578623281
75 1.001828408740799
76 0.993880266232469
77 1.001169380868616
78 0.998793046181577
79 0.980080312745906
80 0.998829287843787
81 0.978045970874256
82 0.994378231429965
83 0.982960040367927
84 0.984337086837023
85 0.989642785946250
86 0.991334224784684
87 0.978638648708042
88 0.966529196365457
89 0.982591716859484
90 0.987256677568924
91 0.976152050852618
92 0.988710216897482
93 0.993193051153212
94 0.988027818642305
95 0.982532547369972
96 0.973851271457455
97 0.965504075170840
98 0.983948810518969
99 0.991796789550569
100 0.996647676328753
101 0.986565666572450
102 0.968775230985866
103 0.975430352302263
104 0.977151849273561
105 0.992248565855617
106 0.983452754621416
107 0.988168272796904
108 0.985370732431992
109 0.985337969974724
110 1.004086360046540
111 0.997509193108010
112 1.002197152926209
113 0.993546999718165
114 0.994131247395483
115 0.996658163042444
116 0.994081779812168
117 0.996121763132409
118 0.994169237131766
119 0.987236475850927
120 0.986514145868635
121 0.983014902023602
122 1.001852203100881
123 0.991202089626324
124 1.000150616723866
125 1.000622479302819
126 1.002883637969088
127 0.992543528261785
128 0.993248900585301
129 0.991794142229941
130 1.004725099912815
131 1.001553438465793
132 1.000928593885549
133 1.011924602074360
134 0.999495705512545
135 0.997760299247236
136 0.995366868527945
137 0.999024130182588
138 0.987923438812541
139 0.996330970965514
140 1.004342221231393
141 0.990726360284665
142 0.997205232073367
143 0.993853031977912
144 0.989983374575459
145 0.996069269257251
146 1.006757227805189
147 0.993551738887860
148 1.010869375437267
149 0.997123268337629
150 0.982126668213642
151 1.005039786322265
152 0.998865802011671
153 0.996361525533009
154 1.004723954439700
155 1.000041789647135
156 0.991897532883552
157 0.990170887894294
158 0.981567614280782
159 1.000107803424835
160 0.998788866972311
161 0.994193932103519
162 0.990228094843123
163 0.992436629115313
164 0.997788550773921
165 0.986765863399299
166 0.983406800252962
167 0.992719929798070
168 1.000070918603474
169 0.987942128486611
170 0.981157764891620
171 1.001409909351574
172 0.995033700029088
173 0.991804319926978
174 0.991554398817243
175 0.995180502417656
176 1.002931847120793
177 1.000999675836648
178 0.994238052442609
179 0.993385990840147
180 1.013264358389740
181 1.000975851719482
182 0.999026182655388
183 0.995255162970715
184 0.993414505372983
185 0.996865864171793
186 0.995554587400794
187 1.000150174072282
188 0.996958528640875
189 1.000136923252138
190 0.998480327251081
191 0.998330510598340
192 1.008443278417410
193 0.999725348091219
194 1.009732979494305
195 0.995108002711059
196 0.994240133642401
197 0.994406195845767
198 1.009901478518826
199 0.995906007080492
200 0.994754147509332
201 1.002500846712072
202 1.006138371700438
203 1.001012782598175
204 1.001567348367464
205 0.994018881764086
206 1.004606657478033
207 0.995812328330250
208 0.987620023733885
209 0.996809791821208
210 0.997129053473385
211 1.001131293475230
212 1.004692154516989
213 0.996501632845257
214 1.000585228359743
215 1.002779303181931
216 0.993936791919234
217 1.006179496314303
218 0.999524725175783
219 1.001193592268325
220 0.998035686901108
221 1.000859291611022
222 0.999551581137589
223 0.991399418786477
224 0.999900924139804
225 0.996943431615267
226 0.995711983161925
227 1.010433786554883
228 0.991321028449361
229 0.994457670520824
230 0.995542197233917
231 1.004943990225506
232 0.999649720261965
233 0.993030314397576
234 0.995505356361878
235 1.005159843383679
236 1.005039073079722
237 1.000687544390546
238 1.000046363432318
239 1.003526421193740
240 0.994163478222824
241 0.999014612545729
242 0.994765000541781
243 1.006996651094866
244 1.000384301460151
245 1.000396138953857
246 0.993853701384455
247 1.008486117826567
248 0.983357415747500
249 0.999067263818431
250 0.996924401398817
251 0.998784530851711
252 0.989911342050027
253 0.998820195584635
254 1.000259916421930
255 0.867357707537901
