0 4096.000000000000000
1 0.000782783862761
2 0.003430900749946
3 0.007045337632612
4 0.011743523377699
5 0.020149647460901
6 0.026623034521565
7 0.040018676256113
8 0.051821575977267
9 0.067507784760491
10 0.081950961010889
11 0.093348736824917
12 0.111146355207811
13 0.126845759025992
14 0.153156360158517
15 0.170001309455106
16 0.184711030991098
17 0.212422117679411
18 0.240426713536132
19 0.262343433002291
20 0.288810662793613
21 0.306881816570825
22 0.332898504686646
23 0.348477149405292
24 0.380632404633826
25 0.411094493507335
26 0.434050601662701
27 0.457077484371968
28 0.478695945622253
29 0.512533719892730
30 0.542650171319448
31 0.558818351048112
32 0.600031454511952
33 0.613031408804940
34 0.638449160223284
35 0.649323798898023
36 0.667620698940731
37 0.702921224444601
38 0.722614297946848
39 0.756129413062656
40 0.762101080393995
41 0.790489721478524
42 0.783614646941861
43 0.822806042470545
44 0.834298099358576
45 0.865636143492382
46 0.883996824955386
47 0.872743840465045
48 0.886662456995325
49 0.905319280319411
50 0.917203022275023
51 0.924315889321594
52 0.950103842547578
53 0.935474325630209
54 0.936181053595557
55 0.963371961077488
56 0.962385911543467
57 0.965480903948920
58 0.958724275418553
59 0.990602037997060
60 0.984781077264162
61 0.989343199457868
62 0.988231908681610
63 0.977891633500540
64 0.998437992900020
65 0.992925175675805
66 0.998698812094557
67 1.009058168120875
68 1.001134203179677
69 0.976201123140929
70 1.008542482705465
71 0.993176803715036
72 0.984291344956788
73 0.985970952738476
74 0.998373791965697
75 0.993519701864633
76 0.992660689989941
77 1.008065014224966
78 0.995219085730773
79 0.981146135119660
80 0.993675614469528
81 0.974757826798936
82 0.991806726055447
83 0.983534428356296
84 0.989527418674718
85 0.985949454669481
86 0.987954900159569
87 0.976339826429316
88 0.967171621285012
89 0.986748124261915
90 0.988936816145258
91 0.974295601754749
92 0.987784281255960
93 0.990315691784304
94 0.989605839895667
95 0.987839225337485
96 0.973849556605012
97 0.969345844443359
98 0.980248286496383
99 0.990871298840237
100 0.990912153688756
101 0.988448641499570
102 0.970753824382489
103 0.978676846833039
104 0.977279053888935
105 0.995399481515671
106 0.983749404767870
107 0.992513371727780
108 0.982417672143389
109 0.987987468102191
110 1.002280603224932
111 1.001408943529929
112 1.003722727080742
113 0.992282962810679
114 0.993406757631066
115 0.992103074372595
116 0.991877076913752
117 0.992844978943815
118 0.995668744371363
119 0.985151570593244
120 0.991118319709474
121 0.986565567558820
122 0.999240817576660
123 0.990813062945274
124 0.995874760143975
125 1.001308634508796
126 1.001974349184982
127 0.991065794259129
128 0.988725662932345
129 0.995891599817610
130 1.007815446529622
131 1.003829513927007
132 0.999451704763673
133 1.008208162826839
134 1.001394775114958
135 0.994862415683160
136 0.996788298227357
137 1.000655413668738
138 0.985729872913131
139 0.996614306164263
140 0.999674097062508
141 0.988929717266631
142 0.995952269330368
143 0.994678174873105
144 0.992019526331808
145 0.997904649173060
146 1.005947786575782
147 0.992571678487086
148 1.013089448479143
149 1.000051550861333
150 0.986354751947593
151 1.004293126396404
152 0.995260830960810
153 0.994775885993592
154 1.002375297307478
155 1.000498049972899
156 0.993144249541003
157 0.993159323189473
158 0.981856255210709
159 0.997999865172035
160 0.994737386553460
161 0.996756670259557
162 0.991944290061942
163 0.990389501704868
164 0.998557720215355
165 0.988705160112627
166 0.986004892477844
167 0.991776933245642
168 1.002118163163209
169 0.988346435615753
170 0.982162622504873
171 1.002551357581709
172 0.996026700668965
173 0.991121801626392
174 0.988964741363200
175 0.994553034130804
176 1.002753243736852
177 1.002155715070548
178 0.994087665190615
179 0.994395710104120
180 1.011507731769631
181 1.002995837265534
182 0.998421118347873
183 0.995285912892727
184 0.991414037663814
185 0.999243883234905
186 0.997548548762984
187 0.998390670115253
188 0.991591637834477
189 0.998965311419267
190 1.001361828291809
191 0.997374269695694
192 1.007196944956009
193 1.003575072683102
194 1.007867239836212
195 0.997579787779463
196 0.994155042392136
197 0.993054620480766
198 1.005848605145068
199 0.997606969242164
200 0.998592296798649
201 1.005289724255858
202 1.003607638949188
203 0.999370116058746
204 1.001896684212032
205 0.994642010301921
206 1.001091407341274
207 0.996386218616456
208 0.990651997068065
209 0.998994212374667
210 0.999277760294067
211 0.999653005335465
212 1.009204964115754
213 0.999219656966606
214 0.997661175331405
215 1.004880429038979
216 0.996753110143605
217 1.001981787847847
218 0.999557337713706
219 1.000159937843279
220 0.999356580589046
221 0.998643769161168
222 0.999853601612584
223 0.994118380916018
224 0.998608946807161
225 0.997170707559783
226 0.996755314485830
227 1.006650152816935
228 0.990807304333844
229 0.995108541123233
230 0.993900480998589
231 1.005525190144106
232 0.996293800727215
233 0.994830623381382
234 0.996457452138493
235 1.005224993879130
236 1.005600328724898
237 1.000182670744636
238 0.998510933142683
239 1.001715056754511
240 0.997356955144104
241 0.998729519011335
242 0.992192577005236
243 1.008559253423619
244 1.001563467303540
245 0.997960167013921
246 0.998958523928080
247 1.003270589524832
248 0.986242498021346
249 0.998465315405925
250 0.998638155526802
251 0.996578186099826
252 0.991735315838635
253 0.998624695570155
254 1.000916518010026
255 0.870163020285704
