0 4096.000000000000000
1 0.000809526264123
2 0.003593567089623
3 0.007577539865629
4 0.012246949385141
5 0.020724565097142
6 0.028100497704153
7 0.039830369110021
8 0.051822368671175
9 0.063505184336598
10 0.078455529104515
11 0.093124102643911
12 0.109891826165319
13 0.130316985573443
14 0.148074087780243
15 0.167934814788479
16 0.185541845820195
17 0.211403523242393
18 0.234784607586190
19 0.259935579203665
20 0.281276893268268
21 0.306774861623172
22 0.331497768995700
23 0.354602419202586
24 0.382946981932454
25 0.408640178177048
26 0.436474981787651
27 0.460184080353891
28 0.486603893083305
29 0.515194658624696
30 0.534727117625359
31 0.566202713603264
32 0.584125063123729
33 0.610880380098309
34 0.637780215449867
35 0.663479892634895
36 0.681999503971671
37 0.706514471665684
38 0.726145228526217
39 0.748510719768879
40 0.767479571883366
41 0.778767704706878
42 0.805907488516530
43 0.817308705550654
44 0.842299365684938
45 0.854615743212144
46 0.864613843165668
47 0.880583689035811
48 0.892096773612672
49 0.908521209420181
50 0.912937646363670
51 0.930869856371361
52 0.931673271359833
53 0.945174052123513
54 0.950160685662114
55 0.956023719538549
56 0.965596816468030
57 0.978471407485837
58 0.982149298156022
59 0.984531569432773
60 0.978305938395545
61 0.987249270487192
62 0.989032464929999
63 0.994390516989430
64 0.995703680650611
65 0.995253291150950
66 0.996347688290825
67 0.994626569122456
68 1.000406281286530
69 1.000494779177603
70 0.998118032768889
71 0.998548130471802
72 0.993459359351759
73 0.991212875146539
74 0.992794157826448
75 0.994402038588373
76 0.989678891066634
77 0.992288854233761
78 0.986675817648836
79 0.987711935798319
80 0.988443698578540
81 0.987624965316584
82 0.984314947525769
83 0.982814845446604
84 0.980780105836434
85 0.979236521051898
86 0.982790927186456
87 0.976184879595059
88 0.975467598116665
89 0.983394815143575
90 0.982254452119016
91 0.980489609566051
92 0.977326866738819
93 0.977795747168828
94 0.975798129731284
95 0.981406459642575
96 0.972801068328405
97 0.975603415288082
98 0.977584232490305
99 0.982391138835402
100 0.979541636134753
101 0.979694955427965
102 0.982937335489346
103 0.987631755825783
104 0.985213091356293
105 0.986776082788016
106 0.985949070459610
107 0.988200684728775
108 0.984589894190450
109 0.992479830460978
110 0.991138453325387
111 0.991892958505363
112 0.992327513988246
113 0.989973300754948
114 0.993249856152086
115 0.992199145980864
116 0.995938398662047
117 0.994950206925855
118 0.996272938176701
119 0.994042658404023
120 0.995623074216959
121 1.002753969753415
122 1.000261052481493
123 0.994644875213907
124 1.001727114067977
125 0.998420562852648
126 0.999706559539736
127 0.994448767631428
128 0.999817258579788
129 0.998616785773057
130 0.994913413746300
131 0.999791009732276
132 0.996403867604265
133 1.003309187649589
134 1.000912022520156
135 0.999771639475584
136 1.002655629300066
137 0.996928448406432
138 0.996578994606991
139 1.002929591696205
140 0.999555117415019
141 0.997043294684457
142 1.000403646748259
143 0.996620077158944
144 0.994836055397985
145 1.001276027627402
146 0.996261283944879
147 0.998229847218310
148 0.998618781991334
149 0.995709537455541
150 0.998709293375012
151 0.995199476876174
152 0.996252725597663
153 0.994073173683782
154 0.992665053034125
155 0.991107421352013
156 0.993172923415429
157 0.993213790640527
158 0.995982142383261
159 0.995249399040414
160 0.996178224600979
161 0.997083902502078
162 0.993779678814203
163 0.995361063715013
164 0.996670478080224
165 0.995612564818461
166 0.996273171407384
167 0.998192931797147
168 0.994699765147366
169 0.997106982329380
170 0.995244539362617
171 0.995381770003269
172 0.992699257061115
173 0.996517356526641
174 0.996519335136961
175 0.998042679241802
176 0.998095709134868
177 0.999363896875080
178 1.001891950228503
179 1.002012543681706
180 0.998761533749238
181 0.999420833235898
182 0.997536641341887
183 0.997667800678816
184 0.999749178754519
185 0.998154135544815
186 1.002053923823078
187 0.996192607539114
188 1.001536016008940
189 0.999041868557661
190 0.997749639610625
191 0.999617400666401
192 0.995675455975610
193 0.997165581231990
194 0.999679459370827
195 1.002370294926238
196 0.998371594858110
197 0.999190151718880
198 1.000018381905099
199 1.000957030261667
200 0.997493318540127
201 1.000724709617840
202 1.000833100899636
203 1.001804184901499
204 0.996400670635328
205 1.002914976238400
206 0.995361777601206
207 0.996966799945940
208 0.999161063180758
209 1.000013288248481
210 0.998176635780475
211 0.997775277818912
212 0.998218062623498
213 0.994472104340380
214 1.000624535035621
215 1.000858042499406
216 0.995611734924889
217 0.996662801684899
218 0.999103431486424
219 0.995202937872428
220 0.998195897019799
221 0.995795448820237
222 0.995819760841603
223 0.997999778829346
224 0.995756868479980
225 0.994831748277647
226 0.999402775569966
227 0.997421369683914
228 0.997942497767042
229 0.998436299070025
230 0.996095863221853
231 0.999731420078621
232 1.000139426039251
233 0.996589912993218
234 0.998158513199756
235 0.997604404942932
236 0.994921552416659
237 0.996136634568040
238 0.995527086343050
239 0.997465400147859
240 0.994552122079436
241 1.000108798893684
242 0.998563742054893
243 0.997795679311129
244 0.997849859009828
245 1.000835629776570
246 0.999480753971681
247 0.999546380760858
248 1.001991224188771
249 1.002157698649851
250 0.998031823050044
251 0.995156037749048
252 1.000252320144983
253 1.002159472508622
254 1.000812002190905
255 0.875822580285608
