0 4096.000000000000000
1 0.000732433745533
2 0.003826319303767
3 0.007618446784388
4 0.012459153875105
5 0.020788880144012
6 0.027506694853946
7 0.040776393080781
8 0.051927141326613
9 0.064410779148070
10 0.078803581568500
11 0.092623104471028
12 0.111185700877799
13 0.131484793027916
14 0.146973559476371
15 0.167553873187742
16 0.187297785081489
17 0.210995263123750
18 0.234969025678603
19 0.261667366425302
20 0.282003387432866
21 0.303553149025689
22 0.334165094810088
23 0.353958310739599
24 0.384902771067243
25 0.411573678313328
26 0.433268595117112
27 0.461875221043416
28 0.488070887919749
29 0.512290431032429
30 0.529673220272542
31 0.571984375764701
32 0.585800203422610
33 0.608677253294914
34 0.634453066128820
35 0.669040597073828
36 0.681070346323334
37 0.709717528226389
38 0.724049478834542
39 0.751006871629573
40 0.762671776038832
41 0.775502698573918
42 0.814708924854110
43 0.820783455193453
44 0.840932327828839
45 0.846405686576215
46 0.859757953167515
47 0.877541945765979
48 0.893104174395970
49 0.908374170575036
50 0.919126878548964
51 0.930789381994884
52 0.932947248862395
53 0.940039749981802
54 0.948998375521063
55 0.952191599698818
56 0.963072028474670
57 0.992046336857708
58 0.987191274347732
59 0.981613591141847
60 0.975984285381239
61 0.982376885928011
62 0.989598058624563
63 0.993161713369086
64 0.991886280417442
65 0.992127268287795
66 0.999516598060397
67 0.998974712929866
68 0.999217019098648
69 0.993106080159224
70 0.992797628009422
71 1.001971611032951
72 0.993518953701183
73 0.993930029238229
74 0.996698076635103
75 0.998827769659117
76 0.988266289857714
77 0.993018550429723
78 0.986252054825036
79 0.987477385775911
80 0.994445624773360
81 0.994579106965133
82 0.984821310830240
83 0.981591464783788
84 0.979719069228480
85 0.973484963076983
86 0.985539321377494
87 0.974546393375753
88 0.976433949798498
89 0.983722156424530
90 0.984982973639610
91 0.974922057380407
92 0.985573407420971
93 0.975773652018141
94 0.973433160274889
95 0.987054118507784
96 0.978658817540384
97 0.976355967610005
98 0.978491878762953
99 0.977403551580752
100 0.980433303016710
101 0.979662565295991
102 0.984932389081165
103 0.990632017010957
104 0.987880497798467
105 0.984274318200827
106 0.976824362613354
107 0.985128758249298
108 0.985976399984289
109 0.993807309509089
110 0.992687097763776
111 0.993525461890653
112 0.999972580961998
113 0.987814877338316
114 0.997601420316178
115 0.990799923561630
116 0.994139071248928
117 0.997331808379586
118 0.993655786989886
119 0.991627219448134
120 0.991512648684242
121 1.001966281877660
122 1.002012421380639
123 0.995450844821475
124 0.999396922131399
125 0.997759503428729
126 0.999155982810547
127 0.992259762852439
128 1.000416816674465
129 0.997563990631624
130 0.997035825979003
131 0.992905639832086
132 0.995814221623458
133 1.003568789197996
134 0.999738342308959
135 1.004098055171886
136 1.003185277209353
137 0.993324165177240
138 0.999250353232634
139 1.007354087037771
140 0.997474145381485
141 0.996869641396535
142 1.003120762685686
143 0.997759359909763
144 0.993698570705981
145 0.999326267075899
146 0.999246895304965
147 0.999145815445953
148 0.997842470711981
149 0.999091980271201
150 0.997464871212055
151 0.994469877371821
152 0.997699399700992
153 0.996828069215421
154 0.994685952493981
155 0.990112945502443
156 0.989667721302934
157 0.989171756397227
158 0.997567367983199
159 0.997885931432405
160 0.990039604897035
161 0.992546060376302
162 0.990844139584634
163 0.995798783987210
164 1.000298433849239
165 0.995460376364021
166 1.000881952596993
167 0.998190580950633
168 0.999745751298865
169 1.000423386463642
170 0.995734613178557
171 0.993685014200260
172 0.992697069961581
173 0.994838573409454
174 0.997297471232541
175 1.000119792416279
176 1.000160890733982
177 0.997724992458891
178 0.998580411391503
179 1.001283599090832
180 0.999063115459207
181 0.997155379502957
182 0.996441470444065
183 0.996327238923355
184 1.001576220524932
185 0.998493713149782
186 1.001194300283054
187 0.996407268027073
188 1.000581366474400
189 0.998441288094148
190 1.001968941105821
191 1.000166009648773
192 0.992718869089212
193 0.996903784603900
194 1.002568434067878
195 1.002003221688012
196 0.997889234506109
197 0.997930537811100
198 1.000171835154635
199 1.001251641853422
200 0.994645083253261
201 0.999889365489054
202 1.001921750823085
203 0.997882101090456
204 0.996207052253085
205 1.006191361195890
206 0.992519797882777
207 0.999820256010538
208 0.995178692967679
209 0.998684887115371
210 0.999082630633636
211 0.998369154691259
212 0.999185844968721
213 0.996197111970020
214 0.998524431317704
215 1.000782712201203
216 0.997663154680382
217 0.995287447439178
218 0.997733429821392
219 0.995691438007678
220 1.003026271006510
221 0.995964704645426
222 0.996494305511358
223 0.997574530704908
224 0.992873554779115
225 0.990936374058900
226 0.997619688654402
227 0.992330192179414
228 0.997473828238387
229 0.997206580226373
230 1.002842632635562
231 0.999618535848501
232 1.000720450398388
233 0.997346294358651
234 1.000019936365626
235 0.995731197519455
236 0.996729607657609
237 0.997397186806479
238 0.995939175038213
239 0.998631395050925
240 0.997318955938864
241 0.998293594986012
242 0.997723045128119
243 0.998192373741254
244 0.996325383935444
245 1.002276472544506
246 1.003913280944387
247 0.995816044826266
248 0.998527759599751
249 1.001474260202989
250 0.997361668271301
251 0.996549460164350
252 1.001519876600296
253 1.001425472485080
254 1.003024698431241
255 0.873418098479164
