0 4096.000000000000000
1 0.000807233373555
2 0.003584713453678
3 0.007472953146496
4 0.012245107322578
5 0.020631150227605
6 0.027966827074210
7 0.039526446727056
8 0.051741914457696
9 0.063592908330636
10 0.078823306659071
11 0.093723805308951
12 0.109724530814156
13 0.131227626999324
14 0.148241225508761
15 0.168113009646884
16 0.186128297011647
17 0.210459260869064
18 0.235278839671669
19 0.258895533284589
20 0.281296909833274
21 0.308224874287143
22 0.331873211129448
23 0.355168653160564
24 0.384743193585354
25 0.410888355370358
26 0.434461194369108
27 0.458827505100813
28 0.485913186956850
29 0.514476398046281
30 0.535174462112003
31 0.563351939044112
32 0.586611913835454
33 0.609434070906780
34 0.635313515958028
35 0.661993735502253
36 0.684777074891518
37 0.705408527758943
38 0.728085582592198
39 0.745609350124329
40 0.767571787589350
41 0.781201167926889
42 0.803079761369685
43 0.817921681058779
44 0.841409490003509
45 0.852400326513391
46 0.864969341780338
47 0.879664279813045
48 0.892589339026144
49 0.905989621851828
50 0.912254854943606
51 0.928219725186424
52 0.932712940465534
53 0.946934659559879
54 0.947768580131118
55 0.959559125424096
56 0.963877929538426
57 0.975674978852509
58 0.981362048053589
59 0.982642116469436
60 0.979612912980156
61 0.985779768211552
62 0.992626832788300
63 0.993901489293597
64 0.994535236826527
65 0.996229140284651
66 0.995440719940828
67 0.997058535429046
68 0.998063219085235
69 1.002052109471558
70 0.998296417925378
71 0.998757089386749
72 0.996446148358812
73 0.992694513251174
74 0.994202737293361
75 0.993918608021519
76 0.990170285375251
77 0.992977228596048
78 0.986124479021606
79 0.987707071227703
80 0.989100360476721
81 0.984761427737210
82 0.985275928750474
83 0.979280839092539
84 0.983367976789067
85 0.979109564541863
86 0.980299697973894
87 0.976572817044471
88 0.978105709432321
89 0.983942577862644
90 0.979748628380668
91 0.979971763181954
92 0.978533201301990
93 0.977405221135574
94 0.975806110032821
95 0.981750203751384
96 0.975501328013601
97 0.977858957058303
98 0.978889255777168
99 0.981163434267050
100 0.980295568929227
101 0.980148344618366
102 0.982782167478429
103 0.985509843823128
104 0.985102735668401
105 0.984317455607373
106 0.987029039036277
107 0.986387755033360
108 0.983834478186556
109 0.991152642884470
110 0.991233643037180
111 0.993681991263278
112 0.992428130748739
113 0.989499202639307
114 0.992969196663144
115 0.993710133806571
116 0.996295077324127
117 0.994959874580416
118 0.998001323084664
119 0.995836334601273
120 0.998158307470955
121 1.001216333890316
122 1.000395866684393
123 0.996580993733166
124 0.999179895716507
125 0.999051777380642
126 0.999490448900674
127 0.995908730683353
128 0.998752296209329
129 0.996519634999666
130 0.996148355249975
131 0.999763447855834
132 0.997927624594438
133 1.002809831356928
134 1.001092228893478
135 0.999325085680407
136 1.002248335827209
137 0.995616841015807
138 0.997576424119231
139 1.002654385579281
140 0.998021573190218
141 0.995763798820458
142 0.998764185579966
143 0.998507946731705
144 0.993899004131923
145 0.998485084215825
146 0.995349970286142
147 0.997985843929704
148 0.998006861367421
149 0.994447004932906
150 0.996411716857884
151 0.996222638070794
152 0.995927864945110
153 0.994616572020713
154 0.993238490876172
155 0.993071739157199
156 0.993599643339972
157 0.992711821322883
158 0.995180799015608
159 0.997305058645935
160 0.996442712165526
161 0.996407996549848
162 0.994904167454145
163 0.996318877332036
164 0.997712934114899
165 0.994757835825164
166 0.997093471635740
167 0.997432884073263
168 0.994494415866843
169 0.996497050659793
170 0.994868266694013
171 0.995125379049468
172 0.993816223521554
173 0.996478972161457
174 0.994806007222087
175 0.996733953063032
176 0.996888564061094
177 0.998712368288102
178 1.001301111171649
179 1.001332602152140
180 0.998644204215543
181 0.998885224349968
182 0.996933804874052
183 0.999428281539955
184 0.999362009278857
185 0.998947680455939
186 1.001087930145444
187 0.996927971811401
188 0.999987979425993
189 0.998047278913360
190 0.998859710407158
191 0.998498322015082
192 0.997459777995736
193 0.997714813445902
194 1.000312883749156
195 1.001998709336932
196 0.999317001995119
197 0.999653747711450
198 0.999893178432428
199 1.000453407315258
200 0.998449879031144
201 1.000867907789208
202 0.998913159251430
203 1.001155987429779
204 0.999000377426342
205 1.002504395168352
206 0.996507570042075
207 0.996808925121437
208 1.000095223674017
209 0.999691102691284
210 0.997694136098516
211 0.997049640481370
212 0.998049660481708
213 0.994870451334878
214 0.999669502533408
215 0.999109836760394
216 0.996780234633410
217 0.997617037688404
218 1.000410413519728
219 0.995548841256184
220 0.998270621565089
221 0.996094166845262
222 0.995308925222559
223 0.997461821178438
224 0.996042605487856
225 0.994978866898893
226 0.998054283026139
227 0.997964506227843
228 0.997956679751792
229 0.996691358794326
230 0.996118406701689
231 1.000151458164295
232 0.999315355833949
233 0.996284705306700
234 0.998907731810261
235 0.996910906901564
236 0.995977015578531
237 0.997682872303908
238 0.996015810212224
239 0.998424424382867
240 0.995415884380228
241 1.000239674847029
242 0.998505527248598
243 0.998015620006760
244 0.999715078598296
245 0.999293428647033
246 0.999912477105379
247 0.999077859547157
248 1.002146386941833
249 1.003020985406688
250 0.998693031455106
251 0.995598126538494
252 0.999485391082097
253 1.001324835863565
254 1.001116144760940
255 0.874082661785678
