0 4096.000000000000000
1 0.000796388166721
2 0.003553474941378
3 0.007490601001239
4 0.012299118817856
5 0.020629604319801
6 0.028019015863369
7 0.039491434457324
8 0.051656791863954
9 0.063835965359378
10 0.078818893940899
11 0.093662081864100
12 0.109575087559868
13 0.131275814308099
14 0.148268272090490
15 0.167678610877070
16 0.186692551184221
17 0.210822167902472
18 0.235247349576052
19 0.259048230130770
20 0.281500494665019
21 0.308006307212323
22 0.332613568521107
23 0.354850334707156
24 0.384288907892283
25 0.409439571507585
26 0.435737750561919
27 0.459219876268183
28 0.486215949244963
29 0.514575456343032
30 0.535359704943121
31 0.563043979486092
32 0.588499621562305
33 0.609161374712644
34 0.634672261682215
35 0.661335823777638
36 0.684532031472489
37 0.704736796242267
38 0.728192442196369
39 0.746182524634719
40 0.766485975586285
41 0.782240478846952
42 0.803767720369011
43 0.818578300339748
44 0.840540984761212
45 0.851131998920942
46 0.864876789347174
47 0.878963410663889
48 0.892257560446146
49 0.905531310165659
50 0.912950299538194
51 0.927652288896591
52 0.933562768742450
53 0.945127225722309
54 0.947521455490545
55 0.959632247030661
56 0.965032716257107
57 0.974311362370566
58 0.979467730256631
59 0.982216345326015
60 0.979780967864863
61 0.985145455799781
62 0.991260705601412
63 0.995185790856659
64 0.994197024571817
65 0.994689569244680
66 0.995791648253147
67 0.998392661309504
68 0.998075098509341
69 1.000357789607554
70 0.997365611044274
71 0.999108478062427
72 0.996776744518077
73 0.992698605622353
74 0.993464109969764
75 0.994658561498510
76 0.990311049700813
77 0.992277926091883
78 0.985732836944413
79 0.987689292712489
80 0.989208193917603
81 0.984274160636935
82 0.985733058500473
83 0.979052262695644
84 0.984398918968381
85 0.978752138405453
86 0.980830832308978
87 0.977176339696296
88 0.977223492220163
89 0.983944600011055
90 0.979108881913180
91 0.980244339275494
92 0.979264297188726
93 0.977973209938436
94 0.975247404962874
95 0.981819311458978
96 0.976026336966385
97 0.977486604852680
98 0.979225383811511
99 0.981764356734727
100 0.981083025410934
101 0.979335932541409
102 0.982900098449082
103 0.985532053187721
104 0.985743893008255
105 0.985629898626645
106 0.987747108831243
107 0.986856348520684
108 0.984975496594248
109 0.991775785116682
110 0.991977033968339
111 0.992687100939438
112 0.992215454113897
113 0.989039724832227
114 0.993604883753371
115 0.994942004185032
116 0.997120047464435
117 0.994793865367049
118 0.996466195384905
119 0.996580839788657
120 0.997687647730111
121 1.000520482548940
122 0.999833496834022
123 0.995890574072668
124 0.998107069180994
125 0.998975648072445
126 1.000214704607574
127 0.996140767993640
128 0.998728889443760
129 0.996262510333129
130 0.995992737938661
131 0.999298822087402
132 0.999340631928931
133 1.002212173608397
134 1.001268877700154
135 0.998921163580582
136 1.003148605384537
137 0.996502324749690
138 0.997672999580006
139 1.002046999191698
140 0.998828073397645
141 0.995821929266023
142 0.997725463124806
143 0.998181666946790
144 0.994146413305136
145 0.997722938001368
146 0.995020986437749
147 0.998152722501414
148 0.998141294319960
149 0.994409342663318
150 0.996983313263817
151 0.995728367726356
152 0.996210603717730
153 0.993878167293832
154 0.993737588866531
155 0.992995468698481
156 0.994362782739767
157 0.991917814949810
158 0.994441210446133
159 0.996603618215886
160 0.995905915248193
161 0.996637843185076
162 0.994866890671117
163 0.996314283683786
164 0.997867860379211
165 0.994890248081685
166 0.996958849804006
167 0.996780289022822
168 0.995215700220057
169 0.996965793645538
170 0.994932064112440
171 0.996330809130466
172 0.993763361695825
173 0.995187309858360
174 0.995060283290317
175 0.996749103813754
176 0.997173806802591
177 0.998180292448619
178 1.000788608327016
179 1.000501362800990
180 0.998191852211094
181 0.999570278152881
182 0.998049428118799
183 0.999709610147866
184 0.999655812300407
185 0.998453192557088
186 1.000344719111264
187 0.997363044198558
188 0.999898709225927
189 0.997917165980368
190 0.999354350759714
191 0.998579059438897
192 0.997961223322049
193 0.998436180942722
194 1.001294428837477
195 1.001406149985957
196 0.999014210219964
197 1.000061245465664
198 0.999898093517915
199 1.000946300786594
200 0.999723076067915
201 1.000202496224431
202 0.998514733368641
203 1.001532738432452
204 0.999336738921213
205 1.003222368554985
206 0.996468712987884
207 0.996721069040191
208 0.999365238772549
209 0.999181487306364
210 0.998181301376147
211 0.997177241344281
212 0.997933376555529
213 0.995119108485387
214 0.999838920664192
215 0.998139585375484
216 0.996726436512892
217 0.997965077524545
218 0.999948388106431
219 0.996388512904806
220 0.998660470483767
221 0.994728857478337
222 0.995883717776899
223 0.996525358456413
224 0.997206257189284
225 0.995045460329005
226 0.998221920480931
227 0.997287303509204
228 0.997238345500327
229 0.997193083131578
230 0.996799668488142
231 0.999919484493609
232 0.998261334473015
233 0.996396343071527
234 0.998480452242857
235 0.997139346344763
236 0.995434060172125
237 0.996811364531029
238 0.996366003414724
239 0.998485687462573
240 0.994741762018707
241 1.000558175496145
242 0.998644210327696
243 0.997978182028127
244 0.998861369238680
245 0.999262388288971
246 0.999713449658689
247 0.999414235531255
248 1.002284678892436
249 1.002230339024501
250 0.998786689426174
251 0.995880957035125
252 0.999268935868278
253 1.001249746264118
254 1.001377729243660
255 0.874884420746456
