0 4096.000000000000000
1 0.001169021148454
2 0.004311799481312
3 0.008698544252170
4 0.013998919591431
5 0.022168027607709
6 0.031695937330375
7 0.042169349646748
8 0.054447839350943
9 0.068245911961157
10 0.081793803216384
11 0.097567973383281
12 0.114031149187663
13 0.133850264846848
14 0.153922042109176
15 0.174028649080963
16 0.194163474218888
17 0.216459731962114
18 0.238776849545836
19 0.262695885445742
20 0.285068005699872
21 0.310817997567522
22 0.335527389572859
23 0.360427795459357
24 0.384513030644260
25 0.410755749221045
26 0.439842399991904
27 0.467714143816799
28 0.491527452163466
29 0.511445074907587
30 0.540891813668431
31 0.567966290188147
32 0.587478942817136
33 0.617761636657941
34 0.638494716712566
35 0.661472848037327
36 0.683033947768201
37 0.709145118465353
38 0.725864787130121
39 0.746955773544473
40 0.769891202867279
41 0.783744354218706
42 0.805838151078511
43 0.820733740095574
44 0.840820613686842
45 0.852240980672583
46 0.870750551599231
47 0.882590291865619
48 0.894346852860103
49 0.903735495924622
50 0.920000855996443
51 0.924567192937765
52 0.940324533519596
53 0.944397043268611
54 0.950404907670446
55 0.956143347628036
56 0.966300558332704
57 0.969934195350453
58 0.978217534571390
59 0.982284806007506
60 0.984558423089690
61 0.993639518792857
62 0.989683835305192
63 0.989128676606689
64 0.993405331472655
65 0.996300884385695
66 0.998876152330355
67 1.002346576776423
68 0.996778770268136
69 0.994618967527385
70 0.996953264755016
71 0.998346933009082
72 0.993947378740433
73 0.997514497027764
74 0.993975261718519
75 0.992623703478849
76 0.989585120278103
77 0.992247247610579
78 0.987998886940506
79 0.986608834277652
80 0.986928236357579
81 0.985602236792195
82 0.984440905904408
83 0.982438463404152
84 0.985787110911572
85 0.981462013499167
86 0.979075299954236
87 0.983044088880434
88 0.979256572436178
89 0.980254097632910
90 0.978605112387488
91 0.977711848372779
92 0.977212553435210
93 0.977992773263064
94 0.980973286759283
95 0.978168827004945
96 0.977074516823629
97 0.981123343960699
98 0.981592952167642
99 0.983164945621651
100 0.980853972696723
101 0.984327364263337
102 0.982709454954889
103 0.981151842445989
104 0.985011788441790
105 0.983945756520427
106 0.988312266134443
107 0.989436845939273
108 0.989483782671773
109 0.988115451697332
110 0.988772583565908
111 0.988873318796766
112 0.993505615976632
113 0.993059139958155
114 0.992607417770329
115 0.996628608539499
116 0.994723846753512
117 0.994977173442028
118 0.995692391146260
119 0.995544897260855
120 0.998626792627624
121 0.995123416827303
122 0.999718795297524
123 1.000050610135180
124 1.000912778737122
125 1.000356460207542
126 0.999186081958789
127 1.003301575589024
128 0.999706753609261
129 0.998483469502033
130 0.998822506925662
131 0.996505113000564
132 0.997292591869961
133 0.995141508546185
134 0.999017558132465
135 1.000492611052961
136 0.999199604031332
137 0.998722989044208
138 0.997175325164937
139 0.996605339188515
140 0.999852541361698
141 0.998662814924433
142 0.995796485113345
143 0.997341541144030
144 0.994367446093642
145 0.996860190172154
146 0.994668709484175
147 0.994345103711438
148 0.997758886864185
149 0.994597111179246
150 0.994473082404288
151 0.992265583349013
152 0.995603198913492
153 0.994505714547582
154 0.993865469000026
155 0.994753340878261
156 0.995312579173170
157 0.994400391372583
158 0.994000186123689
159 0.994842208018857
160 0.996449043538168
161 0.995493126296557
162 0.994349033512754
163 0.995935957561598
164 0.992222970072224
165 0.992148587607379
166 0.995306142301029
167 0.997603040196948
168 0.998767214569263
169 0.997155761488811
170 0.993848177644810
171 0.999040995425222
172 1.000378190063083
173 0.996713673447372
174 0.998038944091519
175 0.997488705024467
176 0.997470640484188
177 0.997828177206081
178 0.996807268639817
179 1.001631131276644
180 0.998446843827986
181 0.997382529343386
182 0.997238171739984
183 0.997045820962827
184 0.996370243484245
185 0.998510698748494
186 0.999741336540002
187 0.998098815549847
188 1.001122687708254
189 0.998118109435002
190 0.998272828161293
191 1.002153340235075
192 0.999812809523153
193 0.998762646043279
194 1.000640820398688
195 1.001220373792014
196 1.002207537202530
197 1.000747828021518
198 0.998988295981152
199 1.001255525317082
200 1.002064172581040
201 0.996893703993467
202 0.997650525586142
203 0.998092837359286
204 0.998929809266039
205 0.999666111829102
206 0.997078825751122
207 0.997626426124866
208 0.997913320436205
209 0.997040357309516
210 0.999853040928753
211 1.000140685309467
212 0.997598009711458
213 0.997189914001480
214 0.996104521010886
215 0.997376705916446
216 0.998640351100651
217 0.999893144377011
218 0.997545198339390
219 0.997188552983272
220 0.998130997312753
221 0.997295300635017
222 0.995243422339670
223 0.996643073786568
224 0.996746278744291
225 0.997586110420743
226 0.995045094685563
227 0.996192912531569
228 0.998266899290930
229 0.997383890731909
230 0.997962945242734
231 0.998418635722042
232 0.997474552216101
233 0.996398085808379
234 0.997617012964344
235 0.997305058436007
236 0.997605172515600
237 0.998001275348179
238 0.997131090434208
239 0.997979435935011
240 0.999350771462844
241 1.000617163623019
242 0.997762662268893
243 1.000152235236275
244 0.999200540420379
245 0.999878740042451
246 0.998542240924127
247 0.999168782885371
248 1.000154315717219
249 1.001154547134073
250 0.998325618412779
251 1.001558983787464
252 1.000113395820014
253 0.998882931857814
254 1.000316229934832
255 0.999891647927714
