0 4096.000000000000000
1 0.001203172162020
2 0.004074297376426
3 0.008634859851038
4 0.013762942202186
5 0.022257094437935
6 0.031383516010841
7 0.042083798344063
8 0.053963051405070
9 0.068480722829235
10 0.081463860103877
11 0.097217858180683
12 0.113673244730310
13 0.132757710209023
14 0.153432040740380
15 0.174685131373426
16 0.194230768590356
17 0.218672201791070
18 0.239571542555858
19 0.264354557925432
20 0.285147878583031
21 0.308527969271462
22 0.335844150559398
23 0.359186358426620
24 0.383602375759521
25 0.407616221155149
26 0.439711701567100
27 0.471999489044191
28 0.489075336194158
29 0.511818207328649
30 0.543020337437859
31 0.569362405520760
32 0.593266931785201
33 0.614991958797967
34 0.643868867791540
35 0.657894740295950
36 0.683078483912330
37 0.705110438538498
38 0.722581169937374
39 0.747790634969897
40 0.769589798272176
41 0.787719054010501
42 0.810042747112882
43 0.819642398594782
44 0.839978065082184
45 0.848933621761438
46 0.871550409981932
47 0.883529370968878
48 0.895765510544096
49 0.901557649061981
50 0.917436091765098
51 0.917718974328141
52 0.946292141946394
53 0.938542650534458
54 0.950462682618716
55 0.957724658442765
56 0.968694353629289
57 0.965249771851022
58 0.980225543717520
59 0.988893513586422
60 0.985673847739940
61 0.994825096971983
62 0.989827694416291
63 0.997325850719480
64 0.993295466700205
65 0.999926416601120
66 0.997470874081055
67 1.001218199291324
68 0.993410793645659
69 0.991142206182006
70 0.992610657110145
71 1.000926710768092
72 0.990153193860174
73 0.999826386360453
74 0.997673424442460
75 0.989367572597608
76 0.985524386334747
77 0.989421726340488
78 0.990260933826514
79 0.987049361200670
80 0.983617141221129
81 0.981214239908013
82 0.986458987837232
83 0.981864864284382
84 0.988735904262066
85 0.974466189826224
86 0.977043876071779
87 0.979929948303828
88 0.980488396784495
89 0.980296711916143
90 0.980799875051007
91 0.975855773044491
92 0.976534606279728
93 0.975952114707746
94 0.980931514543325
95 0.978012669936547
96 0.977144686759924
97 0.982989971395681
98 0.980426880465632
99 0.981731954824189
100 0.981986984404102
101 0.983394543618361
102 0.985199880611735
103 0.978495543684386
104 0.989348089241364
105 0.982210921021590
106 0.989235880256188
107 0.993290927845262
108 0.991466884472355
109 0.990414537011645
110 0.990987784041407
111 0.986735528978316
112 0.995489360108095
113 0.989720540865397
114 0.994926509670705
115 0.994584604681021
116 0.997224523923098
117 0.998973766141249
118 0.996580438769763
119 0.996160477184694
120 0.997773219926302
121 0.991565205734594
122 1.001798929821097
123 1.002071607945350
124 1.004135933370899
125 1.004323251888759
126 0.999340021221218
127 1.003454329242592
128 0.995028613969511
129 0.998676341359573
130 0.999146747151102
131 0.993150946518395
132 0.997151010849423
133 0.996529461275219
134 1.000554875113460
135 0.998087711739298
136 1.000200378953326
137 1.000964414146188
138 0.996954026348877
139 0.995308832757605
140 0.998760001218627
141 0.999482423425656
142 0.995413595931399
143 0.995190777814794
144 0.992644268661353
145 0.999478198928284
146 0.994340088714680
147 0.997378647964571
148 0.994304495166537
149 0.990208200256775
150 0.992301596406231
151 0.991260445761124
152 0.995211086587227
153 0.992328160680894
154 0.994130491769564
155 0.992498992540121
156 0.996590485210407
157 0.995825632419075
158 0.993755114798732
159 0.994165803586855
160 1.000060729299265
161 0.997529956875619
162 0.994017850978433
163 0.995197693655409
164 0.989345466813895
165 0.994111170071800
166 0.995091768456017
167 0.996778763590984
168 0.996937571284955
169 0.999260094137064
170 0.995274087246122
171 0.998513010491603
172 0.999353434075878
173 0.994627143192048
174 0.998731447718296
175 1.000261867284642
176 1.000116016561013
177 0.998022114839538
178 0.998382024383773
179 0.998686990285571
180 1.000739178668102
181 0.997753107434795
182 0.993447591176488
183 0.999000587198417
184 0.994692711339350
185 0.998649409715593
186 0.998385183246102
187 0.999409445563163
188 0.999171694483417
189 0.998729473067753
190 0.998018666615944
191 1.002671748015767
192 1.002510302233894
193 0.998704459381624
194 0.999599196650316
195 1.000375277144704
196 1.006567574022902
197 1.000029448341109
198 0.997711452175811
199 1.001135393542520
200 1.001769576946299
201 0.996942601269132
202 0.999225877292812
203 0.998747577698939
204 0.998788951748455
205 1.001246672771986
206 0.999696813089222
207 0.995835822976406
208 0.998543372764968
209 0.993855165846801
210 1.001666249660874
211 1.001440947040697
212 0.999276605686845
213 0.997629478650726
214 0.993753060846989
215 0.995698184849138
216 0.997594961910647
217 1.003937516573244
218 0.993984510817254
219 0.997965326396612
220 0.997815920681756
221 0.998439293308872
222 0.996282002003166
223 0.998661121099763
224 0.996066707127375
225 1.000821029090087
226 0.997347321300039
227 0.995829032049993
228 1.000614819043627
229 0.999257492462911
230 0.996373921073583
231 0.993667639525999
232 0.997961935365431
233 0.997490823251826
234 0.997367789142459
235 0.996732257199438
236 0.997946057951851
237 0.996415583623506
238 0.996935474033692
239 0.996764316994787
240 1.001503133575921
241 0.999654937711942
242 0.995071092955436
243 1.002987994391447
244 1.000588027814500
245 0.999738109026952
246 0.997209239622766
247 0.997252797481994
248 1.001507806988281
249 1.001803657827616
250 0.997373774537938
251 1.000743283491554
252 1.001202253784747
253 0.997109921936183
254 1.000589279900789
255 0.987662078731809
