0 4096.000000000000000
1 0.001191992562166
2 0.004225186780550
3 0.008721760253216
4 0.013926960141661
5 0.022116846840996
6 0.031782978015280
7 0.042064238234721
8 0.054175371575414
9 0.068209516461722
10 0.081612391307386
11 0.097169316329898
12 0.113261707798031
13 0.134015874879699
14 0.154417340629801
15 0.173195636424741
16 0.194120247952361
17 0.215806074140168
18 0.239340176389024
19 0.263978759820477
20 0.285523356345858
21 0.309959521439558
22 0.335094249203966
23 0.359731889137501
24 0.385399475436691
25 0.409798569075678
26 0.439441127139743
27 0.471428309729902
28 0.490580259282570
29 0.512543214103008
30 0.543220023716313
31 0.565989970689355
32 0.587824339373454
33 0.617878302595836
34 0.641656996132048
35 0.659062431050935
36 0.684001816260248
37 0.707502213745474
38 0.727452186361656
39 0.749846148336337
40 0.771655029824639
41 0.785551736026746
42 0.806920462791430
43 0.820519439277680
44 0.839780561747719
45 0.853806347076517
46 0.872099115724866
47 0.883681209530737
48 0.893031575585362
49 0.903832738511230
50 0.921056817084593
51 0.924306072145539
52 0.939272598261049
53 0.943303459292063
54 0.949466529700310
55 0.957298234211919
56 0.963549785061478
57 0.969635744804856
58 0.978326678639824
59 0.985000684126218
60 0.985578393549321
61 0.996159563814603
62 0.988531279368091
63 0.991905475397039
64 0.995321261558443
65 0.996271899721426
66 0.996706391858696
67 1.002103196598331
68 0.995059815078744
69 0.993899843988112
70 0.994225183468034
71 0.999980047312620
72 0.993113653708935
73 0.998897101409558
74 0.993953434625617
75 0.992034891721202
76 0.986958403676830
77 0.991311858802391
78 0.986096032891068
79 0.986618497411752
80 0.985282346726335
81 0.984582644256965
82 0.984371227616202
83 0.982652516063636
84 0.983274696643739
85 0.980704608910369
86 0.977201356275630
87 0.980932189468733
88 0.980630102437440
89 0.981951231274346
90 0.981125124497140
91 0.976371712383354
92 0.979293171707329
93 0.978332979570489
94 0.981846789598348
95 0.978149556914271
96 0.976846892248236
97 0.981928331740038
98 0.983086540189513
99 0.981871576665757
100 0.981240957825853
101 0.983916341893163
102 0.984151201331039
103 0.981927842325923
104 0.986378371642341
105 0.983806083076530
106 0.987514687259548
107 0.988561306622451
108 0.990334506619504
109 0.989796546183554
110 0.989906317345093
111 0.989071834073307
112 0.992742153632717
113 0.991819655177920
114 0.992013319980851
115 0.996474835449003
116 0.995862916267205
117 0.997688332043180
118 0.996057525369614
119 0.996512110179259
120 0.998725310204605
121 0.994887648527971
122 1.000761345845031
123 1.001184147860700
124 1.000034392121313
125 1.001822693186862
126 0.997425838647234
127 1.002095429820888
128 0.998494118126755
129 0.998779174116099
130 0.999526407554640
131 0.994476763718032
132 0.995354326505648
133 0.997374995161560
134 0.997947772462903
135 0.999321580172448
136 1.001427138888977
137 0.998873630598134
138 0.996762227441874
139 0.996284610002620
140 0.999574689399497
141 0.998582266114705
142 0.994964230505621
143 0.996926126136181
144 0.992492444469042
145 0.997963148590964
146 0.995217947384787
147 0.995306722862629
148 0.996861055863871
149 0.992491441826854
150 0.995116267195605
151 0.990975114525619
152 0.994685727437777
153 0.994361804690020
154 0.993911907192988
155 0.993396516980883
156 0.995952092168009
157 0.995195720003714
158 0.991913264185441
159 0.994632406221413
160 0.995898776750183
161 0.995162732528662
162 0.994772442480336
163 0.995584216330042
164 0.991060535754601
165 0.992977123503011
166 0.994138480412601
167 0.998553749562636
168 0.998812407021078
169 0.999747615761654
170 0.993492798528249
171 0.996316746755509
172 1.001527295877912
173 0.995074745887959
174 0.998428381686021
175 0.997792172406061
176 0.998640442464337
177 0.998124878583367
178 0.997527921191443
179 1.001618099412481
180 0.999892812137999
181 0.995914315439819
182 0.995693668761720
183 0.998897756530530
184 0.994609034613442
185 0.999672521036167
186 1.000886430563039
187 0.997995346385481
188 1.000591406191694
189 0.998148446979275
190 0.998188683790724
191 1.001707702564858
192 1.000323468459754
193 0.998437679155439
194 1.000001319489574
195 1.000564692818329
196 1.002487600681277
197 1.001969008840068
198 0.998595546158835
199 0.999962551557462
200 1.001082893520432
201 0.997881512584210
202 0.998053094559919
203 0.997448914162313
204 0.999436841258393
205 0.998187006717356
206 0.997712893946588
207 0.997958913180111
208 0.999073775856878
209 0.994947980904002
210 0.999632809734040
211 1.000935036848499
212 0.998055963750951
213 0.996265810934424
214 0.995122181129011
215 0.995305725650322
216 0.998800653396814
217 1.001535358713975
218 0.997308985309382
219 0.998234272471535
220 0.997685106575722
221 0.998101943852555
222 0.996083234826824
223 0.997256614201272
224 0.996146706407579
225 0.997646501310335
226 0.994679307853693
227 0.995138238883340
228 0.998669477190439
229 0.998063440602022
230 0.997049689374445
231 0.997060152475286
232 0.997578454359172
233 0.998146771122809
234 0.997886059233467
235 0.998153080279790
236 0.998346685668048
237 0.999098401754527
238 0.997466168247274
239 0.997388803539154
240 1.000838536057356
241 1.000212550554038
242 0.996482886378140
243 1.001419268405915
244 1.000206566868352
245 1.000032302955579
246 0.998389755675023
247 0.998226192084093
248 1.001256555789895
249 1.001163054266205
250 0.999292707752521
251 1.002463378863963
252 1.000021211101829
253 0.999073572363347
254 1.000633290179674
255 0.993788670895139
