0 4096.000000000000000
1 0.001190230381446
2 0.004132743767479
3 0.008699082676389
4 0.013790651090917
5 0.023120966990038
6 0.032012815372827
7 0.040623794872384
8 0.052600556860724
9 0.067498988306528
10 0.083079834408225
11 0.094346135802339
12 0.114288434224994
13 0.132129126173229
14 0.151278591311307
15 0.177295433494630
16 0.200136492723727
17 0.217599260882441
18 0.242704233242478
19 0.263905939019596
20 0.285004763195865
21 0.310948962265038
22 0.338599447712097
23 0.365258612319657
24 0.378390526043116
25 0.407028740022611
26 0.441347006319327
27 0.468749666671759
28 0.485687046163855
29 0.511172795339510
30 0.540002998977150
31 0.571608809188163
32 0.594293369102225
33 0.616541539493678
34 0.628590953169322
35 0.651169512747110
36 0.685827082732024
37 0.695314432043386
38 0.712382160800658
39 0.750669195485679
40 0.757930697275556
41 0.788994506353855
42 0.814521831804171
43 0.817622114019205
44 0.840071211649795
45 0.848868544972674
46 0.868624115597306
47 0.881031219373574
48 0.904393987394184
49 0.888141036118714
50 0.915425857320061
51 0.922032920351175
52 0.944357357065177
53 0.936476947765121
54 0.949399671167553
55 0.948568304113835
56 0.966331424794821
57 0.968701713807968
58 0.973476541799045
59 0.985615958911499
60 0.990781331797720
61 0.997508671691345
62 0.984822019425896
63 1.001254311450021
64 1.005815997621950
65 0.993156503760330
66 0.991637277065646
67 1.010264545307599
68 0.992394368611395
69 0.986902420844552
70 0.993455409475975
71 1.003431465617769
72 0.993780189936093
73 1.000600495135833
74 0.994223456560147
75 0.991758168067672
76 0.985798852222079
77 0.990486760439592
78 0.994297930162754
79 0.978120591379716
80 0.975473145828121
81 0.980586608663889
82 0.982511310209330
83 0.974533751227732
84 0.983163956531628
85 0.980742943064449
86 0.979418411098551
87 0.989539551385232
88 0.981477635390030
89 0.986126012887655
90 0.985009527828293
91 0.973159470858993
92 0.976968660928367
93 0.973820231134393
94 0.983528009850603
95 0.979971113834182
96 0.973333145611718
97 0.985818325430692
98 0.988321017318109
99 0.974412237664424
100 0.989170535204191
101 0.986737725614272
102 0.988511366539060
103 0.975845504511037
104 0.995566600910998
105 0.980880998068478
106 0.986171823482166
107 0.989202805268746
108 0.991036476949945
109 0.984442717908978
110 0.992999613628011
111 0.987291331790058
112 0.993933194420946
113 0.995188892834754
114 0.988397614484121
115 0.994590811140353
116 1.002852118396163
117 0.996032440619796
118 0.995076219101462
119 0.997327267934083
120 0.993801153868261
121 0.995521714319222
122 1.005196069757622
123 1.003188645250015
124 1.005773650550462
125 1.006409268038256
126 0.995406933909790
127 1.006507401514822
128 0.992971945812725
129 0.998408766872858
130 0.995967582558609
131 0.986573533611951
132 0.998052793723740
133 0.995701010898354
134 0.999990185133522
135 0.998189047542672
136 0.997605941794635
137 1.004534170772207
138 0.998904629798549
139 0.993545803951539
140 0.998589416904487
141 1.008826526901594
142 0.997841663300837
143 0.996013474396030
144 0.991795839858994
145 1.007032239723141
146 0.991713321605930
147 1.000043182836754
148 0.995212957617530
149 0.991601447555646
150 0.991729593378709
151 0.994967837580739
152 1.001538450779044
153 0.992162312944879
154 0.997757644366119
155 0.991229524624596
156 0.996937003435588
157 0.996715641806341
158 0.991284654836076
159 0.998597741668987
160 1.003587918188604
161 0.999373234439236
162 0.998624086565625
163 1.001121046807065
164 0.992074541137783
165 0.990264722149000
166 0.995970365063242
167 0.999857702167348
168 0.999043370681665
169 0.994976536541801
170 0.998703820032137
171 0.995324341066797
172 0.999156375050514
173 0.996133218512779
174 0.995013427728358
175 1.003734279231088
176 0.997391950546766
177 0.991776804485518
178 0.999558350446963
179 0.994580981660733
180 1.003211214529329
181 0.992331640530899
182 0.991537713958544
183 1.001784626287020
184 0.992714701885299
185 0.996596350177801
186 0.995651901542903
187 1.002716848477426
188 0.995654220960410
189 0.999489256059045
190 0.994377961108140
191 1.004523447347449
192 1.001742659092552
193 0.998605305608907
194 0.990984420282616
195 0.999705319890364
196 1.005083192866778
197 1.000746186245873
198 0.995505189478851
199 1.000597180567135
200 1.001468457622793
201 0.999772017403071
202 0.998821964873407
203 0.996888936408905
204 0.998740160212109
205 0.998520137323543
206 0.999115309119364
207 0.993649795386176
208 1.002460742551700
209 0.997050772471076
210 0.999271836413005
211 1.003510793618667
212 0.999366968632674
213 0.997020058223400
214 1.000719478073413
215 0.997188509990860
216 0.999660108183194
217 1.003905547697928
218 0.990231656833344
219 0.998363021672300
220 0.993574351678593
221 0.995695998968911
222 0.995615197729609
223 0.996681444347519
224 0.993706230985983
225 0.998388065292415
226 1.000242043011503
227 0.992211612764280
228 1.002631706645714
229 1.003265009200741
230 0.992364175142087
231 0.988438450862318
232 0.998022208827512
233 0.994539969580430
234 1.001327031347092
235 0.998956025885559
236 0.996222769860399
237 0.994796938414838
238 0.996210904364863
239 0.999550681526718
240 1.003695741330188
241 1.001034397161958
242 0.997698253607055
243 0.995711522182683
244 1.002639507979231
245 1.000881995125928
246 0.999128122939884
247 0.997150979996296
248 1.005788616901513
249 1.001474604199938
250 0.997266812451565
251 1.003696534827057
252 0.998582302802333
253 0.991039035760852
254 0.999651762030460
255 1.009765597241502
