0 4096.000000000000000
1 0.001221192751480
2 0.004089737914434
3 0.008602553231001
4 0.013708471933949
5 0.022453420101452
6 0.030965349173691
7 0.041543317749853
8 0.053488211531800
9 0.068513401293616
10 0.082288664486428
11 0.096685953279157
12 0.113959439669817
13 0.132673103453607
14 0.152553090775701
15 0.175483393088865
16 0.196832393810500
17 0.218636956651710
18 0.239526504419897
19 0.263035955621142
20 0.286003554223789
21 0.308728066601322
22 0.337555882941258
23 0.360375188923404
24 0.381473761160125
25 0.409152875063908
26 0.436191961825342
27 0.468206404136208
28 0.486727551126763
29 0.511370774535529
30 0.542141317583094
31 0.573420628480755
32 0.591837651482915
33 0.617067192994293
34 0.638913026167805
35 0.657085839177125
36 0.684686484439673
37 0.707014518321418
38 0.717106670305444
39 0.751701252128373
40 0.764646841149422
41 0.786373586964454
42 0.811442221406475
43 0.819336874139967
44 0.838623988891178
45 0.848238544887806
46 0.868888592478410
47 0.882390584902762
48 0.901015490873985
49 0.899954821859963
50 0.913167276358477
51 0.918233920214577
52 0.945083021748537
53 0.933409141096706
54 0.951380977918531
55 0.959743226888244
56 0.970773207746198
57 0.969407618712533
58 0.979243707559530
59 0.987291121328862
60 0.988267132288804
61 0.990298187725749
62 0.989273758208877
63 0.998683383754400
64 0.994308816276128
65 0.998837689343657
66 0.995605772030077
67 1.000617317096005
68 0.996150702754721
69 0.989149512951979
70 0.992182915225103
71 1.002053325137485
72 0.994307001128079
73 0.996347433271735
74 0.997085501405442
75 0.992719606174200
76 0.985721023279560
77 0.989319523204051
78 0.991432998474198
79 0.986467316493510
80 0.983141508582524
81 0.978952548980812
82 0.986542504295051
83 0.980632904423675
84 0.988235767334332
85 0.972926224702151
86 0.977356158777489
87 0.980968520788341
88 0.978100917007596
89 0.979859293050334
90 0.984344727080101
91 0.977450761480504
92 0.979533162534999
93 0.979862404649620
94 0.978185112872745
95 0.977948673367892
96 0.973658277382858
97 0.984333734812938
98 0.983354427775883
99 0.985633506266008
100 0.986033498038876
101 0.985035277875646
102 0.985718605144460
103 0.976162404467310
104 0.989829356331247
105 0.981416746890366
106 0.984831051910447
107 0.989159293212504
108 0.993208264794138
109 0.986721060008645
110 0.994260665102410
111 0.987480308723957
112 0.997007211643876
113 0.992049240837429
114 0.995364060022684
115 0.995401683695327
116 1.001782178072331
117 0.997242804970699
118 0.994610904625859
119 0.995027282201351
120 0.998564345739295
121 0.995092435700281
122 1.003764554593936
123 1.002380988362364
124 1.006009226621020
125 1.004985475362483
126 0.996290446193194
127 1.006506422812810
128 0.991798332993357
129 0.996151942875574
130 1.001925674968001
131 0.990237843830193
132 0.993800695863964
133 0.994530150375891
134 0.999825834130667
135 0.998598095041651
136 0.996117783888131
137 1.000518173686611
138 0.997503236333892
139 0.995095130185771
140 1.000479016275227
141 1.002332459808127
142 0.994877572297779
143 0.993028236917005
144 0.993314895805416
145 0.999075756544986
146 0.992140219015466
147 0.997857105997077
148 0.994472449611172
149 0.988644143034571
150 0.991309443067968
151 0.994675190561757
152 0.996142973132073
153 0.991627197994654
154 0.993518166285710
155 0.991913414227104
156 0.997007121540750
157 0.995887256327404
158 0.993414697709683
159 0.997241978397723
160 1.000764569280609
161 0.997745016931238
162 0.999844932264048
163 0.995750869721087
164 0.991187295981109
165 0.991232469335689
166 0.994245553399250
167 0.999299324033238
168 0.995527933435825
169 0.997876300878736
170 0.997440466002852
171 0.999967188263775
172 0.998260279979536
173 0.996642435530713
174 0.997667055742108
175 1.001120709238401
176 0.998789780055556
177 0.996667937509124
178 0.999755939758471
179 0.996420045673795
180 1.002285038190510
181 0.995976013445857
182 0.993562049406828
183 1.001430474434415
184 0.995897133695098
185 0.998981283633802
186 0.997730706239346
187 1.000660009688206
188 0.998253334393148
189 0.998097165459565
190 0.996549344701795
191 1.002738943822222
192 1.001691803328737
193 0.998178263112869
194 0.998421959099013
195 0.998534290350816
196 1.005664815452311
197 0.998893279424417
198 0.996846813392444
199 1.001935499665412
200 1.000656554638179
201 0.996296737246690
202 0.995832286000426
203 0.999974364307280
204 0.999255195491297
205 1.001700561867239
206 1.000580922062345
207 0.995890100014648
208 1.000452992331879
209 0.995741393790152
210 1.000613014412732
211 1.005185742366458
212 0.998632133654462
213 0.996490248626571
214 0.993663594007903
215 0.997443820848513
216 0.997811520923429
217 1.003113236322530
218 0.991829313175192
219 0.997395069882509
220 0.997815051247645
221 0.996389568231474
222 0.994437069728131
223 0.997494763734110
224 0.996173931523624
225 1.000735985869177
226 0.997782477308738
227 0.995251991528804
228 1.000489831846978
229 1.002172190416716
230 0.996488768919353
231 0.991042293473562
232 0.997876125069578
233 0.997867094720144
234 0.997474457893096
235 0.999329750100755
236 0.998511170484588
237 0.997219708581804
238 0.993643298399123
239 0.998819244320864
240 1.002425549744978
241 0.999158317914428
242 0.995381624838393
243 1.000816473800044
244 1.001534972233791
245 1.000485927089459
246 0.998102183044290
247 0.995893895828533
248 1.004798383263520
249 1.002120266998592
250 0.998114699105536
251 1.001974247560482
252 1.001017705570809
253 0.995650877683783
254 1.000630494837393
255 0.994712722233077
