0 4096.000000000000000
1 0.001163123327569
2 0.004307353873339
3 0.008670258491945
4 0.013973941083720
5 0.022261400423255
6 0.031675159674027
7 0.041973251857324
8 0.054510704843880
9 0.068119594227627
10 0.081842292436478
11 0.097612116907528
12 0.113965794109707
13 0.133770240629026
14 0.154332315764550
15 0.173827056117076
16 0.194713897143108
17 0.216177176260248
18 0.238821295587080
19 0.263040445349555
20 0.285832123010325
21 0.311895565234673
22 0.335759697006940
23 0.360480901604206
24 0.384862834831305
25 0.411170585663624
26 0.439372226879576
27 0.467434231268226
28 0.490166269725276
29 0.512585828443219
30 0.540608418693461
31 0.566918323231794
32 0.587804252508926
33 0.616013556654579
34 0.639159847267871
35 0.661407921367562
36 0.682535347328932
37 0.708827639538413
38 0.725828984083330
39 0.747251062538600
40 0.769134658356097
41 0.783453956558813
42 0.805863839060356
43 0.821127342816143
44 0.841917944709418
45 0.851687432108572
46 0.870678889299902
47 0.883001981989466
48 0.895035214287856
49 0.904891310215538
50 0.919759984707973
51 0.923826442240861
52 0.939105063745381
53 0.945044201750613
54 0.950764065686315
55 0.956255871690642
56 0.965984853963605
57 0.969621942370310
58 0.978310290910863
59 0.982562531798868
60 0.984830986311542
61 0.992569860271657
62 0.990573504108558
63 0.990031870431129
64 0.993550310414107
65 0.996258822012734
66 0.999097111170860
67 1.002543819606185
68 0.996646665210142
69 0.993859731604739
70 0.995983088342050
71 0.999028858321955
72 0.993767110412852
73 0.996386730122491
74 0.993997529634800
75 0.991661726537132
76 0.989919955966141
77 0.990857110050357
78 0.988736767174427
79 0.987124149652296
80 0.986703352695120
81 0.986276646432744
82 0.984311322351734
83 0.984000184334271
84 0.985416931779315
85 0.980082787106767
86 0.978358385569886
87 0.983071047960286
88 0.978808652191251
89 0.980682645590260
90 0.978090124530816
91 0.977513059865849
92 0.977247886206061
93 0.978011105394361
94 0.981388665314674
95 0.978217322746357
96 0.977185730141237
97 0.981611489450139
98 0.981623788012309
99 0.982329684907047
100 0.980467098612276
101 0.983549712367066
102 0.983270803751862
103 0.982087863821873
104 0.984836578369383
105 0.984186167370445
106 0.989221059978860
107 0.988845050462135
108 0.989123530938257
109 0.987456570162275
110 0.989649815455231
111 0.988457261346449
112 0.993176253289344
113 0.992482779054005
114 0.992586411661084
115 0.996386181451679
116 0.994014746589281
117 0.995452397982911
118 0.995583687252006
119 0.995583543547627
120 0.998795034889249
121 0.996652385711516
122 1.000245619763191
123 1.000516889026105
124 1.000709390666538
125 1.001565670440882
126 0.999394570527588
127 1.003320464066471
128 0.998893545016770
129 0.998917253045067
130 0.998463913293910
131 0.997524323167638
132 0.996671279315764
133 0.995390407536529
134 0.998763959970600
135 0.999827126207903
136 0.999166214596262
137 0.999238436976023
138 0.997308643936525
139 0.996729205482434
140 0.999249394401231
141 0.998816241440377
142 0.995773501865688
143 0.997043340478556
144 0.994227224500547
145 0.997223870085218
146 0.994832573285490
147 0.994498590458003
148 0.997594375777243
149 0.994549301152811
150 0.995118663359638
151 0.992322364713593
152 0.994944276015713
153 0.994305146507537
154 0.994178425495337
155 0.995517749279484
156 0.994890948302627
157 0.993919437932184
158 0.994333825536485
159 0.994657702989287
160 0.996562230703821
161 0.994749986775787
162 0.993559158512760
163 0.995488741848176
164 0.992392185156456
165 0.992667257241739
166 0.995225532506722
167 0.997920948508695
168 0.997963614471712
169 0.997206397284521
170 0.994661350663904
171 0.999425772818199
172 1.001077291673242
173 0.996630213008528
174 0.997403339657998
175 0.997854255460526
176 0.997388647320533
177 0.997787413352792
178 0.997406399900215
179 1.001356209732676
180 0.998127851433364
181 0.997799073614183
182 0.997642710304104
183 0.996810499055581
184 0.997268087008624
185 0.998058883412159
186 0.999248446260278
187 0.997831110578691
188 1.001387803234956
189 0.997802061244107
190 0.998249314925387
191 1.001610672028046
192 1.000439705756768
193 0.998410824074080
194 1.000788816386151
195 1.001359728754260
196 1.001667903428680
197 1.001083314328123
198 0.999296673788928
199 1.001175156876545
200 1.001602731849587
201 0.996660723899689
202 0.997722678659596
203 0.997779743816404
204 0.998916860214450
205 0.998901319761407
206 0.997271378529634
207 0.997420984536815
208 0.998239697692489
209 0.997471421981677
210 0.999705577071217
211 1.000114554436959
212 0.997923305283985
213 0.996962785432049
214 0.996193840389627
215 0.997474247710841
216 0.998709451868771
217 0.999958489495441
218 0.998030109138967
219 0.997371132298531
220 0.997625561105162
221 0.997677015147303
222 0.995523627104432
223 0.996272013749013
224 0.997012140343954
225 0.997320658831235
226 0.995102524919653
227 0.996663520226165
228 0.998122899168479
229 0.997626825450165
230 0.997772167089164
231 0.997934504101872
232 0.997398709745450
233 0.996404092554948
234 0.997978420836857
235 0.997481207024280
236 0.998060783036433
237 0.998183475079737
238 0.997265681742039
239 0.997830728726862
240 0.999484686067972
241 1.000282172070133
242 0.997646480124077
243 1.000321701962754
244 0.999360180841169
245 1.000417034255861
246 0.998952552564584
247 0.999714926040230
248 0.999845182297778
249 1.001344369394597
250 0.998216225356880
251 1.001165481182516
252 1.000250329504464
253 0.998426224619961
254 1.000114627471673
255 0.997848306398866
