0 4096.000000000000000
1 0.001183472834356
2 0.004279193875343
3 0.008750292314717
4 0.013932081278184
5 0.022102812381639
6 0.031815225425594
7 0.042163532917642
8 0.054093376084443
9 0.068119243534319
10 0.081454174590109
11 0.097233274622849
12 0.113291641409278
13 0.133657805223440
14 0.154222433104793
15 0.173753748503471
16 0.194408660605157
17 0.216014747214607
18 0.239255128875892
19 0.263166986832511
20 0.285347653038974
21 0.310543279374109
22 0.335017197973836
23 0.360212416458512
24 0.386501983625343
25 0.410432271637148
26 0.439743029084877
27 0.470062825699362
28 0.491765531932344
29 0.511929758845317
30 0.542441834545522
31 0.566623262485198
32 0.588745789168346
33 0.617841099113802
34 0.639919192576514
35 0.659804009633686
36 0.684759086994954
37 0.708127665525185
38 0.726296661530111
39 0.749220874659845
40 0.770578691711453
41 0.785230774107355
42 0.805418635804388
43 0.822898716632167
44 0.840961677167542
45 0.852164909167072
46 0.870872040014064
47 0.882963166760864
48 0.893069589668203
49 0.903075547570019
50 0.921956360470541
51 0.923747311373531
52 0.940058351134231
53 0.943888174817009
54 0.949990155224638
55 0.957036532102085
56 0.964263424680589
57 0.969499748318807
58 0.978045932671887
59 0.983833362044816
60 0.983912893199597
61 0.995298853881438
62 0.989455103039329
63 0.991923174324047
64 0.995119782694810
65 0.997408251746870
66 0.997362179296345
67 1.001604405010313
68 0.995396773254999
69 0.993762098366940
70 0.995029050281002
71 1.000656575969756
72 0.993096280011498
73 0.998061444711270
74 0.994654146862840
75 0.991409690177492
76 0.989844560092949
77 0.992608482752241
78 0.987000976119709
79 0.985017218313945
80 0.986314884699862
81 0.985784100647770
82 0.983701430781936
83 0.984396152950086
84 0.983249203301857
85 0.980895019738762
86 0.978360235364109
87 0.980881292145130
88 0.979755174137613
89 0.980088072844185
90 0.979708727923123
91 0.976787068899224
92 0.978950688563544
93 0.977051229053108
94 0.982721778060213
95 0.979032174883778
96 0.977848198000630
97 0.980984143391935
98 0.982843513118150
99 0.981713806223119
100 0.980347020674805
101 0.982263199965137
102 0.983092250161653
103 0.981892981120262
104 0.985692037498825
105 0.984720470866870
106 0.988716555038165
107 0.989348033743506
108 0.990522989571463
109 0.989997195185443
110 0.990361440967586
111 0.988809423304073
112 0.991942198825288
113 0.992365432589427
114 0.991750790358422
115 0.996078049307570
116 0.995430044032326
117 0.997167132716367
118 0.995023019182236
119 0.996727085653237
120 0.998393117662698
121 0.994409859314732
122 1.000593488854690
123 0.999851655203957
124 1.002575586105761
125 1.000869052236613
126 0.997578199952940
127 1.002512952497476
128 0.999263056385987
129 0.998826268320294
130 0.999748911302301
131 0.995870821836052
132 0.996117005966633
133 0.996639606194592
134 0.996642918272438
135 0.999979474365959
136 1.001130323284037
137 0.998174456322047
138 0.997116494964958
139 0.996509130668954
140 1.000335331115409
141 0.998117945124324
142 0.994725256962677
143 0.996783641975989
144 0.992717010820412
145 0.996439075760719
146 0.995763942376530
147 0.995558751859101
148 0.998060130765347
149 0.993102388308262
150 0.994433542548968
151 0.992229000450511
152 0.995382627413796
153 0.994894489468661
154 0.993143612379292
155 0.994494206386000
156 0.995809167004877
157 0.995508958303627
158 0.992728650710142
159 0.993743595768702
160 0.995590709624804
161 0.995633685129514
162 0.994055473442611
163 0.996244141999852
164 0.991094428064298
165 0.992740436996390
166 0.994334681112062
167 0.997541121656321
168 0.997832004117289
169 0.998861129372814
170 0.993648220596022
171 0.997036028977181
172 1.000854153608371
173 0.996059737951199
174 0.998373419286663
175 0.998520014237417
176 0.998240599030696
177 0.997740684005812
178 0.996715431605115
179 1.001308699249067
180 0.999106251369772
181 0.996600638230285
182 0.995285900448690
183 0.998144167253087
184 0.995770895441540
185 0.999014138789554
186 0.999970451190302
187 0.999186932308189
188 1.000324199422202
189 0.998413871477100
190 0.998289711373823
191 1.002077563369638
192 1.000633282828964
193 0.998459816731747
194 0.999740693278741
195 1.001168000369056
196 1.003222879931137
197 1.001938604153459
198 0.998240665006635
199 1.000460837771452
200 1.001757381957172
201 0.998197058529563
202 0.997787646336706
203 0.997657115596193
204 0.999420768219290
205 0.999387977852735
206 0.998411273203174
207 0.997883466959933
208 0.998829631639421
209 0.995290427687704
210 0.999742972987386
211 1.000635795489722
212 0.997803289015330
213 0.996554954629119
214 0.995918398060283
215 0.995806341231270
216 0.999238843383647
217 1.000696205298637
218 0.996735019230286
219 0.997763942823022
220 0.998356636562571
221 0.997734332199181
222 0.996034512935960
223 0.996681551727260
224 0.995611382860530
225 0.997770696128393
226 0.995088847630983
227 0.995346953985181
228 0.998744240919206
229 0.997407454804662
230 0.998285650755077
231 0.997514812838581
232 0.997143926458755
233 0.996854715035673
234 0.997908043835051
235 0.997733760535657
236 0.998614585993258
237 0.998452377535403
238 0.996378329551106
239 0.997063996248149
240 1.000922604776449
241 1.000607578242102
242 0.996881949992577
243 1.000869904031009
244 0.999496862578687
245 0.999962898359534
246 0.998410977471960
247 0.998844911919670
248 1.001741716579158
249 1.001500476480128
250 0.998354189421972
251 1.002190248742030
252 0.999493004112746
253 0.999094365169941
254 1.000021962557786
255 0.998041046848927
