0 4096.000000000000000
1 0.001227902147472
2 0.004146970930353
3 0.008660728831505
4 0.013811784367614
5 0.022152522966460
6 0.031666095147331
7 0.041933978924240
8 0.054082914675262
9 0.068986159279333
10 0.081704471487514
11 0.097369982711220
12 0.113353285142237
13 0.133516744105610
14 0.153925894445262
15 0.173479149445042
16 0.194129354973759
17 0.217575841428881
18 0.240269418894562
19 0.265593538216010
20 0.285213828577030
21 0.310833570328217
22 0.335179753040511
23 0.360322152868300
24 0.382528034246978
25 0.409115216436228
26 0.439473979456957
27 0.471032705932986
28 0.490308426384352
29 0.512025464625226
30 0.544455431425604
31 0.567959361436936
32 0.590795798540255
33 0.615796360962804
34 0.644224512971137
35 0.657694181440590
36 0.683917618357947
37 0.706755794131913
38 0.724637016098246
39 0.747735659779273
40 0.770624417690405
41 0.787325696331885
42 0.807472956312752
43 0.822958911749838
44 0.838104108310133
45 0.851903806673602
46 0.870779524495108
47 0.884025373164045
48 0.893407781141416
49 0.899654477862475
50 0.918135778877244
51 0.920730311995466
52 0.945777404135782
53 0.942355833549743
54 0.948884119918785
55 0.956781939755137
56 0.966591596240171
57 0.969499996997332
58 0.982284010254958
59 0.990555202976058
60 0.985596090801571
61 0.993635244803065
62 0.988624453642658
63 0.992644012700268
64 0.993822869067344
65 0.997080986337881
66 0.998295047266464
67 1.003701472607487
68 0.996181079156959
69 0.990827891355308
70 0.993541343166055
71 1.000466555026742
72 0.991182767982822
73 0.999685832478423
74 0.995168348883820
75 0.989858665749431
76 0.985418665941948
77 0.990224481010131
78 0.989782987293771
79 0.986841049031022
80 0.983320336917161
81 0.983475402556745
82 0.986065765440042
83 0.982074739215994
84 0.986652093501703
85 0.977479575451482
86 0.975347004083649
87 0.980575236633062
88 0.980290229841636
89 0.980473152854985
90 0.982867764169457
91 0.976335659531991
92 0.979550557177297
93 0.977145525388874
94 0.982309852015181
95 0.978093682205705
96 0.976554634598400
97 0.980711914281239
98 0.982752845600712
99 0.983270647436205
100 0.981111975819100
101 0.983412289664799
102 0.986093791241644
103 0.978826237537360
104 0.987392906364120
105 0.984835145384219
106 0.987618621504688
107 0.989206898642671
108 0.991199913581585
109 0.988663476155011
110 0.991318465541375
111 0.987300831627217
112 0.993174728127846
113 0.990090815051074
114 0.995031631667374
115 0.994699437526708
116 0.995732528456871
117 0.997927446563886
118 0.996486767824497
119 0.998341488572642
120 0.999770521091063
121 0.993290009170234
122 1.001587835830410
123 1.002509537844547
124 1.002898311024520
125 1.004952456531874
126 0.998315182487315
127 1.003444685147538
128 0.997045022155110
129 0.997641868490555
130 0.998537740328338
131 0.994923832102433
132 0.996374551146471
133 0.995544812535887
134 0.998744682066606
135 0.999073944102617
136 1.001765933083055
137 0.999372282130420
138 0.997704304846659
139 0.995780777997108
140 0.999488312987453
141 0.999348985127240
142 0.996228844830852
143 0.993532329136673
144 0.991604684827661
145 0.998776952311894
146 0.993925623052527
147 0.994683610637840
148 0.994183944582687
149 0.990665936954632
150 0.994046029804553
151 0.990506370690709
152 0.994612380498411
153 0.992597907048229
154 0.993762557813497
155 0.993177659666347
156 0.997268127266591
157 0.995498635719286
158 0.992824378670614
159 0.994731985441801
160 0.996106843524074
161 0.996271390994625
162 0.994727194663917
163 0.997543142801435
164 0.989265213057303
165 0.993078925641714
166 0.994193076153019
167 0.997026283058635
168 0.998145202660167
169 0.999587530401750
170 0.994414587598561
171 0.998064365847385
172 0.999815452503233
173 0.994677338622488
174 0.998068540033351
175 0.998035278450386
176 1.000344485870788
177 0.998065687814340
178 0.999234630899065
179 0.999745137049323
180 1.001215721083082
181 0.999116818574545
182 0.995462693208767
183 1.000366886795365
184 0.994976532756890
185 0.998590524261366
186 0.999019400789738
187 0.997536691954444
188 1.001813859619617
189 0.999238892153721
190 0.997712523103117
191 1.001884572057844
192 1.001699824763516
193 0.999219490563062
194 0.999686422449273
195 1.000583132506964
196 1.005169968523016
197 1.000365967092383
198 0.999359285717500
199 1.001264099711562
200 1.002570984082122
201 0.997647649618699
202 0.999481502294371
203 0.998050293466245
204 0.997379891876610
205 0.999871819859658
206 0.997764337928645
207 0.997435871406872
208 0.997478836471388
209 0.994587880405939
210 1.001321556130911
211 1.000869014608023
212 0.998612779029311
213 0.996352886767288
214 0.994343098965764
215 0.994897043836281
216 0.997451443001008
217 1.001496435221398
218 0.995169889896748
219 0.996950111951102
220 0.999437633134648
221 0.999294390577881
222 0.996058477874579
223 0.997413750971258
224 0.996466956776218
225 0.998408244954377
226 0.995841017358624
227 0.995177815685822
228 0.999821498157239
229 0.998110955608519
230 0.997011299850414
231 0.994330858385680
232 0.997331880203508
233 0.998605881364419
234 0.997705101402334
235 0.996212330014099
236 0.998045670144374
237 0.998280565382968
238 0.997198685178102
239 0.997012892769444
240 1.001675850006526
241 0.999132972994299
242 0.995598294145334
243 1.001406123855235
244 1.001439774064931
245 1.000030175034580
246 0.998126462113987
247 0.997884813576374
248 1.001302266227098
249 1.001080889286870
250 0.999176339125012
251 1.001149424317046
252 1.000754287608761
253 0.997615107845763
254 1.001235229142848
255 0.998339040159500
