0 4096.000000000000000
1 0.001182270830762
2 0.004176234975079
3 0.008792692457478
4 0.013757912487258
5 0.022217382329772
6 0.031687986928993
7 0.041916293622350
8 0.054160542442218
9 0.068685245079170
10 0.081513352255196
11 0.097210739331887
12 0.113588662172734
13 0.133683572546489
14 0.153868102346529
15 0.173322030468332
16 0.194531157072560
17 0.217077797747678
18 0.240077907334341
19 0.264083879224440
20 0.284870246903857
21 0.310213011156541
22 0.335826813208257
23 0.361710838625526
24 0.384702442640740
25 0.409782625847929
26 0.439041407476937
27 0.471625093490713
28 0.489422605534121
29 0.513220371419850
30 0.543937461650288
31 0.567649834337117
32 0.589176885863289
33 0.617155135831928
34 0.643507947167748
35 0.658773724326058
36 0.683313853009870
37 0.706371694992841
38 0.728339315758190
39 0.749125072852078
40 0.770302940421836
41 0.785003164295211
42 0.807916287787884
43 0.822160020948400
44 0.838300085223294
45 0.854143166977605
46 0.871262714151583
47 0.883333636563447
48 0.893112853419230
49 0.903009178634863
50 0.918375063526685
51 0.922482093302362
52 0.941450879233955
53 0.942325516620960
54 0.946329115831852
55 0.957276301213397
56 0.964206374753834
57 0.968320350116751
58 0.980600613866252
59 0.986712783468325
60 0.986075696160487
61 0.995427346092202
62 0.990302273922745
63 0.991909501946664
64 0.995549897721830
65 0.994651099684103
66 0.999379039229622
67 1.003085873798252
68 0.995527228742564
69 0.991171520788578
70 0.992874361143375
71 0.999689650172598
72 0.991790938161175
73 0.997837011998060
74 0.992397578560544
75 0.990285890396798
76 0.985952085637455
77 0.990814269640405
78 0.987313520778379
79 0.986885167099991
80 0.985509043341495
81 0.983055924895781
82 0.984883089809327
83 0.982290389000647
84 0.985952953871464
85 0.979878680580950
86 0.977809354239892
87 0.982280190610904
88 0.980520199833760
89 0.981269026838256
90 0.983288702007607
91 0.975398095255516
92 0.980027534266546
93 0.979438983851911
94 0.982118494964941
95 0.978042706792458
96 0.975855108489448
97 0.980900311077964
98 0.983851404409479
99 0.982013642648110
100 0.983236225108706
101 0.984076744677198
102 0.984416652966537
103 0.981079310099793
104 0.987309704520815
105 0.983008962714773
106 0.985491169947324
107 0.988835811951970
108 0.989379183608425
109 0.988221598722081
110 0.991151217516552
111 0.988455865052530
112 0.991969393625902
113 0.991351463037694
114 0.993175231251120
115 0.997508907794183
116 0.996394751695877
117 0.997345409899248
118 0.996027613537761
119 0.996975168532299
120 1.000036622117669
121 0.995309166796993
122 1.000566622123093
123 1.002306741143809
124 1.001278285921981
125 1.003076499881204
126 0.997848503823931
127 1.003505658872729
128 0.998156496556205
129 0.997760188267483
130 0.998004492091389
131 0.994401971758162
132 0.996758644248553
133 0.996371582679939
134 0.998222695765808
135 0.998441411586214
136 1.000715853675520
137 0.999578516932488
138 0.997731203757689
139 0.996432441773179
140 0.999078911125575
141 0.997783649907826
142 0.995437711987662
143 0.995713117969524
144 0.993116999238744
145 0.999286005824810
146 0.994474190716450
147 0.995253009268425
148 0.995645562993777
149 0.992511171726760
150 0.994328121350436
151 0.990231138202783
152 0.995505495112019
153 0.993752209679204
154 0.994002000685702
155 0.993290517688472
156 0.995679983963025
157 0.995421646072372
158 0.991757471253048
159 0.995385257913644
160 0.995293379750858
161 0.995312085369985
162 0.994470046119766
163 0.995331440347542
164 0.990350018547859
165 0.993651938894853
166 0.994157439867491
167 0.998707809117839
168 0.998866543945384
169 0.999271138221523
170 0.994657612413748
171 0.996930883781170
172 0.999990406560080
173 0.993590183203498
174 0.997920263817161
175 0.997723419703666
176 1.000115760684986
177 0.998676797042760
178 0.998457202004672
179 1.000420743933598
180 1.001734943444250
181 0.997054632862677
182 0.995886467227754
183 0.999805333423055
184 0.994800219380132
185 0.998783784845563
186 0.999317189454542
187 0.998118801375107
188 1.001963855772718
189 0.998546288756380
190 0.997085600159005
191 1.002194462753323
192 1.000496341133398
193 0.999529969952847
194 1.000980284612197
195 1.000299430989362
196 1.003950164917361
197 1.001181126451971
198 0.998659369461095
199 1.000352278649813
200 1.000708892577616
201 0.997949488807001
202 0.998824529760553
203 0.997669855733638
204 0.998144145990888
205 0.998159629774303
206 0.997424228793306
207 0.997526263856911
208 0.998655868371295
209 0.995088899926223
210 1.000363686708243
211 1.001131111230085
212 0.997790551546025
213 0.996018150145693
214 0.995443118918194
215 0.994923439911774
216 0.999361545178071
217 1.002215877093036
218 0.995352810391373
219 0.997842955312690
220 0.998841761670452
221 0.998122117959741
222 0.996424546692248
223 0.997137781806873
224 0.996417755207227
225 0.997897562248736
226 0.994912098903025
227 0.996188859638170
228 0.998921683303154
229 0.997200213430094
230 0.996801260755877
231 0.996613164804274
232 0.996923960483663
233 0.997961551293645
234 0.997551894302766
235 0.998209467665710
236 0.997912404650216
237 0.998746693308354
238 0.997542092828459
239 0.997040006583281
240 1.002324180636174
241 0.999489907480752
242 0.995817009181515
243 1.000747822260933
244 1.000408123985414
245 1.000570656270731
246 0.998023536508526
247 0.998600437670598
248 1.000948918439079
249 1.001646711943919
250 0.999155629045583
251 1.001513049059792
252 1.000078374626590
253 0.998753028083868
254 1.000765144820566
255 0.996084736079699
