0 4096.000000000000000
1 0.001173309425156
2 0.004304939770569
3 0.008711283296506
4 0.013947379768043
5 0.022134738825642
6 0.031679085983041
7 0.042254694343611
8 0.054162322038854
9 0.068277830194012
10 0.081735110338458
11 0.097187003258498
12 0.113559966740154
13 0.133669606111786
14 0.153793752902528
15 0.174113531907378
16 0.194150627521863
17 0.216023185035361
18 0.239407754525051
19 0.262864528562214
20 0.284927485652423
21 0.310248087191067
22 0.335497917979080
23 0.359980044996619
24 0.385252933792418
25 0.410457194413196
26 0.439769767409356
27 0.468184336345352
28 0.491335239265238
29 0.512149382452917
30 0.542140836708890
31 0.566661581974983
32 0.587606842238709
33 0.618347306451664
34 0.639571047358060
35 0.660661696015982
36 0.683453897683966
37 0.708370654964983
38 0.725172494103115
39 0.748127478567266
40 0.769842801438410
41 0.783773816756305
42 0.806338743095797
43 0.821816244520088
44 0.841061128898978
45 0.852703495066401
46 0.871950054575663
47 0.882574676468586
48 0.893618014109547
49 0.903538980947618
50 0.920079632423070
51 0.924797336129814
52 0.940409070759658
53 0.943747787982816
54 0.949909572272208
55 0.956815190843789
56 0.966147172605755
57 0.969540365507945
58 0.979736406633923
59 0.982961677637956
60 0.984249252175817
61 0.993510799520736
62 0.990646909311715
63 0.989610718146337
64 0.993795550960613
65 0.997325643042316
66 0.999086148598298
67 1.000847948905598
68 0.996264335449158
69 0.995154638252850
70 0.996037569290650
71 0.998910412101030
72 0.992687930557034
73 0.997377648776552
74 0.994573353091681
75 0.992824100568163
76 0.989631118783396
77 0.992912518800439
78 0.988103458512401
79 0.986637942070424
80 0.986700107013316
81 0.985290963334510
82 0.983669685472049
83 0.983194965585203
84 0.984461914004075
85 0.981505261676653
86 0.979296505159049
87 0.981635340205390
88 0.978996443773919
89 0.979707611264826
90 0.979004587941248
91 0.976710631422656
92 0.977225756589461
93 0.977151311243254
94 0.982042124608977
95 0.978084222864050
96 0.977507138196185
97 0.980628676997055
98 0.982336101332769
99 0.983250705285556
100 0.980023038912982
101 0.983494539018757
102 0.983568497571366
103 0.981371320118330
104 0.985592899626546
105 0.984487140799107
106 0.987500332533003
107 0.990465225973354
108 0.990809950907096
109 0.989917600210571
110 0.989147267848638
111 0.989143538959598
112 0.993637705154903
113 0.992650617286789
114 0.992000773580981
115 0.995452422416589
116 0.995204075588877
117 0.995247811361251
118 0.995663908910422
119 0.995786762299150
120 0.998782398086064
121 0.994753343610949
122 0.999560201781954
123 0.999751521860084
124 1.001636515946080
125 1.000556534279949
126 0.998390842927314
127 1.003822741417598
128 1.000246193111610
129 0.998632464641306
130 0.998833460191429
131 0.996148765927306
132 0.996589824199975
133 0.995237644868613
134 0.997849801722004
135 1.000049800792535
136 1.000887649138930
137 0.998220774313471
138 0.997113925630395
139 0.995701970336213
140 1.000645914773937
141 0.997755309592563
142 0.995833613747695
143 0.996851968545968
144 0.994104938203144
145 0.997032637604220
146 0.996034718594763
147 0.994738493938879
148 0.998235921859292
149 0.993351244962084
150 0.995125392359901
151 0.991638021986259
152 0.995652258565240
153 0.994628317633821
154 0.993677063770373
155 0.994615626801740
156 0.995357590222612
157 0.995282546452313
158 0.992788144161103
159 0.994332833547829
160 0.995456810153260
161 0.995964369851629
162 0.994339825634810
163 0.995756402941959
164 0.991946769950579
165 0.993030601287990
166 0.994826202098360
167 0.997830876558272
168 0.997855476197652
169 0.998294773232998
170 0.993976250762698
171 0.998587785956188
172 1.000450657844791
173 0.996016329202971
174 0.998031478712698
175 0.998580986195352
176 0.997989055859757
177 0.997729617789156
178 0.996814229661732
179 1.001477780030915
180 0.998664792732511
181 0.996903819917771
182 0.996182252030573
183 0.997438882995981
184 0.996315977177512
185 0.998515342830029
186 0.999776362423977
187 0.998461002312464
188 1.000882194869348
189 0.998300071163423
190 0.998732991984429
191 1.001657003469428
192 1.000088800445801
193 0.998555185423982
194 1.000406236056283
195 1.001309631917733
196 1.002953689816199
197 1.001288120574624
198 0.998915817091469
199 1.000519288485657
200 1.001829486353335
201 0.997424785737910
202 0.997567993393151
203 0.998357594532027
204 0.999023884031428
205 0.999804235186440
206 0.997624111015861
207 0.997761989350754
208 0.998238664160254
209 0.996786557298973
210 0.999556943805630
211 1.000821166821771
212 0.997671566676677
213 0.996557498808672
214 0.995412289198547
215 0.996971209710672
216 0.999430428420400
217 1.000781464007326
218 0.997272570582241
219 0.997035118423926
220 0.998203144948675
221 0.997385093205565
222 0.995936035269747
223 0.996656734772116
224 0.996386521263875
225 0.997412428164755
226 0.995345904039410
227 0.995716854266582
228 0.998787728315027
229 0.997144583448183
230 0.997965056935483
231 0.997559869930986
232 0.997107093528096
233 0.996363475801394
234 0.997924840166863
235 0.997657986206171
236 0.997695268582631
237 0.997870204724539
238 0.996521126071627
239 0.997492921830375
240 1.000095427155423
241 1.000146623899367
242 0.998155463460614
243 1.000638991383770
244 0.999267237236244
245 1.000020109226554
246 0.998482925686465
247 0.999157231343316
248 1.000481139990212
249 1.001328495064390
250 0.998598233564096
251 1.002372671368739
252 1.000434040755566
253 0.998721428560790
254 0.999745862466228
255 0.997838668011995
