0 4096.000000000000000
1 0.001650349644478
2 0.005861488760274
3 0.004738783161156
4 0.017697638958149
5 0.027053240872920
6 0.027903588592178
7 0.033792585056896
8 0.031025756108907
9 0.069467467476248
10 0.083540816658676
11 0.089178648609959
12 0.111390306591056
13 0.150088651875115
14 0.125885047488158
15 0.187502335737615
16 0.143113659212152
17 0.151080205568899
18 0.266987007809803
19 0.235300924337935
20 0.279905444461732
21 0.264860921455289
22 0.299282590406673
23 0.406550969928503
24 0.468881054401496
25 0.436804630222642
26 0.471931403264700
27 0.481472695655212
28 0.508271486289145
29 0.500548421628385
30 0.526706389498283
31 0.584719073349753
32 0.574304181486368
33 0.568626505372007
34 0.644276253850477
35 0.671321748930495
36 0.829229646330250
37 0.680510076367411
38 0.773719894779788
39 0.798834853415047
40 0.728331928368326
41 0.818832844755996
42 0.776777484228439
43 0.842563339279473
44 0.770559565631919
45 0.858154106077135
46 0.951500143413747
47 0.918074232212360
48 0.782919617704092
49 0.835814942454147
50 0.889033212573850
51 0.937437221882175
52 0.938190432462411
53 0.985515287966294
54 0.865225801503079
55 1.022865746320136
56 0.989375842947528
57 0.900258294928547
58 1.011593709817504
59 0.967818723937102
60 0.980561317777385
61 0.862993748422314
62 0.895928880941641
63 0.911320792234401
64 0.990915360462074
65 1.004265173053783
66 1.060491795497946
67 0.995531341168625
68 0.866216650106985
69 0.992218933335747
70 1.026149784164902
71 1.022106372690368
72 1.025061712108436
73 1.012756466702960
74 1.029711050945354
75 0.852777150032079
76 1.039770783662486
77 1.013878103695817
78 1.060288927956101
79 0.938588284533903
80 0.978802883413692
81 0.936142833281308
82 0.995227870447109
83 0.923467333797903
84 0.977734256064895
85 1.014042307720027
86 1.031028690248872
87 1.092544528515672
88 0.953681585474477
89 0.935559410747956
90 0.969043784825455
91 0.952779619576177
92 1.037309771359036
93 1.119470367831065
94 0.924027695289720
95 0.996134993814510
96 0.968421472534913
97 0.974113216243472
98 0.935527970449153
99 0.958255634625784
100 0.998913940616675
101 1.044107261172030
102 1.031837011161058
103 0.953102006420989
104 0.989476682404659
105 0.976303662266004
106 1.009098235107109
107 1.007532894275625
108 1.008846258284908
109 0.985916095335794
110 0.926387741437053
111 0.890551948774373
112 0.972705918176965
113 0.999800069072530
114 0.939658730596264
115 0.940184317433482
116 1.024071010301805
117 0.921541238265016
118 0.939825894945936
119 1.004558138456935
120 1.077478722858050
121 0.979783507810245
122 1.092260459877087
123 1.025173132452499
124 0.909711407093787
125 1.048529634287058
126 0.976106290679925
127 1.009094459821890
128 0.971778864367894
129 1.078796901847685
130 0.992230853610783
131 0.953262775358375
132 0.980571359346666
133 0.932473767598317
134 0.988759752767546
135 0.984340989289657
136 1.027375996837550
137 1.080880744121071
138 1.053541129961727
139 1.027262811165876
140 0.945206015082811
141 0.984309151688582
142 0.936503897317120
143 0.947829965682079
144 1.037060353398964
145 1.022526970187848
146 1.012752092827013
147 1.015711597153680
148 0.988950713438338
149 0.987958963893322
150 0.975970840069170
151 1.035761979687959
152 1.011716110733806
153 1.030783399106332
154 0.968132534838282
155 1.078684772017247
156 0.961631922461627
157 0.972183607235396
158 0.945820595013599
159 1.044152346811490
160 1.026727029016635
161 1.126311304017938
162 1.094028862714822
163 0.993677482688257
164 1.009306384529135
165 0.925559057814408
166 1.049094750708227
167 0.983440526784669
168 0.959688733372559
169 1.009542127637606
170 0.977459876363186
171 0.953271293771212
172 0.975283689249204
173 0.887202647198477
174 0.970349737118580
175 1.026591263363285
176 0.976869604670905
177 0.994612154332196
178 1.083418359707189
179 1.059869245013827
180 0.976905985320759
181 0.953803366010539
182 1.017939756600978
183 0.931416208244726
184 0.954343187969051
185 0.982251986928208
186 1.071727439820922
187 1.017796714237888
188 0.942589951689631
189 1.004195384092371
190 1.008899351312379
191 1.032607628655596
192 1.004313826602947
193 1.005334198394475
194 1.026309520858270
195 1.010673267314091
196 0.960734602714999
197 1.003524556965263
198 1.002776415143920
199 0.994059252739028
200 0.941118453498168
201 0.975551468001462
202 1.053305875248606
203 1.014293556196474
204 1.004710916180677
205 0.987546691272380
206 0.975145387066133
207 1.069696124017087
208 0.974399329731846
209 1.023018976153454
210 1.008494806416665
211 1.002268125602948
212 1.023561290548206
213 1.013121903280816
214 0.955484782434290
215 1.000209356942099
216 0.963107779870294
217 1.013037189339906
218 0.978525859270462
219 1.031506028319736
220 0.985279087616224
221 0.988089153627090
222 1.007917287448824
223 1.034221750078655
224 0.916091313487800
225 1.023045719609553
226 1.006043055515313
227 1.004312424787312
228 0.958231459863544
229 0.989367914567720
230 1.016907166555923
231 0.974798611426053
232 1.037129412156728
233 1.000147535799086
234 1.031999304746192
235 1.057118967823185
236 1.010810521792607
237 0.993546999818462
238 1.055632064984199
239 1.002047613081534
240 1.001091705014467
241 0.986282051341491
242 1.004862390652910
243 0.971403152299072
244 1.000272850581318
245 0.985411211045641
246 0.937690053951361
247 1.068743476641859
248 1.050196380289685
249 0.990644336229919
250 0.940862605688849
251 0.972322207031139
252 1.054883084330219
253 0.983128308563671
254 0.973382403932588
255 1.000052518314785
