0 4096.000000000000000
1 0.001073741856127
2 0.003525093132451
3 0.008009624681642
4 0.012701343678624
5 0.023955072992525
6 0.022193499781769
7 0.042846622245604
8 0.074133322744495
9 0.066369026479122
10 0.086386650768781
11 0.085204617566378
12 0.099435019238711
13 0.185054795430548
14 0.176450633042786
15 0.169153236904772
16 0.194599864201559
17 0.272141352585303
18 0.227619542876873
19 0.306792282255231
20 0.277831655753341
21 0.261962082411416
22 0.306093946319651
23 0.382446552418046
24 0.388688045028028
25 0.344847299600183
26 0.423093231048797
27 0.453487976115381
28 0.497493771924362
29 0.508179329519358
30 0.415419983591319
31 0.564886425485559
32 0.589282177287557
33 0.609171388831515
34 0.809491075739757
35 0.553940477644660
36 0.747408096772532
37 0.700925313126824
38 1.536730286919465
39 0.937531739800616
40 0.762583306509557
41 0.689701187719738
42 0.619141742425740
43 0.885868327901937
44 0.966175227023341
45 0.720840640596984
46 0.770774326504189
47 0.724041940884116
48 0.849534456261247
49 0.850161760802716
50 0.807517283070773
51 0.824763587492640
52 0.963521304793743
53 0.815381998701934
54 0.836862866205948
55 0.586968257818462
56 0.807374416019038
57 0.674408112044552
58 0.756920108950278
59 0.834697577513774
60 0.747121347753741
61 0.763485991663451
62 0.687666984253994
63 0.766023262968267
64 0.749021107220511
65 0.678251856277528
66 0.650730173418163
67 0.838191669248828
68 0.821307203058987
69 0.926714861215990
70 1.036900003985487
71 1.293059655177175
72 1.216479096501626
73 1.250579074484441
74 0.856360010793272
75 0.970621663739696
76 0.940420574668174
77 1.241689174264060
78 1.146281656511108
79 1.154793785343062
80 1.041953503445162
81 1.058324709752882
82 1.006187381893511
83 1.110018534316061
84 1.002869498707786
85 0.802999080010332
86 1.046273946740316
87 1.251366885484284
88 1.038612522909698
89 0.905224758003922
90 1.038197749157338
91 0.931509729160091
92 1.089424561018367
93 0.861584769744961
94 1.012301386836389
95 0.848362283845796
96 1.218335836464822
97 1.233181415129722
98 1.050015333671450
99 0.922424143057507
100 1.038889665591925
101 0.994672604982854
102 0.997338854937114
103 0.964632448274763
104 1.007065366030318
105 1.143719391289321
106 1.105923272020351
107 1.120618573699149
108 0.926332033036872
109 1.143535660796631
110 0.986383059294917
111 1.083420976375472
112 1.042623102721398
113 1.192601992097646
114 1.099114603328229
115 2.193504021092487
116 1.123129396296510
117 0.913497667256168
118 0.908632886684499
119 1.071550516031667
120 0.785145422660581
121 0.802271631407318
122 0.798834367616839
123 0.794192517483639
124 1.180438940959580
125 0.763111967270766
126 0.860661833797518
127 0.846701023950025
128 1.223313100094314
129 0.952387923040234
130 0.787282642432198
131 1.004338682225151
132 0.879469326143722
133 1.021192502580611
134 0.888043656469310
135 0.922956024955463
136 0.907910991119827
137 0.866617946687502
138 0.808902495591942
139 0.875630138696997
140 0.869187467582684
141 0.996369804791980
142 1.072843446602853
143 0.834961510996720
144 0.901938707411924
145 0.829826136585438
146 1.007191981715014
147 1.024211656645993
148 1.169175792832052
149 0.952771332742704
150 0.836791486602947
151 0.968824032801665
152 0.910899233864143
153 1.003140777512732
154 1.256902792295997
155 0.874845886906805
156 0.905225857448812
157 0.931935333794308
158 0.975239884970858
159 0.962974048511035
160 0.949026725651275
161 1.173759638045982
162 1.287374248142884
163 1.001807710445852
164 1.114981494902187
165 0.937552795263426
166 1.085137920946073
167 1.146911099927884
168 0.926672511390287
169 1.057257831037072
170 1.003725405233644
171 1.032495229486098
172 0.948986861332633
173 1.074220212819147
174 0.969613459797489
175 1.057220213606692
176 1.083237120248530
177 0.982184306845398
178 0.989382129734719
179 0.976425933486806
180 0.970812736977064
181 1.139700687306694
182 0.992384672697711
183 1.009568333795323
184 1.101144486598586
185 1.084148462147327
186 1.007407913630760
187 0.984045024597188
188 1.059411327058508
189 0.901434659711753
190 1.113852660970390
191 0.901196517678374
192 0.929332624367274
193 0.895549009815616
194 0.920305374728581
195 1.121386328542868
196 0.997532004991804
197 0.922734739110290
198 1.005726991048633
199 0.944738973564727
200 0.911345804343318
201 0.878934297444999
202 0.777088843132202
203 1.095723008549573
204 1.048351743210922
205 0.997302858934359
206 0.942379946016431
207 0.931593801351797
208 0.878469126836112
209 0.958681771687124
210 1.235709394812463
211 1.162661951752757
212 1.173516933892798
213 1.203370082259482
214 1.101953836095812
215 0.894755644952976
216 0.881624082760580
217 0.951044297986482
218 0.988868027627762
219 1.048776616305579
220 0.865639723451369
221 0.999224790615606
222 0.929819518405168
223 0.864991547995310
224 0.847210967954627
225 0.789545483168580
226 0.918533450996755
227 0.995377423328870
228 0.952263729764535
229 0.934347942546967
230 1.013805016700871
231 1.015741137456739
232 1.048230663332647
233 0.935016774550595
234 1.048326545088553
235 1.001163299520988
236 0.989584701949827
237 0.997446810635346
238 1.241655670642542
239 1.375645217131600
240 1.051526551786485
241 1.412342893796305
242 1.186156919792874
243 1.054292839078392
244 1.092687676103578
245 0.949062096523878
246 0.980833480080846
247 1.004367912373918
248 1.036976329745304
249 0.952291566310089
250 0.890445696268552
