0 4096.000000000000000
1 0.001020308681442
2 0.003467373017708
3 0.008165042882736
4 0.013271158769246
5 0.023650285008774
6 0.022579720307917
7 0.042828319097199
8 0.074254667538332
9 0.065648565269264
10 0.085387327816422
11 0.083384656678398
12 0.094837959576582
13 0.180741945293610
14 0.175664137365529
15 0.162774039628965
16 0.196748082941858
17 0.266503228351501
18 0.229181377601910
19 0.309732403903967
20 0.286492477293987
21 0.265485194193018
22 0.308517063179760
23 0.389268453368692
24 0.396337675996773
25 0.355051418625253
26 0.435766978301048
27 0.462380131330527
28 0.499523262948891
29 0.521187052389345
30 0.419063776676717
31 0.560345059328902
32 0.584469934694448
33 0.609798543504558
34 0.804770052316716
35 0.544305021503319
36 0.732806030202469
37 0.717562079346121
38 1.550853430891362
39 0.937653618824691
40 0.761027076489799
41 0.685806952411115
42 0.606525613097060
43 0.894496048780918
44 0.952941793506719
45 0.701757330809973
46 0.775923658010770
47 0.720926895174429
48 0.858015577085852
49 0.832232811032624
50 0.800504962326463
51 0.817410126919620
52 0.952548658904621
53 0.794016479085769
54 0.841167901627023
55 0.584516125425063
56 0.804420144880150
57 0.671112143587774
58 0.750218310665810
59 0.831724204000183
60 0.743652418898691
61 0.754035608817295
62 0.692455527952751
63 0.761441562158652
64 0.751574937328828
65 0.679900341919148
66 0.642620258026248
67 0.844549896090394
68 0.827047564743086
69 0.915373505587690
70 1.011063150136759
71 1.213271557762371
72 1.246366821216144
73 1.235306121354310
74 0.867170424050948
75 1.026420503094950
76 0.922124612010071
77 1.250328825613086
78 1.151559507935911
79 1.163599472326180
80 1.046333909218313
81 1.052656231248457
82 1.012346549610326
83 1.125807110349363
84 1.026169020530998
85 0.822868045890858
86 1.065920026294036
87 1.281026191354036
88 1.036344020297755
89 0.900357009923806
90 1.044990549739978
91 0.924775600705900
92 1.080960416482922
93 0.870850562476931
94 1.037631642240341
95 0.862181005306851
96 1.230794913961972
97 1.240250394029479
98 1.043713272262576
99 0.932170874600852
100 1.040512473751186
101 1.012241048235484
102 1.017900768932289
103 0.984874824082607
104 1.019189434060828
105 1.145152348868587
106 1.110114358748293
107 1.123525562467651
108 0.920090073791017
109 1.124687133958278
110 0.985465573004665
111 1.063249325995528
112 1.043076800765683
113 1.190838175533967
114 1.095745633420539
115 2.184179039260500
116 1.135099020633063
117 0.925213480496930
118 0.914351213379553
119 1.075895738309171
120 0.780765300750109
121 0.816682566101565
122 0.799408175147946
123 0.785794398125638
124 1.178366045409409
125 0.743781828875836
126 0.840093123574547
127 0.860973783199881
128 1.228903661877889
129 0.958606355286654
130 0.785107574804546
131 0.989816395300550
132 0.865352230843004
133 1.007090187707148
134 0.904767680951381
135 0.918262033401786
136 0.901032981727676
137 0.863288372937541
138 0.794211854935489
139 0.869908244230034
140 0.867610013718436
141 0.986303954103496
142 1.072067098821566
143 0.823300307611793
144 0.897422164354364
145 0.826180054705197
146 0.999556475379645
147 1.018932711823013
148 1.146143172403248
149 0.935397939807222
150 0.826149891280959
151 0.965494425750440
152 0.899877500059696
153 0.980272871733179
154 1.242641486465774
155 0.879905712808906
156 0.909883606546809
157 0.916747613823246
158 0.960253641915406
159 0.961822365732628
160 0.966495762763684
161 1.179723602359072
162 1.277397899135289
163 0.986442174381488
164 1.120205241901804
165 0.946265868181830
166 1.103510661667238
167 1.153479166898393
168 0.931576410215819
169 1.055134220322687
170 1.023142125522635
171 1.033305497389905
172 0.953577519260666
173 1.064793456189224
174 0.976895771535685
175 1.050422260982156
176 1.087278591710458
177 0.993797197135940
178 0.996328205148297
179 0.973608698414121
180 0.993936300163417
181 1.149464712075845
182 0.999942006087185
183 0.999749725524809
184 1.093651338247750
185 1.084656250385651
186 1.007094533695064
187 0.977845624535405
188 1.073040914735330
189 0.904405180553359
190 1.140048306304839
191 0.912088368168409
192 0.939221204788787
193 0.906314366189406
194 0.919168299655051
195 1.121703265110255
196 1.008764635485010
197 0.916920399388938
198 1.002060855052421
199 0.932899896585699
200 0.926245913165769
201 0.880735638494033
202 0.777620771278183
203 1.103163188116847
204 1.054451101725350
205 0.995128528679711
206 0.939244424898273
207 0.933044207515137
208 0.877597160305292
209 0.941894223633782
210 1.235985506043427
211 1.181765941857330
212 1.157933284510932
213 1.183764440294416
214 1.101514766211549
215 0.889712384198450
216 0.876732388856662
217 0.950127199462175
218 0.971051975663910
219 1.032915701410499
220 0.853967005616815
221 1.004120223916429
222 0.923909237236396
223 0.855211094918195
224 0.836032474558979
225 0.783240758736783
226 0.914240508604266
227 0.984105232593846
228 0.947153179222392
229 0.930736558413314
230 1.005417950117734
231 1.013042590687325
232 1.047170222761479
233 0.940550700363552
234 1.061466687530704
235 0.991589820624916
236 0.992026717685574
237 1.009537941966814
238 1.246271558987848
239 1.374713609275786
240 1.047747110750735
241 1.427717937278768
242 1.197916115174941
243 1.044013218867999
244 1.111008303902324
245 0.953688602733003
246 0.986043507954712
247 0.998663297306047
248 1.031666003356942
249 0.952057359250523
250 0.888156124292214
