0 4096.000000000000000
1 0.000988391277626
2 0.003561175728221
3 0.008665787188921
4 0.013608761984271
5 0.023561334705775
6 0.023805707431547
7 0.042906031281227
8 0.077672254874238
9 0.065600512584230
10 0.086925388874368
11 0.087401567637442
12 0.093306042575880
13 0.178580071306096
14 0.180694525645539
15 0.162446065392830
16 0.203075676023311
17 0.269459700471298
18 0.236186913501203
19 0.297961019774365
20 0.292402922602819
21 0.273667491152867
22 0.308409697766696
23 0.407911286074098
24 0.410440605461148
25 0.372588406541273
26 0.464922030150327
27 0.485087759250569
28 0.509972217603391
29 0.532805869037707
30 0.414696361475359
31 0.567551422438219
32 0.596777459605761
33 0.650209166346468
34 0.829047547880670
35 0.572706706636754
36 0.732874801144073
37 0.739115733086686
38 1.596050380784375
39 0.949608161925208
40 0.796423160270953
41 0.684275029295185
42 0.600681323960338
43 0.896791065330462
44 0.905305086261627
45 0.668198543406225
46 0.759843057225170
47 0.707393945104080
48 0.817039228993863
49 0.798642304057668
50 0.764768121329852
51 0.815709087743556
52 0.955883521477500
53 0.780379346231514
54 0.866975523893658
55 0.587700165922947
56 0.787526501546974
57 0.652728706900803
58 0.763613666086714
59 0.831866974703959
60 0.753836694870615
61 0.732909394597093
62 0.673673871166274
63 0.745399976452633
64 0.744556578526142
65 0.680051181262356
66 0.640618876617412
67 0.857540935526614
68 0.830500052981608
69 0.924962864697424
70 1.033334829217269
71 1.198707617959302
72 1.325537972193868
73 1.264282426198273
74 0.853605842387473
75 1.071649734335969
76 0.911163444688489
77 1.219900183897055
78 1.134117780606617
79 1.150890637714131
80 1.037738066118799
81 0.963557702174839
82 0.965988997423656
83 1.122324504200897
84 1.029597580062950
85 0.860752572819869
86 1.060353389001358
87 1.311002296139661
88 1.057908332367844
89 0.896879540469141
90 1.059268916854587
91 0.913198786041011
92 1.092179238467499
93 0.869088128262328
94 1.059046533274344
95 0.870561959735683
96 1.254226416759190
97 1.246948487554588
98 1.021659153093855
99 0.947918956819222
100 1.041518261815266
101 1.014416399997074
102 1.028131176856675
103 0.965147874295396
104 0.996435004699552
105 1.088579262631881
106 1.084617362475481
107 1.104287654226738
108 0.927849353695482
109 1.125685916166700
110 0.992202602998500
111 1.086139542128617
112 1.048690517808563
113 1.223819651923412
114 1.107951773631881
115 2.207409360785632
116 1.172301462976052
117 0.926214057210614
118 0.906449702720272
119 1.073340393479828
120 0.803118780319670
121 0.845474869446136
122 0.795757029792340
123 0.768420618749866
124 1.185697432537838
125 0.741551775132441
126 0.835270367500408
127 0.868319433581641
128 1.240125076578956
129 0.973330839311472
130 0.788226521308783
131 0.988500027249332
132 0.849209624299939
133 0.986464555143221
134 0.896480873138007
135 0.918349304653562
136 0.902737702854869
137 0.861368733987453
138 0.799818258402459
139 0.879534871621519
140 0.866074268391372
141 0.985160920601210
142 1.081705823540458
143 0.801978220173668
144 0.894756534347538
145 0.828933811970776
146 0.975955033719516
147 1.015687220918918
148 1.119443939495939
149 0.923117220310589
150 0.815060855605515
151 0.947966323488623
152 0.901290561355522
153 0.962193773143579
154 1.215305478133431
155 0.874151117049012
156 0.905520171440431
157 0.925215461557204
158 0.966224358950732
159 0.975697352994926
160 0.999719994298635
161 1.182470333863870
162 1.224522856190638
163 0.986228414251858
164 1.115175901370239
165 0.944992702084709
166 1.108342651900723
167 1.145740419064747
168 0.917389257813545
169 1.038193999546153
170 1.047295273829615
171 1.040777098731811
172 0.946195033096274
173 1.066336359836059
174 0.985452350582930
175 1.052166982942145
176 1.080614037732453
177 1.017315990435288
178 0.993048081886052
179 0.970283423111748
180 0.995244817554062
181 1.176272216291786
182 0.996313100839805
183 1.007299808963523
184 1.091964729837088
185 1.091531064023041
186 1.006089157224750
187 0.974837913528464
188 1.094003733913829
189 0.898827667250997
190 1.152404564105574
191 0.910442387047332
192 0.947709475439271
193 0.897609926237145
194 0.925075169955147
195 1.152812263607659
196 1.021201194494104
197 0.909806489669275
198 0.994630669089779
199 0.936548294125786
200 0.947673358389483
201 0.888617449618549
202 0.786092621994819
203 1.119265441115350
204 1.055812140798180
205 0.986063823644877
206 0.921585875082624
207 0.930677025234603
208 0.864190120806991
209 0.926908919980270
210 1.187067623899137
211 1.201229035950244
212 1.155158944145675
213 1.178488378014294
214 1.102313373884548
215 0.880713197671576
216 0.867115888625115
217 0.947085783105467
218 0.957459792344832
219 1.020619131706437
220 0.852118586272819
221 1.014888514647054
222 0.930583592617180
223 0.855013354855541
224 0.838766476323301
225 0.781145989252779
226 0.907842368392451
227 0.987922082555603
228 0.933583380847391
229 0.929044726801640
230 1.012498333534523
231 1.017106373702017
232 1.036588921286285
233 0.955221890892572
234 1.066252376198447
235 1.003950179483214
236 0.993430590271880
237 1.023352224689521
238 1.255104453100075
239 1.397903614748786
240 1.056853560378931
241 1.421842614515602
242 1.188297283895300
243 1.028381594903978
244 1.110846632106628
245 0.960579221500484
246 0.988730755723341
247 0.991598803236886
248 1.024314770368558
249 0.954498652221495
250 0.897589633475846
