0 4096.000000000000000
1 0.000861791842839
2 0.003715705848776
3 0.008502675871486
4 0.012928918741065
5 0.024163700512632
6 0.021730641130487
7 0.042182532812659
8 0.098791157868230
9 0.071456011383270
10 0.087753959780066
11 0.094144164615902
12 0.104929295516795
13 0.187712012359980
14 0.178835067861408
15 0.171034742784084
16 0.178012134351368
17 0.266464533567893
18 0.234875568999486
19 0.284970191808774
20 0.260137648507741
21 0.257173349890740
22 0.276406724563907
23 0.400790554621670
24 0.393126830629393
25 0.358923033604368
26 0.413189829677976
27 0.425759989137543
28 0.508470811226025
29 0.482983633585561
30 0.384607246376572
31 0.544334521642392
32 0.603172820539504
33 0.636030919486087
34 0.876157396135537
35 0.541101179357663
36 0.736722910316243
37 0.726875599840370
38 1.542678004450785
39 1.018520340714553
40 0.834056027953847
41 0.690752911210978
42 0.621621994703994
43 0.875661966458734
44 0.910275430186136
45 0.714765088293693
46 0.752356188051228
47 0.676894458478687
48 0.738237943143064
49 0.815739260845120
50 0.740626988841427
51 0.855102734464400
52 0.917470364086419
53 0.810654746535764
54 0.879850863085693
55 0.610803724073329
56 0.921548827714024
57 0.716193672631214
58 0.820041376438632
59 0.853964549877533
60 0.769805652636034
61 0.757380862725959
62 0.676002827040332
63 0.711165827478074
64 0.744799501550151
65 0.710046827353786
66 0.663616175844414
67 0.845188073649809
68 0.824544519827228
69 0.966964570068995
70 1.141864730197076
71 1.343840715935444
72 1.322241419209236
73 1.254502273384096
74 0.833297703913054
75 0.953854414752878
76 0.923801576673587
77 1.198607687511449
78 1.246884228539278
79 1.142975874162260
80 1.020932826744223
81 1.016745237022992
82 0.909871826349505
83 1.112343241403936
84 0.960906329100623
85 0.858047669666847
86 1.024463950379843
87 1.238611393918522
88 1.043461722615177
89 0.911067454817858
90 1.062440626755858
91 0.895405667344023
92 1.131590443781036
93 0.841465044973821
94 1.004779551757024
95 0.864987478888806
96 1.231540614827712
97 1.145910251716922
98 1.004549887590561
99 0.915347613398391
100 1.049546814685434
101 1.037069556620521
102 1.066249487389532
103 0.944543533754507
104 0.944182090758762
105 1.040340647972078
106 1.072299891414748
107 1.059123013701992
108 0.969485897286798
109 1.109471921065511
110 1.015347863485455
111 1.065270982188709
112 1.145722211734890
113 1.198036736229962
114 1.075028401326826
115 2.290509478932492
116 1.192321999593518
117 0.887927579015695
118 0.942843892298107
119 1.156490653435670
120 0.802596805308898
121 0.833770516805035
122 0.806298798878895
123 0.773165096313369
124 1.179840823821020
125 0.742553919842952
126 0.777658143223059
127 0.835072636870584
128 1.243770869089518
129 0.965078087011140
130 0.794990670428295
131 0.971331099551181
132 0.845164462930683
133 0.993650286377710
134 0.874163373015549
135 0.945327986686410
136 0.933090371351014
137 0.928884913167562
138 0.815461179352485
139 0.882800887433187
140 0.855522393229766
141 1.001658883849011
142 1.104209383225626
143 0.809841928469478
144 0.903580705712589
145 0.810793776147368
146 0.976819003068348
147 0.989168666249607
148 1.076207286391818
149 0.945446799410363
150 0.813603226106583
151 0.957222218157682
152 0.928205067978882
153 1.000264933079115
154 1.201529890989703
155 0.863182219157377
156 0.905270163632594
157 0.918504849076216
158 0.972092347404587
159 0.951754644563532
160 0.951460221382141
161 1.144807439944125
162 1.301509936189878
163 0.982616628826582
164 1.109632235245030
165 0.947566430575628
166 1.093362297117378
167 1.178659074671624
168 0.904291112325229
169 1.055258304946283
170 1.071552031337846
171 1.012271446519440
172 0.943213233718522
173 1.116052314180994
174 0.993959875346301
175 1.063341559299422
176 1.107669454386199
177 1.005689876201360
178 1.006287271746920
179 0.946143057795132
180 0.969455158003542
181 1.189910741216928
182 1.005887207262792
183 1.041093276340598
184 1.117039028407464
185 1.113826408314717
186 1.009267365626681
187 0.970007497439495
188 1.089718422699668
189 0.902215146994825
190 1.112603741155335
191 0.895140819665822
192 0.927992896418383
193 0.893841706470954
194 0.934928600360015
195 1.109763757746466
196 0.992663561626729
197 0.917357327277305
198 0.974279026928685
199 0.911633639510121
200 0.930618665142821
201 0.860139837240214
202 0.759766668387072
203 1.071625166242278
204 1.072415727496501
205 0.959730466263699
206 0.897134974350070
207 0.919337340655238
208 0.858257874386163
209 0.936442703397021
210 1.159916064777160
211 1.128811209989546
212 1.178665988585881
213 1.233989541998386
214 1.075631992002956
215 0.862397573912911
216 0.855841515464035
217 0.934006412158453
218 1.042232730746402
219 1.073126829009942
220 0.875963392044662
221 0.985757049280307
222 0.998712643766151
223 0.866208661228486
224 0.829003935066106
225 0.785312561988381
226 0.917873446064005
227 1.026477758259391
228 0.969977405072685
229 0.918951347450158
230 0.987924838574259
231 1.034351537496241
232 1.038699231603625
233 0.944776856938782
234 1.030203186818132
235 1.032176637858393
236 0.983966428940717
237 1.001701164277875
238 1.241016545566317
239 1.487998007531549
240 1.061953223529014
241 1.412864625177612
242 1.161763565635072
243 1.058018212147846
244 1.088505330462547
245 0.962522644882929
246 0.983070974332579
247 0.983084991126974
248 1.023392190387154
249 0.945403699545596
250 0.890435010382262
