0 4096.000000000000000
1 0.000587841083224
2 0.003026288203218
3 0.009259466460624
4 0.011174847695059
5 0.017794794310513
6 0.011069686010260
7 0.021190486217133
8 0.038147181445635
9 0.028236230580005
10 0.042150406187672
11 0.049061215249164
12 0.045137210341079
13 0.093149934474383
14 0.151558929827676
15 0.164061808137418
16 0.186762587359990
17 0.296652371329571
18 0.186930678507033
19 0.263722780175475
20 0.237216887761282
21 0.215907703404067
22 0.230751356450168
23 0.338278324634453
24 0.334474958724263
25 0.343375244058793
26 0.275239476845554
27 0.259689961146109
28 0.371733773261872
29 0.348544985592888
30 0.322063836988267
31 0.438657526720588
32 0.356876327561540
33 0.367242779382862
34 0.503881426117608
35 0.327215690308702
36 0.595751720754812
37 0.591741641458343
38 1.234739366919783
39 0.799499615666762
40 0.602459315798249
41 0.577116901050559
42 0.673770126891066
43 1.036351617291007
44 1.121575937184800
45 0.757949693971191
46 0.711653292334614
47 0.844020291602208
48 1.068050784936363
49 1.093660274044577
50 0.881443797789854
51 0.973425742657901
52 1.272023021183069
53 0.936191374678763
54 1.073514727314316
55 0.602633430488692
56 0.941402595953600
57 0.898943483630565
58 0.824441435392266
59 0.919337503846902
60 0.754401540004992
61 0.895322128420496
62 0.788698804135137
63 0.782614148068200
64 0.933800885199098
65 0.616779290326539
66 0.736814101961098
67 0.800204839039198
68 0.845247322813832
69 1.046544248284281
70 0.690425557659320
71 0.973689731856943
72 0.961148801608244
73 1.269516277823383
74 0.882452302936820
75 1.014945462091547
76 1.040489661252793
77 1.561035974928300
78 1.401210458168989
79 1.611898796131987
80 1.326619115150223
81 1.300228181475958
82 0.887818098310721
83 1.155948465776222
84 0.895136641714652
85 0.812066663629741
86 1.046472994010185
87 1.098694529501879
88 1.132150118254068
89 0.753312864905446
90 0.817209215667595
91 0.864959431966120
92 0.894009153803881
93 0.728503974854641
94 0.821538715553072
95 0.701099651790429
96 1.182302641529222
97 1.293874660571349
98 0.868347506518400
99 0.776776482475840
100 0.804231110176700
101 1.232681048168979
102 0.889375866110987
103 0.987764205209815
104 1.165517019380476
105 1.154866085722978
106 1.087355158103668
107 1.045238653571360
108 0.819863236177791
109 1.220270150205543
110 0.947025087267623
111 1.095464885176348
112 1.226928333607480
113 1.326199508259362
114 1.103906551823942
115 2.211878018900902
116 1.045766437028921
117 0.800054090481819
118 0.989328853958569
119 1.034045633266605
120 0.799071980210076
121 0.791914373209385
122 0.984478235296478
123 0.844185543630463
124 1.143541117270265
125 0.716214579878171
126 0.713197423055992
127 1.000497157300060
128 1.347671517297656
129 0.904492690960053
130 0.780959900468459
131 0.996947303358288
132 0.810721226653192
133 0.966922354203529
134 0.773783265205643
135 1.031679011754274
136 1.009476025281322
137 0.955670224326615
138 1.063683170840314
139 1.016277026031320
140 0.882981058589096
141 0.921739334211058
142 1.107849658714561
143 0.818352620427661
144 1.010612192964234
145 0.941664228786072
146 1.146486057779827
147 1.047313895495066
148 1.045473798178477
149 1.053544347600235
150 0.902407688370075
151 0.969681701859618
152 0.929640223889705
153 0.861093760265258
154 0.979413492760008
155 0.858453328288613
156 0.843952657445411
157 0.707610176735415
158 0.819769544457166
159 0.816148409586248
160 0.721187414188197
161 1.200759756075853
162 1.151367140214154
163 0.935194218641239
164 1.038166103211828
165 0.851048180605364
166 0.816745575876080
167 1.072026204489465
168 0.939555081079319
169 1.139029892958896
170 1.037070221071174
171 1.059139026184374
172 1.041300317758467
173 0.849135895438779
174 1.033713123222442
175 1.319033473528148
176 1.316778584736001
177 1.202649111262192
178 1.149240380790677
179 1.121582296485256
180 1.205365522131749
181 1.104287804175228
182 1.067328030923842
183 1.030311331375411
184 1.155185205696701
185 1.268708114698139
186 1.104984820082932
187 1.013125684258770
188 1.178883101569387
189 0.936506641443469
190 0.924349061240618
191 0.847271867151524
192 0.811715147908249
193 1.015570391674657
194 0.946435906262127
195 0.972141769241892
196 0.958362960058935
197 0.789776971876533
198 1.076163225863257
199 1.032227338741189
200 0.960216411709205
201 0.797122266848249
202 0.693059602810707
203 1.038393527866340
204 0.975885377883720
205 0.854127919646548
206 0.771734755880302
207 0.804176346668824
208 0.869951760864143
209 0.921771646953011
210 1.699283251104544
211 1.286710965139217
212 0.938146619076260
213 1.101225714955169
214 0.914774221479483
215 0.813896392808462
216 0.855691221894777
217 0.889569015044921
218 1.184860743162818
219 1.139805157998011
220 0.992240731392246
221 0.949748274764658
222 0.966091430240017
223 0.840379813424895
224 0.900292560626364
225 0.725190800926228
226 1.028366755131711
227 1.068427609832240
228 0.913794313707642
229 0.925981178272498
230 0.998885497287386
231 0.917126021923978
232 0.960897104100729
233 0.927984120735686
234 0.950424389791573
235 1.056897710173796
236 1.079396499206405
237 1.069195234834474
238 1.201749463935013
239 1.506113331718324
240 1.302573112550966
241 1.814341194522156
242 1.142715547720399
243 0.831525972107956
244 1.012638608596411
245 0.855265249124726
246 0.869057493555753
247 1.069948710533615
248 1.141552892691891
249 1.053058021316694
250 1.024685787130968
