0 4096.000000000000000
1 0.000183147347853
2 0.000214666269353
3 0.000219066115902
4 0.000225668591638
5 0.000240383772288
6 0.000227114053039
7 0.000238712887258
8 0.000232118184557
9 0.005135310777968
10 0.002139035147561
11 0.001080186637373
12 0.001720555436962
13 0.000949611762691
14 0.001368638758745
15 0.002055106385970
16 0.001416479309251
17 0.001591662141264
18 0.006609651362831
19 0.023771083582952
20 0.001948115315196
21 0.003030220001411
22 0.002559869126141
23 0.002013534571802
24 0.046148307614970
25 0.001314231087861
26 0.001645609726827
27 0.037987934836584
28 0.009578369518903
29 0.048142556798766
30 0.026828713983927
31 1.604048035049303
32 0.018085636849809
33 0.006331037430858
34 0.015231606808120
35 0.026264129575283
36 0.011271975354850
37 0.023491546214296
38 0.088538650258657
39 0.021342138994493
40 0.018909260486361
41 0.075570615491358
42 0.269289769936965
43 1.326936846726301
44 0.065211637973583
45 0.034698764851791
46 0.014116501031644
47 0.023972387777005
48 0.061569617916058
49 0.095275764958182
50 0.349790634912775
51 0.648245685673294
52 0.178272121222307
53 0.497806078506244
54 0.985180563335233
55 0.595897940053315
56 4.618231556270537
57 6.219254087030304
58 0.920226108393054
59 0.420856487169133
60 0.542875669578732
61 0.630486438404326
62 1.754582350392354
63 6.889726172874398
64 0.538336319403516
65 0.163172642751333
66 0.756325708860346
67 0.644290469491851
68 0.575147998814649
69 0.183889200543788
70 1.054905901326203
71 0.908076272448714
72 1.155372500525314
73 1.395392641160672
74 1.142514452866548
75 0.183311116627767
76 1.710952672200873
77 0.265420474270442
78 0.118270302396014
79 0.739822570695732
80 0.656485621741090
81 1.989264105017477
82 8.028169858413447
83 0.635028867581582
84 0.675892930396177
85 0.937683627961046
86 1.230803767988478
87 1.878578134219336
88 0.730737850823495
89 0.197503083086641
90 0.194469115081427
91 0.967827829365965
92 0.259802409672003
93 0.106860767190235
94 0.166287305634077
95 2.004204095550365
96 0.414776155313462
97 0.109268621886695
98 0.216595294643650
99 0.705920695379578
100 0.326020692239176
101 1.004141688858130
102 4.820970436480691
103 1.184016136167994
104 1.622191663062392
105 0.460465705580508
106 0.248898563886036
107 1.046858783576294
108 0.164541111419741
109 1.457394918633177
110 2.224041074311481
111 0.831876889253458
112 0.319198649306673
113 0.972841534066940
114 0.363593888634839
115 0.184634095788404
116 0.265191980113317
117 0.156302573924974
118 0.069721062090231
119 1.192697092228702
120 0.181325379141571
121 0.167751507408044
122 0.066957927574991
123 0.078878784574042
124 0.497193639632369
125 0.095416907709553
126 0.223662146250311
127 1.357957394803703
128 0.523880168888129
129 1.145707197948464
130 1.023148241164921
131 0.466156450029686
132 0.687775093493626
133 5.489961640264383
134 0.676986424137501
135 1.371965111492186
136 2.650257839157398
137 3.105088636568181
138 0.736678637280170
139 0.817603412646029
140 0.356499532865018
141 0.650229146871449
142 1.222647193607973
143 0.600748126250156
144 0.877772464082594
145 0.805466716367642
146 0.207124666068123
147 0.408059266226369
148 1.723282774146439
149 0.303621273651341
150 1.149219762230987
151 1.869631773676022
152 5.099374073183310
153 2.733491126063576
154 0.759278376701388
155 0.655698100520021
156 0.815660415108213
157 0.468427430399135
158 0.509314436024200
159 0.656655021127336
160 0.390641330639488
161 0.295990208872727
162 6.767295843519605
163 1.019274394423531
164 0.954737011150216
165 0.962461179225328
166 0.656138408124177
167 2.001132686335104
168 0.292570036514162
169 0.552456807684610
170 0.099631070939619
171 0.228167709468936
172 0.183743052925431
173 0.147454165956914
174 0.264826552174947
175 0.398677911903310
176 0.099340125205095
177 0.163026565167243
178 0.209507816748101
179 0.306189899213820
180 0.277540900563035
181 0.196280802609294
182 0.172539704210240
183 0.269000351805041
184 0.432124308699090
185 0.277495123509903
186 0.456629872036816
187 0.303491528110032
188 0.262257932877314
189 0.810807605595637
190 2.257951376441197
191 2.120763328298018
192 3.979502185862736
193 2.561490151893020
194 0.688518863127553
195 1.239744245531136
196 0.688603939773419
197 2.415988169699756
198 1.948967436739001
199 0.753610951597276
200 0.552827166307715
201 0.721250912534420
202 2.263685088889795
203 0.725330695789367
204 0.551442074550734
205 1.357644694139654
206 1.448289027078670
207 0.581933123116979
208 0.320284105287032
209 0.697814944701868
210 0.210453474873275
211 0.758738702343246
212 2.672858733428391
213 0.334695411978170
214 0.690858677933523
215 1.198197197052083
216 1.436808146664468
217 2.232808173630854
218 0.500319100772887
219 0.919352764972473
220 0.993327804730649
221 2.107034747801791
222 1.769975650760446
223 1.986055452971290
224 1.959815734458146
225 1.141323564969261
226 0.473606804363364
227 1.002702418204385
228 0.284570906733145
229 0.417967050629757
230 0.258932815882346
231 0.355517880592353
232 0.320474695329130
233 0.349345128012250
234 1.259233127434116
235 0.326916457776062
236 0.724328557579475
237 0.240530772994803
238 0.903708945834508
239 1.470877173546486
240 0.737429425586139
241 0.290430524757122
242 0.724978637178968
243 5.226193893455384
244 0.576802893718423
245 0.336449609382815
246 0.405944552866508
247 0.268660040288938
248 0.703923850390483
249 1.535014723409019
250 0.365216010839944
