0 4096.000000000000000
1 0.001033489192921
2 0.003523754338214
3 0.008192125015873
4 0.012934752191254
5 0.023905345482691
6 0.022366886236746
7 0.043372790103935
8 0.073964088326866
9 0.066193679627319
10 0.087071054973230
11 0.084905417732194
12 0.100042110518849
13 0.184603961655457
14 0.177298235623068
15 0.165607105642676
16 0.196496890110806
17 0.268403184633690
18 0.226301271730401
19 0.304990253584756
20 0.278140603153781
21 0.261237940581802
22 0.307865869316621
23 0.383900287219088
24 0.390184802870741
25 0.343032025223484
26 0.429140141480523
27 0.456638885056892
28 0.499032651222970
29 0.511309825507821
30 0.418486642866290
31 0.558749763806358
32 0.593721186916609
33 0.614615042057855
34 0.814415968178414
35 0.552788380628395
36 0.733057009403544
37 0.709755453879572
38 1.540164022845008
39 0.939423579070986
40 0.769382605444715
41 0.686977707176032
42 0.610303711653081
43 0.887131114095561
44 0.956012260496418
45 0.709273850547182
46 0.768961889039005
47 0.718220607016403
48 0.850016953671758
49 0.836125220984554
50 0.795208507732715
51 0.820659437725047
52 0.964896684806343
53 0.800346776639982
54 0.837271582301326
55 0.583489616713477
56 0.802364230462359
57 0.678839361865686
58 0.757101087407799
59 0.833747185034795
60 0.750126130082246
61 0.759693319469210
62 0.686418773566270
63 0.764947971154151
64 0.753803946311514
65 0.681670222256439
66 0.655331020068759
67 0.847080181096636
68 0.825775928994431
69 0.912454700655103
70 1.029031091034161
71 1.275527732812649
72 1.226273714246952
73 1.249891992472375
74 0.854265615306415
75 0.996115633369261
76 0.925000271692978
77 1.234201390899757
78 1.150785057572286
79 1.155847185856884
80 1.044899674635580
81 1.052845576431352
82 1.013701633784382
83 1.114328249496386
84 1.018930965110313
85 0.810412526563563
86 1.048939539016749
87 1.259275962142560
88 1.025472286826425
89 0.903142111043049
90 1.040470848201376
91 0.921082024447474
92 1.079681151366985
93 0.860415127648857
94 1.020173032900861
95 0.853442240707230
96 1.225312973830414
97 1.242319348663447
98 1.056930491582418
99 0.927877283970846
100 1.050311093047499
101 1.003567593273091
102 1.012054164595994
103 0.969097787459737
104 1.008949387211657
105 1.149031432989964
106 1.109656866933050
107 1.130124881236828
108 0.927020090976657
109 1.127977372530480
110 0.985294370528088
111 1.059621153122376
112 1.037119177850933
113 1.187536332389334
114 1.099746251640520
115 2.188766988298388
116 1.124590914321125
117 0.914355009612109
118 0.904604964295307
119 1.076347086400449
120 0.779950856555740
121 0.809505562235929
122 0.798386827043694
123 0.791620746827750
124 1.184080980337324
125 0.756890160178588
126 0.864007823156603
127 0.854022569485132
128 1.227153014330456
129 0.959413550916563
130 0.790478916951375
131 1.003162747456037
132 0.880309872544166
133 1.014164678628520
134 0.895102003775808
135 0.915691504357107
136 0.907228421303211
137 0.870307808999022
138 0.797283171280145
139 0.873299010646597
140 0.868183080517511
141 0.994001783888574
142 1.070627398011065
143 0.832934478253270
144 0.902203436732121
145 0.827772256946392
146 1.001737684088360
147 1.022034150551773
148 1.170871602655542
149 0.940291577223404
150 0.835606496451956
151 0.967204305656519
152 0.904351762705991
153 1.007584515401214
154 1.258835652497774
155 0.878680362269967
156 0.912479214881525
157 0.928677855490586
158 0.964556416032788
159 0.963468917696768
160 0.956949318789424
161 1.168604594134868
162 1.287276322934436
163 0.994527946417717
164 1.105110322239900
165 0.934264119082541
166 1.099833023961664
167 1.149668077010295
168 0.923362039149971
169 1.054694081695190
170 1.010665533312821
171 1.034242330575066
172 0.943529095875081
173 1.075114384223092
174 0.976136139191729
175 1.052603966117436
176 1.084884281029169
177 0.989735702008151
178 0.988066620485284
179 0.970139992003865
180 0.977378235527261
181 1.151938995103905
182 1.000774166910467
183 1.011567072900387
184 1.103258420338649
185 1.085630498726922
186 1.006020253219009
187 0.982196885722061
188 1.063767795605859
189 0.902554158576715
190 1.127790498050521
191 0.907814487314198
192 0.938544316893607
193 0.900018771901321
194 0.922004683200376
195 1.126522421748953
196 1.001767610725339
197 0.921966237105673
198 1.000966860893933
199 0.932739569064321
200 0.914098630784289
201 0.875187980525938
202 0.776122430033759
203 1.094218729771161
204 1.047729002878664
205 0.999525489322737
206 0.944768114494883
207 0.933900153069891
208 0.878756946168894
209 0.948427915293058
210 1.229423446005427
211 1.163028693799556
212 1.164497269762567
213 1.195963837867390
214 1.099773785493257
215 0.892368664201726
216 0.884735390389137
217 0.948623984425154
218 0.979342573922847
219 1.046497705357945
220 0.858590839637665
221 1.002370748474500
222 0.938037744584525
223 0.865189703658750
224 0.843604318156678
225 0.786979217926031
226 0.912408995137263
227 0.990109824728040
228 0.952994041965272
229 0.932521334133503
230 1.010751551366634
231 1.014933663105879
232 1.052617226118861
233 0.938701151340962
234 1.052037279971921
235 0.996155947797054
236 0.981733056923526
237 1.000332221506164
238 1.245745512428524
239 1.373157452820118
240 1.042100433780582
241 1.411185752155182
242 1.192844642742958
243 1.058547637544933
244 1.098973780619579
245 0.951462174521485
246 0.985270693206407
247 0.999963823933456
248 1.030044283281347
249 0.944730767636182
250 0.881982387266966
