0 1017.000000000000000
1 0.080812481383327
2 0.058674583108291
3 0.067534341020946
4 0.057029777307131
5 0.064598736503394
6 0.067767644571965
7 0.067390088785775
8 0.065435042894179
9 0.069221192588780
10 0.073562292455822
11 0.075345389239305
12 0.082907184489586
13 0.087561886224000
14 0.090619236124489
15 0.103150873133078
16 0.109782105246450
17 0.111893443864392
18 0.132389474287583
19 0.154664037662175
20 0.168441492354460
21 0.194524040283189
22 0.238869201400281
23 0.310241963759743
24 0.349386133218458
25 0.480947889764155
26 0.600628960814819
27 0.703800560707274
28 0.821061438954382
29 0.966912351812243
30 1.227626236569770
31 1.314955314407437
32 1.418581204934570
33 1.597132894226504
34 1.632874987650104
35 1.669177500526151
36 1.769614208438173
37 1.654278042276233
38 1.650258284656501
39 1.601221847189839
40 1.417383430068582
41 1.447253507571548
42 1.315278688136569
43 1.168519887523730
44 1.144653573914000
45 1.034629719867713
46 0.961776461252530
47 0.907394200458338
48 0.878064440400843
49 0.797893737319196
50 0.780594158749348
51 0.740229212174215
52 0.722903900063829
53 0.718079141645420
54 0.690775852853844
55 0.704303320253329
56 0.702587994179982
57 0.675875607517789
58 0.720037817955913
59 0.720496816691030
60 0.759442046893259
61 0.771354706350608
62 0.773803235945539
63 0.898124198744119
64 0.930101906367878
65 0.922910876417936
66 1.011475268472103
67 1.049674211387447
68 1.071819988468569
69 1.126794987966618
70 1.197665514305768
71 1.216262230136088
72 1.175221921354072
73 1.198760363728083
74 1.247503082758452
75 1.281517940028652
76 1.230254026859644
77 1.218701846302382
78 1.227100848571393
79 1.197236996881159
80 1.135043500512144
81 1.111015527408197
82 1.084136252854926
83 1.047365513383619
84 1.042115134223605
85 0.973719462633186
86 0.958865883220214
87 0.936507843710411
88 0.928933061357089
89 0.900209623726531
90 0.863142527772457
91 0.842063172490674
92 0.841138947118715
93 0.844606360865738
94 0.837928297363900
95 0.829307693203606
96 0.852109362659053
97 0.842580664287016
98 0.865459337742310
99 0.872998445467359
100 0.908957138587711
101 0.934134381017936
102 0.933209426120872
103 0.954651183851526
104 0.971719047485472
105 1.003461630303540
106 1.029053019070546
107 1.055992710946799
108 1.119040549152565
109 1.091688443364772
110 1.127498353622777
111 1.138758749280063
112 1.103863890385787
113 1.127185044296804
114 1.130638427102342
115 1.145843915842973
116 1.126679793257050
117 1.109088183116971
118 1.087920161779652
119 1.087758412211749
120 1.083160323061020
121 1.037252203391649
122 0.997457813485473
123 1.018743029981449
124 0.987051199134858
125 0.967196154532129
126 0.919511853685835
127 0.922295941268068
128 0.929861305824913
129 0.937585795625807
130 0.913361613817562
131 0.925337067832553
132 0.896422931236361
133 0.905648176753866
134 0.889361714488325
135 0.922365892803735
136 0.921257577560306
137 0.923892651304148
138 0.927459118805706
139 0.937917438824064
140 0.957698028308171
141 0.983883602884085
142 0.966985228848935
143 1.029470893601645
144 1.007828725587686
145 1.024219752685464
146 1.044036920483959
147 1.072713454559052
148 1.069465718504393
149 1.076014185117959
150 1.061015477548013
151 1.104618745431058
152 1.068818795676959
153 1.058030536516790
154 1.092195155326512
155 1.066706681046864
156 1.063987192795344
157 1.023975090473371
158 1.032718709171798
159 1.032424352237576
160 1.028685305603264
161 0.982225043821109
162 0.998555818026632
163 0.978333994251403
164 0.996928419971671
165 0.975316669102067
166 0.976687341659604
167 0.931158122382623
168 0.979390325733602
169 0.933764048549368
170 0.948172938849581
171 0.947179647901347
172 0.935006111815516
173 0.941236836020261
174 0.951771959175185
175 0.940939442222851
176 0.982037853481127
177 0.972319832897019
178 0.981557777925782
179 0.960127979186830
180 0.987942613480196
181 0.997591987599520
182 0.999292088101191
183 1.015230399049454
184 1.013351391749478
185 1.019006143714120
186 1.028502297843472
187 1.031706570152946
188 1.023697637035691
189 1.043560569060933
190 1.057959224122478
191 1.056576551243051
192 1.033854916573365
193 1.048707481942688
194 1.059860211918386
195 1.041609877922354
196 1.044200966915019
197 1.016146086253708
198 1.015123467213835
199 1.000530178203731
200 0.999376770145012
201 0.997545165367308
202 0.997230038421688
203 0.979594680304465
204 0.977710516880136
205 0.958295796856873
206 0.972982275031761
207 0.995481484691142
208 0.958423913444045
209 0.969878865830384
210 0.966648299314508
211 0.961765420806882
212 0.963684221985936
213 0.978056010666497
214 0.989866472335028
215 0.978118892911289
216 0.968705631655509
217 0.999037120913866
218 0.982802323876962
219 0.991320105606545
220 0.985243684364338
221 1.002125575429187
222 1.001131442283589
223 1.019087545275386
224 1.015338129839733
225 1.017282049419074
226 1.020209320035879
227 1.008041805200927
228 1.019921984498740
229 1.040403121809145
230 1.007524871055625
231 1.043888968819541
232 1.013907368594416
233 1.043988962699241
234 1.022570563816242
235 0.995279280996865
236 1.014305003458143
237 1.014191738916937
238 1.017224295336660
239 1.009118827846864
240 1.000724779900213
241 0.996637999635700
242 1.008931724860108
243 0.987177545640991
244 0.984824757244209
245 0.981142842153504
246 0.993380603122209
247 0.973709503624435
248 0.989632478482100
249 1.005261973097998
250 0.958864141452006
251 0.965212783484815
252 0.959090650724252
253 0.984916820663751
254 0.971640833742806
255 1.080160744984945
