0 1019.166666666666629
1 0.065891056657226
2 0.059438936495546
3 0.067684332739930
4 0.060251757702726
5 0.059122745814178
6 0.066059085896376
7 0.064088679770314
8 0.068105955178734
9 0.070849129238481
10 0.074053304988040
11 0.076746360762051
12 0.081648076663799
13 0.083933648893607
14 0.090676067028273
15 0.100657222885662
16 0.109326957663441
17 0.121605413656739
18 0.129505318458380
19 0.155269291494082
20 0.169646522645837
21 0.193223259052657
22 0.241937876280082
23 0.304579205111913
24 0.370091481853326
25 0.459927339733224
26 0.577894034425112
27 0.716243061574615
28 0.824171013222087
29 0.980564102185865
30 1.154062828932974
31 1.329305358443556
32 1.465594991215446
33 1.548867572797276
34 1.624720886647933
35 1.709373107934129
36 1.707768625350790
37 1.687812932854506
38 1.612844866295891
39 1.639043465813834
40 1.478056227124087
41 1.457933771172955
42 1.300312837822504
43 1.206657327549809
44 1.133065338450025
45 1.030833757532031
46 0.972280841529626
47 0.898511524450211
48 0.870382462806958
49 0.808857159297300
50 0.777301673130857
51 0.733140425574884
52 0.711670807604453
53 0.701069332491884
54 0.678399942509717
55 0.686151801030782
56 0.710027037090975
57 0.686151141008769
58 0.710474333993069
59 0.736362544867976
60 0.753426762264963
61 0.779443433704846
62 0.804947027198237
63 0.868321274913325
64 0.918451150249553
65 0.930950445095271
66 0.991751659319331
67 1.025823617511342
68 1.087481592142869
69 1.143976134234216
70 1.193594297037706
71 1.228160035477173
72 1.207241660398364
73 1.220208071851929
74 1.229415852581783
75 1.257134410580842
76 1.254036858737110
77 1.217588337011488
78 1.196654907652196
79 1.193058896862923
80 1.148822094832674
81 1.114096538784983
82 1.083234814852918
83 1.056991263358051
84 1.029100000650217
85 0.982445497846578
86 0.954729127302270
87 0.941146055772808
88 0.903442038132687
89 0.888476624470346
90 0.860289852633745
91 0.851532344154332
92 0.837010024768560
93 0.847782327193828
94 0.843683743593511
95 0.839107937567467
96 0.843685379901642
97 0.855149502755472
98 0.873805309695990
99 0.874769169551400
100 0.905892813893282
101 0.927442664642374
102 0.940045311069594
103 0.964620362530135
104 0.983552985799240
105 0.995342685970489
106 1.026560737418170
107 1.069274737445281
108 1.094037663484833
109 1.077491383963655
110 1.104904957410727
111 1.116079848084851
112 1.133167933919154
113 1.133350249991469
114 1.134644111469715
115 1.147800455524503
116 1.119830713937217
117 1.109244685495352
118 1.099918262559575
119 1.082658371279184
120 1.073196076777901
121 1.036558825546538
122 1.026071673292624
123 0.999291223834741
124 0.979671224059040
125 0.977965851408349
126 0.952154400200404
127 0.924493290840818
128 0.935148224441278
129 0.916110084678848
130 0.906105497697297
131 0.914570919660885
132 0.894924917447813
133 0.914230883092260
134 0.898379897121908
135 0.917564484901314
136 0.924945396529567
137 0.934039863720026
138 0.929496600899737
139 0.937569351792433
140 0.943431613106377
141 0.976693769401344
142 0.989969265619004
143 0.997411244225220
144 1.009278659671015
145 1.033406789225171
146 1.049522243248521
147 1.074896536869054
148 1.042047997894488
149 1.069945998641904
150 1.070182793976332
151 1.089485342412976
152 1.064325149173604
153 1.073675126921957
154 1.085384019464716
155 1.069453665727639
156 1.060967481832893
157 1.046404225911258
158 1.046652823258680
159 1.037285142241227
160 1.027689333034698
161 1.012103819584845
162 1.007537364855313
163 0.993386252869611
164 0.970414129058832
165 0.967419348907828
166 0.957454041101260
167 0.936883083602255
168 0.948098667000369
169 0.941504847498624
170 0.944344670357424
171 0.940233819888410
172 0.941203489697801
173 0.944675447502180
174 0.950568471096774
175 0.952753589563532
176 0.961580840238637
177 0.965536791601383
178 0.981095163801494
179 0.972927695413996
180 0.988282937326392
181 0.990318569857023
182 1.007272175276573
183 1.021741987856615
184 1.015269908657744
185 1.020714612851058
186 1.027935726179773
187 1.038505595938577
188 1.030003936690653
189 1.048162174950455
190 1.052520414507273
191 1.054242403090740
192 1.031435037590925
193 1.058844411363970
194 1.047858485822857
195 1.021828466453952
196 1.042098171503439
197 1.021091981986843
198 1.026773605709734
199 1.011519324373488
200 1.002836661194822
201 0.990939834162578
202 0.983946482436443
203 0.998005920512110
204 0.969865186220499
205 0.966029471211848
206 0.966741671562843
207 0.972600643261632
208 0.957117014163139
209 0.976987443872177
210 0.967026322516394
211 0.962076095436121
212 0.970749180841759
213 0.972227886684156
214 0.982966031947975
215 0.986738970727642
216 0.975793607684069
217 0.983040718534394
218 0.981682092992919
219 0.990584725186116
220 1.003511784672017
221 1.004037022231450
222 1.003065996368824
223 1.012693088180561
224 1.012951998309369
225 1.021779613987214
226 1.018537101388492
227 1.016929680409842
228 1.022211216804124
229 1.039797612211593
230 1.017445151539645
231 1.035543296164464
232 1.012172699579260
233 1.036235986532022
234 1.017465036561314
235 1.013516531589626
236 1.011347926584448
237 1.017544775108669
238 1.003098301436447
239 0.998249989587539
240 1.006596028213147
241 0.991343602157875
242 0.996185870435264
243 0.991100524291038
244 0.986265051574459
245 0.981806934362519
246 0.985465925978722
247 0.976326924516225
248 0.990127330804511
249 0.986705994412442
250 0.989027741095971
251 0.981908572308332
252 0.975510331370401
253 0.978991622794272
254 0.976484807677528
255 0.989900462015498
