0 1017.320000000000050
1 0.061481812554759
2 0.062179892689044
3 0.064586639719768
4 0.059538879713291
5 0.063214817953278
6 0.065545552595064
7 0.066984821070450
8 0.068231655726574
9 0.071274873861803
10 0.073523907713812
11 0.078362534492154
12 0.081918132009211
13 0.084906029651060
14 0.090642224720132
15 0.099103750702605
16 0.108598039831412
17 0.119127989350485
18 0.131163520245028
19 0.155493504518571
20 0.170469591296595
21 0.201269179607132
22 0.248550257352353
23 0.299456901742781
24 0.368750089208970
25 0.464168745438602
26 0.580380304223651
27 0.715062449698620
28 0.838314507564372
29 1.000563773794046
30 1.166093491765902
31 1.314920227000037
32 1.458923125617827
33 1.554089406689031
34 1.644754427503786
35 1.670668151121024
36 1.700727405334389
37 1.688827552226535
38 1.639745558737613
39 1.587819623686810
40 1.472498683383993
41 1.405878902000915
42 1.329622744010717
43 1.213962670327251
44 1.145082755576784
45 1.048816563679578
46 0.978658119622692
47 0.913461674544444
48 0.860976950729668
49 0.822476430663746
50 0.768585821754029
51 0.732838173653275
52 0.709031537055527
53 0.703071556441524
54 0.685274792422722
55 0.686999893516412
56 0.689771468886661
57 0.692648136582655
58 0.715499175370054
59 0.727330600253052
60 0.756432987139973
61 0.779482677750836
62 0.807390729405002
63 0.862778829907698
64 0.902123726127180
65 0.948172294454459
66 0.993559151119772
67 1.034907983378336
68 1.080564604827718
69 1.138635046376974
70 1.173346936279535
71 1.210568639465185
72 1.229407807626310
73 1.241756276202394
74 1.245943328342917
75 1.245335512154147
76 1.251770686927000
77 1.234312805121979
78 1.211257079018780
79 1.183005229713019
80 1.149614471820404
81 1.110217811606335
82 1.081324003885071
83 1.045034790201856
84 1.023395381360742
85 0.977108189083146
86 0.944042268511068
87 0.927676239995080
88 0.905981480690978
89 0.887194766075060
90 0.863299599520681
91 0.853257721663021
92 0.840736121954533
93 0.839897569166598
94 0.846454205884396
95 0.835729525400428
96 0.849594594864986
97 0.857719219775024
98 0.866333024485394
99 0.884768472748146
100 0.909143278844196
101 0.925271853993472
102 0.944323668937006
103 0.961058771471672
104 0.993800109866995
105 1.014141714404997
106 1.028329130259373
107 1.071352894540037
108 1.086477493638760
109 1.094255511507235
110 1.105076984595544
111 1.119763024862159
112 1.134309124780718
113 1.131733017402974
114 1.129253887602152
115 1.119842342929660
116 1.115584630621053
117 1.114347798911649
118 1.099057610173785
119 1.070269547368778
120 1.058857824626634
121 1.038058945720600
122 1.029711749621347
123 0.994555340334825
124 0.982706707267303
125 0.966920313803480
126 0.954387811660984
127 0.946929648421587
128 0.931897372958062
129 0.923931431016098
130 0.904035791455388
131 0.911583776882864
132 0.897978984621120
133 0.918328899902857
134 0.909710113100362
135 0.910073367559385
136 0.920471358741961
137 0.928069937178466
138 0.937086153505245
139 0.945893207120171
140 0.955054139366972
141 0.971702221642327
142 0.993023376479427
143 1.000757176929107
144 1.013098803964389
145 1.028236664882868
146 1.042378495979482
147 1.059518641740665
148 1.055627406173948
149 1.067893435001058
150 1.063632190997101
151 1.079099488704058
152 1.073012934381617
153 1.073587893830184
154 1.077318993424968
155 1.065067264457956
156 1.066696279228290
157 1.052925298296469
158 1.045289751469611
159 1.036071464194286
160 1.016639687832894
161 1.014610208678812
162 1.003527555769927
163 0.985071455852594
164 0.975718331732306
165 0.964260093952557
166 0.965146883876604
167 0.952628035715269
168 0.953249272028091
169 0.942044716349897
170 0.941772550580240
171 0.939619578058905
172 0.942730096771530
173 0.945353775666633
174 0.949192784862802
175 0.955729470575085
176 0.960276927844085
177 0.964657400305559
178 0.973668885224154
179 0.978356243018608
180 0.989109154695911
181 0.992004925949846
182 1.001599742629639
183 1.013815344046958
184 1.020196293066758
185 1.022923264579483
186 1.034832868878999
187 1.034739240606934
188 1.043166705890883
189 1.046052046354549
190 1.047740322986903
191 1.048006521793697
192 1.036769967584257
193 1.043988844419442
194 1.040315341071863
195 1.027566207427705
196 1.033403426093337
197 1.028835022058061
198 1.019698603428123
199 1.012404872139263
200 1.010086130628727
201 0.994040498475295
202 0.988276901325744
203 0.991494178883189
204 0.976281694328177
205 0.978597889673371
206 0.969876744916231
207 0.965202225027171
208 0.964135544444305
209 0.965955706762189
210 0.962556507353892
211 0.966552671708558
212 0.970038196596747
213 0.975106569358860
214 0.976084319711411
215 0.979121734896345
216 0.981782727078630
217 0.979748237093410
218 0.982296841551828
219 0.992469999668177
220 0.996078951917298
221 1.004910313842090
222 1.006852158389315
223 1.017179915677861
224 1.015725683181952
225 1.023397212067762
226 1.015150256812570
227 1.025070943594231
228 1.023061821248610
229 1.033412584164891
230 1.025326568770257
231 1.029698130983615
232 1.025242419803401
233 1.026958215385657
234 1.015536558961484
235 1.011165724825158
236 1.013267538220349
237 1.007065220144017
238 1.005890475350936
239 1.001904423732481
240 1.003506301181416
241 0.994141892314952
242 0.990668095873702
243 0.989590616031668
244 0.987836239579008
245 0.982877637589574
246 0.986125327226787
247 0.981730277024716
248 0.986035001750971
249 0.979774624857317
250 0.986289098568606
251 0.981021978671240
252 0.976578616322835
253 0.978417629726521
254 0.982520071052172
255 0.989630068323523
