0 1018.159999999999968
1 0.060915645954155
2 0.062496770889825
3 0.063848846157140
4 0.059381289638889
5 0.062423416828497
6 0.065194945713601
7 0.066509563512994
8 0.067253190658781
9 0.069921513270105
10 0.075054868820602
11 0.076654397397974
12 0.080946059568192
13 0.085499945715522
14 0.091508983478336
15 0.101429818004174
16 0.109056257525023
17 0.124537933474746
18 0.130847319492255
19 0.158238372333926
20 0.169351977930114
21 0.198233397094801
22 0.247118447836755
23 0.299637349007775
24 0.362250967911118
25 0.466284676391106
26 0.579496034599221
27 0.712107805316370
28 0.828644296317479
29 1.003945901166846
30 1.160595455011699
31 1.315566740288908
32 1.456189822102372
33 1.536018728259559
34 1.630861030267112
35 1.690508083755448
36 1.708943666456551
37 1.705365561929681
38 1.629357163045965
39 1.608274271423753
40 1.486005366323082
41 1.423760533282317
42 1.314515574995991
43 1.203341136588334
44 1.130044798026000
45 1.039758917138515
46 0.987789475626837
47 0.908119633811357
48 0.857454249317984
49 0.824713043682389
50 0.776764625468445
51 0.729125788374094
52 0.712263223843708
53 0.697077002254377
54 0.688741304258233
55 0.689029236515192
56 0.695216468508984
57 0.690419714030305
58 0.716143723470248
59 0.729584479458646
60 0.757116943108843
61 0.781172432884525
62 0.805660501105389
63 0.865238648671142
64 0.901516776492966
65 0.938487000998695
66 0.991206233211016
67 1.033153438932201
68 1.088183623887769
69 1.132552211318370
70 1.186107650948248
71 1.219180354844411
72 1.222610011463582
73 1.230006255378971
74 1.231847201778541
75 1.252592173058195
76 1.253658634046896
77 1.222080188165630
78 1.201664994001835
79 1.187533034496848
80 1.150472590688022
81 1.122794746756344
82 1.076417122848640
83 1.056452724556172
84 1.029662104154281
85 0.972538720032366
86 0.946116002622372
87 0.934039843650909
88 0.909893055952394
89 0.892717104926650
90 0.863904466315297
91 0.855244121989678
92 0.843254714188026
93 0.840006887157048
94 0.842570942997171
95 0.827292630876195
96 0.845128589141552
97 0.862752686195462
98 0.867119320071386
99 0.886915446917484
100 0.904070355461466
101 0.927376935220599
102 0.940775032271114
103 0.957177202850585
104 0.987518814906885
105 1.007958770869238
106 1.029781683605729
107 1.067956500206011
108 1.083920662038829
109 1.083653105112153
110 1.109846244268251
111 1.118147790449771
112 1.132400088887422
113 1.133994949477143
114 1.125575269474744
115 1.139016218927309
116 1.112258097742179
117 1.121024520463546
118 1.106120428217586
119 1.077291869901672
120 1.067934573366158
121 1.036957869556543
122 1.023295259337857
123 0.991500533921260
124 0.980636603753775
125 0.972029885615456
126 0.959288445907935
127 0.934947481163483
128 0.934410283630382
129 0.921370842319230
130 0.910190611482340
131 0.911160840776562
132 0.894235652267198
133 0.911631825922598
134 0.906630019642438
135 0.918731393101953
136 0.923230889012094
137 0.926386258380374
138 0.931342275139384
139 0.939148678570372
140 0.948646023067746
141 0.966458240728073
142 0.989446769080075
143 0.996583375782031
144 1.012726787264771
145 1.033646113893445
146 1.050363273313653
147 1.069693253071043
148 1.053756888086838
149 1.073875246636673
150 1.067827993992338
151 1.085860189412832
152 1.073163311472241
153 1.067509180113846
154 1.077776813464332
155 1.067102795849104
156 1.064152018912756
157 1.052514212361052
158 1.036584423669774
159 1.033020770340689
160 1.021383432640864
161 1.010606166500159
162 1.004297276591638
163 0.989076587951881
164 0.975884332729473
165 0.968572953997192
166 0.966559440058534
167 0.946676345191639
168 0.947117889122325
169 0.942852425962296
170 0.940810530102238
171 0.941275392696576
172 0.949688789270731
173 0.941590313619160
174 0.943568577614743
175 0.954953457380644
176 0.961068150718801
177 0.965485516320584
178 0.978841603971594
179 0.976968293319938
180 0.991044973617617
181 0.991874085680313
182 1.004540469542962
183 1.017017356785576
184 1.021038746936568
185 1.019806958019285
186 1.033663649643495
187 1.033962153445590
188 1.038864783528252
189 1.042564953364267
190 1.048154754001058
191 1.048410073329994
192 1.038860659207695
193 1.047286456851363
194 1.041712410329946
195 1.020072943800680
196 1.037626159169359
197 1.029994266537912
198 1.022537534710759
199 1.007126859821864
200 1.005885307357081
201 0.997440248570376
202 0.987942158213616
203 0.997632372533412
204 0.973965496028130
205 0.971875794413348
206 0.969457517243165
207 0.971082903680866
208 0.961501569661794
209 0.968586609851804
210 0.960407653435947
211 0.971161012546610
212 0.972077697134226
213 0.972187430103252
214 0.977925084300262
215 0.983338296795651
216 0.980647880894460
217 0.982195347631751
218 0.977422906231987
219 0.990291773650654
220 1.001689407693056
221 1.009305331550393
222 1.006826589673135
223 1.018094859371409
224 1.005057116395385
225 1.019338121487434
226 1.014628355023532
227 1.024366803076513
228 1.023352621914196
229 1.031787029807530
230 1.017270667630783
231 1.027642431589379
232 1.022572745463559
233 1.029477331106176
234 1.020238804740387
235 1.013865958539234
236 1.018361187894924
237 1.012737365039608
238 1.003821655626923
239 1.001902168563867
240 1.005785600940327
241 0.993488466240919
242 0.994327077588048
243 0.987549535548865
244 0.990278236932251
245 0.987905274137236
246 0.982942454735560
247 0.977169444653786
248 0.988907776767219
249 0.975163258594755
250 0.989387810702522
251 0.980927151795758
252 0.977007456927050
253 0.978341150529716
254 0.979847413001258
255 1.016437916002857
