0 1017.766666666666652
1 0.060349782002898
2 0.060886226407316
3 0.063857549482733
4 0.058648279183864
5 0.063852193341924
6 0.065093355319625
7 0.067244005593069
8 0.067675270332980
9 0.070598247061114
10 0.073940223061996
11 0.077680997426292
12 0.080372324301870
13 0.086194705123459
14 0.092538822208467
15 0.100330099508063
16 0.109551707714862
17 0.123459361295252
18 0.131897784297386
19 0.154901346170741
20 0.169506415403693
21 0.198338293669705
22 0.250476267191418
23 0.300794072986068
24 0.366300463142493
25 0.465499253693244
26 0.580238898789139
27 0.711931081100051
28 0.833484892529397
29 0.995604967113723
30 1.155429532143955
31 1.315984344084302
32 1.466856559037201
33 1.539331881921829
34 1.641130638505258
35 1.693720442029979
36 1.699666617359822
37 1.707031756072962
38 1.626785416098389
39 1.600914622242307
40 1.469208300634322
41 1.412872159782564
42 1.324028567485199
43 1.202556535753082
44 1.140109711385639
45 1.042901770385720
46 0.986096128935923
47 0.914550546167929
48 0.861336651504443
49 0.820444533243946
50 0.777767128091997
51 0.726074594210119
52 0.714064861649239
53 0.695626055955296
54 0.690701906779704
55 0.687804311958459
56 0.691745280930707
57 0.692738344301542
58 0.717673838637102
59 0.728673537418542
60 0.760512427064344
61 0.778692076829004
62 0.810101917540461
63 0.862641366176004
64 0.898846972191289
65 0.940778500091605
66 0.992712484835193
67 1.028063032789546
68 1.093831265113015
69 1.126172980316970
70 1.175592391590921
71 1.218159496869909
72 1.225551119700459
73 1.233124787947522
74 1.236788072180027
75 1.249195204894526
76 1.256734837387172
77 1.224805093217210
78 1.211679921694945
79 1.184115603091417
80 1.148984429855616
81 1.121286454866510
82 1.077288457909009
83 1.050672331093576
84 1.031098255599612
85 0.976448662206445
86 0.941621866978258
87 0.932059882377107
88 0.906635737830355
89 0.893803865834112
90 0.865615878259269
91 0.853641357445110
92 0.840110636239839
93 0.838936420979635
94 0.844658513984347
95 0.829969194669744
96 0.848078322905051
97 0.860636193349990
98 0.869599359858444
99 0.885978616631099
100 0.908293540881485
101 0.921355411506522
102 0.941600703852620
103 0.958455347613087
104 0.987090245506126
105 1.007462607770731
106 1.031389135495995
107 1.069829998097485
108 1.086385624851807
109 1.084021356217638
110 1.110300069619764
111 1.117315083885191
112 1.130079346551850
113 1.137671935141122
114 1.128002053811379
115 1.135730089456154
116 1.114461511572741
117 1.117588180440217
118 1.099143659310798
119 1.073709325908218
120 1.061847369382039
121 1.040266373925438
122 1.026180076738414
123 0.993883005293541
124 0.983270459928463
125 0.971990332939175
126 0.956411396916842
127 0.939156375483496
128 0.931494090016425
129 0.925940760234137
130 0.908811079202503
131 0.911725376990578
132 0.894104094821360
133 0.915386387795699
134 0.906813087886146
135 0.914393367949478
136 0.922377050339783
137 0.924573442953412
138 0.933026465644421
139 0.942154170578170
140 0.951419394458417
141 0.969406377843162
142 0.987948035099747
143 1.000531142533923
144 1.013261510250144
145 1.029581646894709
146 1.042997872464411
147 1.067859737009080
148 1.053384890989628
149 1.070893847916189
150 1.070137177824468
151 1.082256651016377
152 1.073401196346990
153 1.068863069823434
154 1.076716611200672
155 1.063567362933326
156 1.068822433066812
157 1.054556198539428
158 1.039158155613523
159 1.037164533124556
160 1.021356923377468
161 1.013876882624687
162 1.002233516510314
163 0.988488579733981
164 0.973159373536247
165 0.968534392065858
166 0.968237665884066
167 0.948828796519506
168 0.947141454035476
169 0.943290375082255
170 0.939220537174969
171 0.939614861038621
172 0.946097288914593
173 0.944440206434424
174 0.944059656875758
175 0.954424984713801
176 0.961175541549463
177 0.966108441732768
178 0.978846959255215
179 0.972783385418843
180 0.990044469311333
181 0.992429302489803
182 1.000567825148558
183 1.019327632042355
184 1.018462755214064
185 1.020860741936967
186 1.034370072828695
187 1.033801672702633
188 1.041142321933322
189 1.044885976746464
190 1.049712014840579
191 1.048470823601005
192 1.038842630619097
193 1.046452690953994
194 1.042822974183668
195 1.022400311824342
196 1.035354369552418
197 1.029173211273401
198 1.021965355315138
199 1.010034920696993
200 1.006757317509627
201 0.995179059768931
202 0.989041186709965
203 0.997479482214501
204 0.974783714153145
205 0.973913612813168
206 0.969971428407380
207 0.968139589506979
208 0.962394172014449
209 0.964431283691997
210 0.961380555427533
211 0.968266388408413
212 0.970614622175092
213 0.972531218521686
214 0.975259140300174
215 0.983634628724110
216 0.982468406581632
217 0.977985492012647
218 0.981391832967222
219 0.993219144248586
220 0.999701334347646
221 1.007867423429697
222 1.007727559350802
223 1.019063552626874
224 1.008379903832962
225 1.020963110701867
226 1.013764746445771
227 1.024741936075126
228 1.021601687012797
229 1.033390851266955
230 1.021340978391559
231 1.030044854517600
232 1.022437266022358
233 1.027697435569715
234 1.016548436162935
235 1.012238735461446
236 1.018604058738596
237 1.012677773399636
238 1.006287487517599
239 1.003026674099284
240 1.003767589389511
241 0.993183636826657
242 0.991361367783776
243 0.988164513045283
244 0.990820000847498
245 0.984625606954113
246 0.980245662485289
247 0.977487396956265
248 0.986287494202219
249 0.978259652485870
250 0.989209969686412
251 0.981294834967576
252 0.977892182323123
253 0.980275202495940
254 0.981839190446118
255 1.004003919898188
