0 1016.957142857142912
1 0.060067162495242
2 0.061377177662283
3 0.064421222776748
4 0.058558080035627
5 0.063785833104063
6 0.065326116471879
7 0.067337949495864
8 0.068536828606256
9 0.070945178041581
10 0.074455594544248
11 0.079022308914643
12 0.080427590707152
13 0.085590142114438
14 0.092098095546139
15 0.100314606016811
16 0.108501452646408
17 0.122413452290752
18 0.131136126740322
19 0.154869675055612
20 0.170772362543037
21 0.199329354182424
22 0.251153188111813
23 0.300289288450914
24 0.368958644895578
25 0.467757079321567
26 0.580627585892638
27 0.711820686507348
28 0.840000062107026
29 1.002071913134094
30 1.167400884014603
31 1.313142814041079
32 1.464468782563869
33 1.542474627938105
34 1.638862533548216
35 1.679925907240346
36 1.700069671502348
37 1.698477425463592
38 1.612628273497386
39 1.605407786671349
40 1.468944434107241
41 1.407777346570381
42 1.337061765551191
43 1.203343759989767
44 1.142933253856843
45 1.042963936140584
46 0.985395170083309
47 0.912610964339286
48 0.859681557874422
49 0.822958378772056
50 0.775600491853155
51 0.727802813764259
52 0.715313990208004
53 0.699292788593701
54 0.689809560094675
55 0.689403559813530
56 0.688574684779367
57 0.692056913080051
58 0.720804798882663
59 0.730541497978726
60 0.760131447089049
61 0.781535042987816
62 0.812169263281661
63 0.859589241249768
64 0.900319363562335
65 0.935926032401500
66 0.989236661167936
67 1.028806694330056
68 1.088390802183970
69 1.129682221223564
70 1.177311376744872
71 1.213907392203978
72 1.223900474626724
73 1.238211485263259
74 1.241763462157481
75 1.247497454863474
76 1.256454706257615
77 1.231493708075087
78 1.214914326137653
79 1.185575759192912
80 1.148330150607496
81 1.113207930989845
82 1.078831857721477
83 1.044789481852719
84 1.029816978175255
85 0.977013505096452
86 0.940785983714252
87 0.932034687910491
88 0.910338957262175
89 0.892670822907754
90 0.860638469880327
91 0.853303184755526
92 0.842700398000473
93 0.840899524587061
94 0.843604578788825
95 0.831340598983357
96 0.845543286198116
97 0.859017775223137
98 0.871338040468779
99 0.884504538430165
100 0.906659721108050
101 0.921793234181442
102 0.941467954135991
103 0.961326131837209
104 0.992836802741898
105 1.012665895944128
106 1.026578902873110
107 1.073706380492423
108 1.085374961664368
109 1.087722446629505
110 1.105032895412043
111 1.120722445986444
112 1.129340558718333
113 1.134839270210479
114 1.129942111820444
115 1.128889375325650
116 1.116772328225854
117 1.115454393047485
118 1.101558262400748
119 1.069556181610152
120 1.059156956915126
121 1.038175446881955
122 1.030598624614988
123 0.996304471777722
124 0.982618343895492
125 0.973051146651324
126 0.955125850040448
127 0.942531674528217
128 0.927444101401681
129 0.924935077599366
130 0.905526080757278
131 0.912730005256199
132 0.896813360465080
133 0.918804591447149
134 0.906409002241115
135 0.912879706099937
136 0.921148622999716
137 0.923993970554903
138 0.935484096065831
139 0.943713069001893
140 0.953258465288658
141 0.968361407106678
142 0.987682916430560
143 0.999874523273983
144 1.015829726364834
145 1.028374643955497
146 1.040837776808804
147 1.068024289330903
148 1.055940825736749
149 1.066889382532299
150 1.071267174584552
151 1.077743452472196
152 1.071743952856574
153 1.073070812683003
154 1.076878213037148
155 1.065693908903236
156 1.067806966902185
157 1.054270355690049
158 1.043375103629858
159 1.033655725626757
160 1.020871572745209
161 1.014979604235523
162 1.002288733263715
163 0.989094809394939
164 0.973694195503262
165 0.967670257428005
166 0.963451921852534
167 0.951094371627346
168 0.948640274618758
169 0.943382117421662
170 0.940126710018151
171 0.937673946580362
172 0.945204908883828
173 0.942108940416794
174 0.946268761875488
175 0.955360316209025
176 0.961395296215743
177 0.968632797568861
178 0.977013957739317
179 0.974120990275334
180 0.988374593430021
181 0.989916510912266
182 1.003023035833275
183 1.018311122494511
184 1.020062043855628
185 1.021745384875999
186 1.033178765119433
187 1.034629216346489
188 1.042396525892691
189 1.044602719455919
190 1.050143164926169
191 1.051310480048859
192 1.037392587407962
193 1.045535006483245
194 1.043964571736680
195 1.024212242720881
196 1.030444749451930
197 1.027518347066734
198 1.021164729288578
199 1.012266597387841
200 1.006098177406596
201 0.996400029097933
202 0.987324702622337
203 0.992013577544559
204 0.975427653824426
205 0.976659243029168
206 0.971743710857590
207 0.967116151880480
208 0.963867935702278
209 0.964781882680348
210 0.961746168260510
211 0.971508285645036
212 0.969972355836485
213 0.972515389737792
214 0.974115758279316
215 0.985553407748381
216 0.982476514686904
217 0.978692350662362
218 0.982023072295618
219 0.990238722282820
220 0.999018137115118
221 1.004869128792280
222 1.006812801158433
223 1.019520803251387
224 1.009615227024670
225 1.021508201693667
226 1.013308935072812
227 1.026941494340827
228 1.020697019144214
229 1.031315815448596
230 1.023063488338171
231 1.030677286434074
232 1.021266685167282
233 1.026305798936959
234 1.019389788272588
235 1.014290754758465
236 1.017984037918922
237 1.011213122905170
238 1.007147715073516
239 1.003744510367076
240 1.003745852791844
241 0.990873452274200
242 0.990664848319729
243 0.988997465968805
244 0.989989523435450
245 0.984159578373305
246 0.982953917231583
247 0.978724428124791
248 0.987902971763231
249 0.978250461577103
250 0.988543981789875
251 0.980660796491371
252 0.977232652703178
253 0.978630416778523
254 0.982753901591579
255 0.998292029852284
