0 1012.000000000000000
1 0.031896911794320
2 0.063263037765864
3 0.080593334138393
4 0.051059443079187
5 0.065488006756641
6 0.059821531603423
7 0.067901787855590
8 0.059152392786928
9 0.089490673471508
10 0.076478977715049
11 0.079393403735594
12 0.085295184291317
13 0.104855404270853
14 0.091828880376521
15 0.107610680618867
16 0.113054371278849
17 0.111415754000110
18 0.131739093307018
19 0.131032179798058
20 0.157782737124381
21 0.201620655405956
22 0.249031117391389
23 0.292056366934308
24 0.324788955838334
25 0.494140676377962
26 0.650906632024668
27 0.626100434149366
28 0.831899355349985
29 0.972061170934467
30 1.021866402192477
31 1.394541357733452
32 1.413405314255506
33 1.961720863624508
34 1.387681881300778
35 1.701974606392189
36 2.030937571544200
37 1.750496850610433
38 1.515767551027238
39 1.610837386663808
40 1.569407189864728
41 1.394266498744186
42 1.249896177810363
43 1.115571444730651
44 0.992271431844067
45 0.957334772527889
46 1.061106495609557
47 0.843231549677886
48 0.820236265629482
49 0.740230711587509
50 0.782531141613921
51 0.755635948212858
52 0.677183810564785
53 0.693690352369273
54 0.686731353298657
55 0.740714544950529
56 0.724248198973730
57 0.665086102597868
58 0.744437919512575
59 0.734441404985061
60 0.811833918859650
61 0.805864298721476
62 0.771187691645203
63 0.935087556369253
64 1.136046491568121
65 0.894955546258845
66 1.025819203346036
67 1.105322327122163
68 1.031964187403168
69 1.069840213441169
70 1.131124767046588
71 1.182401593362208
72 1.203164382389514
73 1.278863098795510
74 1.181584392391258
75 1.187350842776951
76 1.228868410342451
77 1.236768997228336
78 1.315655787185836
79 1.187721137764804
80 1.102295846895028
81 1.057370188932866
82 1.015843163458144
83 1.082439856206451
84 1.009799151955895
85 0.878233755894522
86 0.900925261170521
87 0.965362700631279
88 0.972755753883527
89 0.929090439685776
90 0.916747746015629
91 0.913801068789629
92 0.823236570905910
93 0.926790347763366
94 0.769863943215521
95 0.925888848134943
96 0.884492490001333
97 0.734579644060201
98 0.860115220090129
99 0.850892433356523
100 0.818394230924528
101 0.968819789890009
102 0.921393380941453
103 1.103911487297480
104 0.956929388572462
105 1.077966861220166
106 0.985316973488682
107 1.088470561066580
108 1.088413126706370
109 1.178344176514401
110 1.036293012310675
111 1.088078762489992
112 1.170655727802909
113 1.069328664925297
114 1.071397659271800
115 1.132750065302470
116 1.148099550456407
117 1.070469873907353
118 1.066477957210427
119 1.053447776376738
120 1.131649711831260
121 1.001401632721789
122 1.067497442740346
123 1.026900712690583
124 1.013452629559981
125 0.974334809072154
126 0.957488385144937
127 0.925708804823301
128 0.830331219114404
129 0.988716915431890
130 0.919607206216703
131 0.910335115445224
132 0.864708720162323
133 0.906748918368510
134 0.955175767991750
135 0.924671873429907
136 0.918124193938322
137 0.948638135966217
138 0.897674519967781
139 0.904910182026149
140 0.978809948479083
141 1.028979208431988
142 0.958336736193685
143 1.021906303551255
144 0.955725620855702
145 1.071094316928575
146 1.035471084967306
147 1.057791454190840
148 1.089990979372908
149 1.067643252762244
150 1.070265995556592
151 1.097192610952112
152 1.076449337071877
153 1.033706609346120
154 1.132754814008018
155 1.067575277716969
156 1.043990100570287
157 0.998805399524623
158 1.015558476688724
159 1.080902608521050
160 1.031016945396457
161 0.988396884082745
162 0.977283644617728
163 0.994570780993602
164 0.964101090530592
165 0.945097871764126
166 0.980069927089736
167 0.917974846636431
168 0.985893211628081
169 0.906042889921321
170 0.951338276313412
171 0.886914513652489
172 0.959599159745759
173 0.954983904765142
174 1.025586746663312
175 0.952261928872839
176 1.016110338375982
177 0.975640731857234
178 0.974878593615813
179 0.966280562368795
180 0.960525907071548
181 0.994609385479724
182 1.071722186324011
183 0.971197798093655
184 1.041895986718145
185 1.064671198231462
186 0.992284971706492
187 0.985793819708719
188 0.978311829409093
189 1.011359920385748
190 1.151347094952033
191 1.066980767115368
192 0.996991787420595
193 0.997674299039224
194 1.096283385006732
195 1.082052774206087
196 1.063798365035044
197 0.946561406094891
198 0.966620531600058
199 0.996599941226607
200 0.987800843285736
201 1.017509724859685
202 0.951856362042318
203 0.969458742230094
204 0.985641122167660
205 0.971685014841514
206 1.020214251627375
207 1.020812039056784
208 1.002493605320614
209 1.022238229515147
210 0.937491918544721
211 0.929745906317960
212 0.982875230466120
213 0.957565954616820
214 0.926407773620754
215 1.042957110043117
216 1.013866122062208
217 0.991946518597065
218 0.983988096297768
219 0.953301550740056
220 0.962713836627421
221 1.030030771332091
222 0.982102695734713
223 1.021121524355612
224 1.012988835486576
225 1.025671227356448
226 0.972487715986022
227 1.007756661060796
228 1.052953223203397
229 1.035902517611151
230 0.957605776255950
231 1.091601066693612
232 1.020618096838087
233 1.075161956624588
234 1.051721049556613
235 0.987044276247576
236 1.003165362334521
237 0.949463086763985
238 1.003215970350596
239 1.009658897775959
240 1.030065136160727
241 1.009941860619898
242 0.952500184179098
243 0.994895737598536
244 0.966320285022729
245 1.045953032928307
246 0.987193102450073
247 0.934691663170981
248 0.977733619816794
249 1.046617855067977
250 0.970538397516741
251 0.971604426671984
252 1.007433234336727
253 0.976013263073825
254 0.929220648269926
255 1.308875623469551
