0 1017.355555555555611
1 0.061685784647511
2 0.060926497436945
3 0.065043196750258
4 0.058481256442502
5 0.064202064300104
6 0.065854267952877
7 0.067239606130805
8 0.067817649466330
9 0.071224676950511
10 0.073905761771649
11 0.078737679136653
12 0.081330996378150
13 0.085121654876575
14 0.091038904757176
15 0.098584854939762
16 0.108874431734737
17 0.120374630837960
18 0.131670473435533
19 0.155514406958995
20 0.170165093105147
21 0.200736224682443
22 0.249376796948207
23 0.299597265941246
24 0.368078306920580
25 0.462461218062231
26 0.580083147710189
27 0.716665400565195
28 0.838531441983993
29 0.996188236485281
30 1.171754583090066
31 1.307997898782921
32 1.462194485855787
33 1.559900545812779
34 1.644659326311372
35 1.668080266304394
36 1.696373975185592
37 1.697944645570257
38 1.626574123202667
39 1.596820829945367
40 1.466007093059297
41 1.408238321838984
42 1.333817036133341
43 1.210340539836319
44 1.145241539102931
45 1.046369240912707
46 0.977936755314504
47 0.916892768626377
48 0.860570818384262
49 0.823668260973357
50 0.770326893238064
51 0.730352657660285
52 0.710551470765194
53 0.701089146960965
54 0.688931861374210
55 0.688132774629462
56 0.689752574799528
57 0.690515156450993
58 0.719345494186279
59 0.728898274240680
60 0.757395893002580
61 0.778910939291906
62 0.807163683120645
63 0.860701632864639
64 0.901612156570946
65 0.944576405511754
66 0.998276476757411
67 1.033767911983179
68 1.081152825174450
69 1.133138148849527
70 1.173568084957289
71 1.207661269674481
72 1.229339634875781
73 1.241249885863468
74 1.246263766744097
75 1.245643579620789
76 1.252502560627377
77 1.233948674354237
78 1.209832863471446
79 1.184654632845059
80 1.150698505506536
81 1.109825476422879
82 1.077977456902903
83 1.047052232336069
84 1.027913854021742
85 0.975694849153309
86 0.944793998364486
87 0.930420726447180
88 0.908980426925652
89 0.889417849837436
90 0.861799703719996
91 0.853195427451578
92 0.841505862527371
93 0.838124091962283
94 0.845024064988581
95 0.835656335258090
96 0.847784693051758
97 0.858199345529782
98 0.866868837413016
99 0.883213142109649
100 0.908974407332349
101 0.924413912060858
102 0.946587693787868
103 0.960826751083056
104 0.989944525192887
105 1.014958244922705
106 1.028212031268075
107 1.072305698268223
108 1.085421387216818
109 1.091882880694302
110 1.106244923436524
111 1.116430925965546
112 1.133907907285047
113 1.133187771248336
114 1.129922705284949
115 1.120361399121408
116 1.113459335558175
117 1.115572027188053
118 1.101040107733831
119 1.070704697285330
120 1.060880871043145
121 1.041175865933115
122 1.030393867828241
123 0.995823252109957
124 0.982421022423868
125 0.968301052109268
126 0.956313423842015
127 0.942515118680256
128 0.929924407138638
129 0.926838835256334
130 0.902632073953508
131 0.913955758474898
132 0.896595512371865
133 0.915887061874901
134 0.908079681346919
135 0.913036511809929
136 0.919809579963308
137 0.926437545144834
138 0.935776286641242
139 0.946061720206505
140 0.954329918541974
141 0.970400822014456
142 0.991478439141844
143 1.001801076299079
144 1.013548536015823
145 1.028317407340354
146 1.042831998811551
147 1.063713031257743
148 1.052284497980742
149 1.067053924781529
150 1.066178166375455
151 1.080476771567031
152 1.072278468311412
153 1.072865231365604
154 1.077339735012652
155 1.063955115508365
156 1.067025841373684
157 1.053011278084260
158 1.044061595912929
159 1.034659655594797
160 1.019499419234813
161 1.016210212470310
162 1.004526541552032
163 0.987096282695794
164 0.975917808747716
165 0.965634203093302
166 0.964024486267730
167 0.952108847495512
168 0.951112124942602
169 0.941504804503281
170 0.940854561028880
171 0.939246214354127
172 0.942562045975346
173 0.943272572008134
174 0.949635288631435
175 0.954588068693222
176 0.961595392309396
177 0.963659948317031
178 0.977129995843872
179 0.977505168892693
180 0.988158796522684
181 0.991467830677290
182 1.001366265008413
183 1.014277050608738
184 1.021358078378703
185 1.022799447934138
186 1.033921205223530
187 1.034490133860032
188 1.042662333539412
189 1.045483299141157
190 1.048329995280452
191 1.049637261896489
192 1.037646101220266
193 1.044211907254176
194 1.041833173808004
195 1.027690819885678
196 1.032007195975382
197 1.028068567982601
198 1.021411082931726
199 1.012607301807960
200 1.009009042332474
201 0.993022127402131
202 0.988523954868013
203 0.991222307225825
204 0.975610534579682
205 0.975616728113015
206 0.969595799037668
207 0.966125261315123
208 0.965817951585648
209 0.966318236786403
210 0.961742344979904
211 0.967765966887456
212 0.971418007864416
213 0.975305935465008
214 0.975293417019455
215 0.980548918123182
216 0.982992429819084
217 0.978072379760734
218 0.981616288580976
219 0.993490887354648
220 0.996009198752300
221 1.005549790802500
222 1.006523529403667
223 1.017077282099069
224 1.012846689760837
225 1.024226728530540
226 1.014397278526756
227 1.025784545629568
228 1.022295230255405
229 1.033031555723549
230 1.024771134960471
231 1.029560051660076
232 1.024926176186413
233 1.026748187815052
234 1.015431981774242
235 1.011604639211033
236 1.015439263568398
237 1.007411862084784
238 1.006646622222985
239 1.002736730000081
240 1.002132780391790
241 0.993402926359679
242 0.990316615617504
243 0.989842802998321
244 0.990135368387204
245 0.983035219858878
246 0.986632212507013
247 0.980278318381940
248 0.986545405675239
249 0.978593805520566
250 0.985789904092081
251 0.980260533568793
252 0.976991546004942
253 0.978051585398123
254 0.983455678786735
255 0.985559396894453
