0 1018.799999999999955
1 0.073317082555877
2 0.063334876188708
3 0.067686091546057
4 0.059173986639992
5 0.061146696323176
6 0.067811522834826
7 0.065487377984156
8 0.066771536285653
9 0.071728555837918
10 0.073304884516908
11 0.075165571700984
12 0.081385650633606
13 0.084198008823775
14 0.089822060707543
15 0.104285813143319
16 0.110393645017590
17 0.119476684548399
18 0.125810996964769
19 0.152880777571566
20 0.164873783520309
21 0.194032172377148
22 0.246202891400807
23 0.313860833137203
24 0.366569278104707
25 0.472692584926456
26 0.588597842222068
27 0.709078158490979
28 0.820730120367322
29 0.970822317426580
30 1.146682193432656
31 1.320936786259129
32 1.476397934045905
33 1.556585140021165
34 1.606129909205871
35 1.696427916789596
36 1.753252043509766
37 1.671360578059537
38 1.624370043650686
39 1.646873494182377
40 1.462334626275821
41 1.431436998103773
42 1.313608314482487
43 1.181236772885571
44 1.146215408097192
45 1.026315291497132
46 0.973232976519904
47 0.912392739456431
48 0.870888205652202
49 0.801591170723302
50 0.780803979568529
51 0.745074325789361
52 0.712985487057347
53 0.703352487637228
54 0.688253002984480
55 0.695070500163986
56 0.699722568257459
57 0.685634185985305
58 0.710008702066447
59 0.744493439322915
60 0.751855642918094
61 0.781634390326453
62 0.789073395155162
63 0.874340182218818
64 0.920597806733196
65 0.928564165021207
66 0.995753867440086
67 1.027575321547247
68 1.080991217801529
69 1.129549904398551
70 1.179743886904326
71 1.219764336128174
72 1.199514833230882
73 1.207346927856602
74 1.241123226793671
75 1.266113385391847
76 1.254661374575905
77 1.221919404608841
78 1.208324779948843
79 1.199982027775484
80 1.151033708692334
81 1.126652152181906
82 1.078730884807041
83 1.062842602093672
84 1.042987955088034
85 0.975982848345843
86 0.959356171613829
87 0.931252035334781
88 0.902376664577682
89 0.885956181202434
90 0.862983623223701
91 0.854318068283908
92 0.841464389309770
93 0.842477336038993
94 0.841592056830767
95 0.832318643546409
96 0.840494010342154
97 0.849257889371053
98 0.870490594843229
99 0.870593388979840
100 0.905388532921404
101 0.927972738377246
102 0.937413159792135
103 0.950881136479722
104 0.987211851549755
105 1.003845428923185
106 1.027349558790771
107 1.066825078493060
108 1.092101763830950
109 1.080034114220631
110 1.117623792758156
111 1.124921968780949
112 1.128557944759428
113 1.139234979706971
114 1.141559278032672
115 1.150622426968813
116 1.127266845314171
117 1.104662932347626
118 1.094760662865590
119 1.085862854889702
120 1.066860694331774
121 1.029442579937079
122 1.008968653317022
123 1.007645363060934
124 0.982664195872989
125 0.976540391425571
126 0.949795732853571
127 0.922140200460474
128 0.930438299547424
129 0.916066197196916
130 0.910568392410456
131 0.924878468215389
132 0.891506335720683
133 0.913259131606211
134 0.897701569494454
135 0.930145021490507
136 0.920828592418483
137 0.924443351652637
138 0.928556387592573
139 0.934583431063858
140 0.939154408780089
141 0.974338922316362
142 0.985950951712361
143 1.014998935444788
144 0.999463318524898
145 1.033340788247765
146 1.047186441197809
147 1.084505540583891
148 1.056708561827996
149 1.075214485348450
150 1.070356015999467
151 1.090106795275544
152 1.062878818743887
153 1.064622275245525
154 1.083780863784278
155 1.072748034438895
156 1.058643959945512
157 1.039166266738312
158 1.045753830633524
159 1.029443110372112
160 1.034574011247146
161 0.997577518028708
162 1.007057473915790
163 0.987729983794498
164 0.979452969605656
165 0.964452443587644
166 0.968416058067422
167 0.933517748358094
168 0.958526429551257
169 0.942566415630142
170 0.948106516107558
171 0.946904121184761
172 0.939464941164123
173 0.935766039742322
174 0.951234930651967
175 0.951072722664388
176 0.961478533157757
177 0.964853743711099
178 0.983354695713988
179 0.970535837690380
180 0.990984817866329
181 0.986893268154225
182 1.004653920746755
183 1.016981915212149
184 1.020055326557649
185 1.026527611194730
186 1.028064040997312
187 1.034826796176000
188 1.030590976358470
189 1.051728709816310
190 1.050692764084295
191 1.053387770824130
192 1.026321224687014
193 1.056005835123573
194 1.049140200693369
195 1.030579181983215
196 1.043836785085819
197 1.022178172781003
198 1.025532025109981
199 1.007502866561933
200 0.999237876257572
201 0.998199201538267
202 0.979648600520142
203 0.990768099346771
204 0.967514728937360
205 0.959073918814633
206 0.968880662361524
207 0.986300051659334
208 0.960295165669577
209 0.976697178651327
210 0.964277312740158
211 0.964587718980877
212 0.971007574848225
213 0.970234710595758
214 0.986891614405642
215 0.990985612421032
216 0.981287471784628
217 0.989895670300509
218 0.977189454682648
219 0.987850981619865
220 0.994739467897724
221 1.002906700769649
222 0.996685333355253
223 1.013443119717047
224 1.007318489170241
225 1.020411389484805
226 1.016052253162648
227 1.024328286964578
228 1.020233556134500
229 1.040494996744804
230 1.017771228741741
231 1.037958566904550
232 1.013697603466287
233 1.035990390982036
234 1.016776733681722
235 1.008073224951855
236 1.012998373112228
237 1.020150173936430
238 1.012951472864742
239 1.000413715745353
240 0.998011674431237
241 0.988160370595838
242 1.005201983198064
243 0.994358907906182
244 0.981977646048607
245 0.988308380291702
246 0.988018960275697
247 0.977420777199829
248 0.984374265670987
249 0.991941770724867
250 0.984866170501128
251 0.975392362496029
252 0.960064339168635
253 0.978213485536330
254 0.974821612412608
255 1.046015610447568
