0 1018.975000000000023
1 0.062404198171225
2 0.060733793070966
3 0.065973461263420
4 0.060327323852986
5 0.061329769245194
6 0.065077428904604
7 0.066267212781202
8 0.066591354451677
9 0.069722421611618
10 0.074767172840080
11 0.076578202681196
12 0.080109958769995
13 0.085593197591312
14 0.089832422637127
15 0.101005889934064
16 0.108316345809313
17 0.122266512957041
18 0.129202832470713
19 0.155978142285476
20 0.169091571688626
21 0.197437784115381
22 0.242127409725350
23 0.302739051544750
24 0.359548104379141
25 0.461692333722515
26 0.578334512177277
27 0.714071352361567
28 0.828960070154677
29 0.992838950175041
30 1.164118552197032
31 1.328659093466288
32 1.463705115392121
33 1.539226918963042
34 1.629250618009374
35 1.689351017421236
36 1.712965068491132
37 1.699185081879740
38 1.614896972535321
39 1.621524382083665
40 1.492163145944864
41 1.438252731783649
42 1.313862767762179
43 1.201728583396650
44 1.131937237337189
45 1.025383237143856
46 0.973638248132601
47 0.908274757321759
48 0.867658412652623
49 0.815838841901438
50 0.780916739041073
51 0.736255082265943
52 0.707030716940963
53 0.689658183187892
54 0.683621001054243
55 0.684481150035807
56 0.696669500779565
57 0.696512106603760
58 0.718602151853501
59 0.734804003757958
60 0.758262921650258
61 0.780766254692837
62 0.810572445973490
63 0.864635846290937
64 0.904481316975853
65 0.938252471947656
66 0.988678166407031
67 1.031334377401953
68 1.087753823525442
69 1.137934964781379
70 1.190601905701884
71 1.229688720207977
72 1.211772557520644
73 1.219952581486157
74 1.233334366619706
75 1.249754888611477
76 1.247940252019730
77 1.219073797549972
78 1.204303162676237
79 1.194566398153232
80 1.148670031034633
81 1.118651355888427
82 1.075744376709005
83 1.059317231244035
84 1.027730758156968
85 0.971642153484437
86 0.951356220857971
87 0.934434797722648
88 0.919203957309967
89 0.892362991338667
90 0.862046349840156
91 0.856913876205050
92 0.839469357993234
93 0.839814139367681
94 0.843382640784166
95 0.832679920380989
96 0.847605896893329
97 0.854858047943060
98 0.871592285067526
99 0.880192887370781
100 0.906967403503254
101 0.926096009527902
102 0.935329090629030
103 0.963399808417034
104 0.985787952249119
105 1.003699803002028
106 1.024362410355052
107 1.069778641493114
108 1.092020797745121
109 1.082654332022245
110 1.107295564886270
111 1.115993278482963
112 1.135047792981487
113 1.126960638220643
114 1.131686561016668
115 1.141556728733876
116 1.117318919124480
117 1.121136328528662
118 1.100965010929536
119 1.077883836988592
120 1.070673494270924
121 1.038920250018136
122 1.018236152084801
123 0.996749554303774
124 0.979764468623138
125 0.978999162039614
126 0.950416247635060
127 0.933916178603330
128 0.938769497722559
129 0.914687855749667
130 0.907937245162494
131 0.909905274287344
132 0.897720400338357
133 0.916553066436259
134 0.903359446765999
135 0.915610536538716
136 0.923998231022378
137 0.928620020501839
138 0.929715358489085
139 0.934889687885004
140 0.948231239621080
141 0.969907053616947
142 0.990197660026684
143 0.994719036321377
144 1.012286316153102
145 1.033568454242878
146 1.051720271145373
147 1.073070808197267
148 1.051292314648327
149 1.073289477809395
150 1.068145133864639
151 1.089539679090409
152 1.070036883498109
153 1.064982025537106
154 1.082451643937240
155 1.067598736872632
156 1.066161137773843
157 1.049213265945567
158 1.040079527503843
159 1.032921286965520
160 1.022327311080160
161 1.010157417592793
162 1.004893401930479
163 0.990460025009323
164 0.970406814700939
165 0.973100825260317
166 0.962651520151809
167 0.940425796164862
168 0.947916660731491
169 0.943200724498957
170 0.943901750583910
171 0.939570235650110
172 0.947313635270063
173 0.941997318095354
174 0.947178793296393
175 0.954312999683956
176 0.960993722199891
177 0.966152601515713
178 0.983463583659127
179 0.974540461059134
180 0.988711355255094
181 0.992238508699911
182 1.006723064254779
183 1.016599213862199
184 1.017033155754424
185 1.022135011937835
186 1.033474479422173
187 1.036832169915213
188 1.034019395879662
189 1.042342521420260
190 1.046431272468477
191 1.048891692277386
192 1.040173119458357
193 1.051422148547916
194 1.040174203258094
195 1.021045426981187
196 1.039315617746777
197 1.027286583820326
198 1.027324576819286
199 1.011184481921308
200 1.001135299413166
201 0.996762612197427
202 0.983588709382990
203 1.000813480627972
204 0.973827088422574
205 0.969669909650717
206 0.967997764708553
207 0.975098016583482
208 0.954799165300205
209 0.971423042836928
210 0.961978978140621
211 0.965714988919211
212 0.970932921516652
213 0.973938781520199
214 0.978162024806536
215 0.987423142042119
216 0.982055817442548
217 0.983019708464187
218 0.981093031395623
219 0.988562299371685
220 0.998854623636614
221 1.007957001200213
222 1.006680343815047
223 1.014934056518624
224 1.009122790832874
225 1.019426131188871
226 1.016727704389466
227 1.022985788436545
228 1.019571163768312
229 1.034002934056235
230 1.019334720243469
231 1.030803725535693
232 1.017891678346483
233 1.032084521023489
234 1.016174397544559
235 1.014738729215031
236 1.016164698966793
237 1.015438782239159
238 1.005395670201944
239 0.996126678609089
240 1.004290289551108
241 0.995741888383676
242 0.996210165134412
243 0.992869978982648
244 0.988303255073575
245 0.984567851724683
246 0.985019817126106
247 0.977413507865432
248 0.990607112113553
249 0.978397623398887
250 0.988033040706705
251 0.978596184807114
252 0.978567452464261
253 0.975694577280823
254 0.978703970211687
255 1.002425411489094
