0 1016.975000000000023
1 0.061532791862263
2 0.060728757755155
3 0.064260090586176
4 0.058136886490790
5 0.064529770914974
6 0.066387134425991
7 0.067266373873493
8 0.068195332356670
9 0.071265249677807
10 0.074345403454492
11 0.078653905377475
12 0.080408310710264
13 0.085635644099030
14 0.091473706595051
15 0.099791639705847
16 0.108393035462445
17 0.121154174220315
18 0.131748981968026
19 0.156068287037806
20 0.170025449701485
21 0.201162798125473
22 0.249568159381982
23 0.300199639115702
24 0.366240226635887
25 0.466106593536235
26 0.582833337528764
27 0.718352209671476
28 0.837896342279657
29 0.997205440632770
30 1.172985326976963
31 1.311567326756853
32 1.458072797315553
33 1.550129311803095
34 1.637414784749036
35 1.673498357057263
36 1.697238558594909
37 1.702326980352010
38 1.622581670962515
39 1.600399174611075
40 1.475687517526052
41 1.404538584748257
42 1.334800525956230
43 1.207271482777995
44 1.144404539646239
45 1.041171647355954
46 0.976234778444340
47 0.915045156272468
48 0.863348187293991
49 0.821271861980908
50 0.774274980921845
51 0.728880262951582
52 0.711021441958186
53 0.701557219860951
54 0.688046389576382
55 0.688025833030560
56 0.689904235750228
57 0.692636649414209
58 0.719504790045206
59 0.729965436920179
60 0.761518371501499
61 0.779647600957657
62 0.811065748281354
63 0.860071227097096
64 0.901570696234706
65 0.941955105986073
66 0.993209209273583
67 1.033763161165826
68 1.083031530007863
69 1.131948130660293
70 1.173731724257580
71 1.209395531273062
72 1.226639310295350
73 1.239967132432854
74 1.242488993657379
75 1.244930793776388
76 1.255088625923506
77 1.232494296370405
78 1.213150398457869
79 1.188523269269972
80 1.147399371577968
81 1.112886807100721
82 1.077519417455639
83 1.046748260214749
84 1.026807559324420
85 0.972401072496370
86 0.945699439495468
87 0.930275971612896
88 0.907941267260092
89 0.891858858983986
90 0.861047440327125
91 0.853311704036058
92 0.841488673600357
93 0.840553534719616
94 0.845124302927791
95 0.834789639051127
96 0.848168451102803
97 0.859231034893462
98 0.869104480184670
99 0.883928341711300
100 0.908494073524681
101 0.920965695445943
102 0.944497428230403
103 0.959483139169882
104 0.993332393378238
105 1.012403896055022
106 1.028717140860965
107 1.074171601466412
108 1.084184658916979
109 1.090789925553900
110 1.104774184077832
111 1.117600650243479
112 1.136211493963547
113 1.134171546114368
114 1.128617623107657
115 1.119918396985737
116 1.116580845880395
117 1.114559272901920
118 1.102140902589031
119 1.069597185167789
120 1.059487217542734
121 1.039244044849100
122 1.031300754986516
123 0.996051805162738
124 0.982927626963289
125 0.968654553357622
126 0.953754469544817
127 0.942854228841537
128 0.928527382502200
129 0.925622861776524
130 0.903968231774148
131 0.912156160414018
132 0.897407344622745
133 0.919179311079885
134 0.911332692235434
135 0.913317621317465
136 0.921297674519880
137 0.926232231220726
138 0.938528089505445
139 0.945176902346235
140 0.953360034200734
141 0.967625834131364
142 0.988750219253361
143 1.000627848475427
144 1.012528954176383
145 1.026553265823712
146 1.041675009059087
147 1.065829315140241
148 1.053608076955877
149 1.068748705510678
150 1.067140487479243
151 1.080851516582749
152 1.071044745988778
153 1.074610085223220
154 1.076516311133943
155 1.063436020896793
156 1.066953681358239
157 1.053893519534961
158 1.044348089870745
159 1.032586371597047
160 1.019812918030878
161 1.013870438182715
162 1.006684460383632
163 0.986744016340365
164 0.976319249490324
165 0.966066025903239
166 0.964784026310277
167 0.952952852650163
168 0.950640963085156
169 0.942961587004282
170 0.940552209981201
171 0.938203195442656
172 0.944568819953374
173 0.940403934483957
174 0.947638027605755
175 0.955304720019511
176 0.961831690501305
177 0.964875182455808
178 0.977266951344928
179 0.977839276928967
180 0.987771066149592
181 0.990088527389019
182 1.000810695558265
183 1.016734895443503
184 1.019935144337102
185 1.022577802256111
186 1.033421152414603
187 1.036940221153151
188 1.040387220985287
189 1.043881243536007
190 1.049292572220668
191 1.051554217617706
192 1.038056207579072
193 1.045594447852918
194 1.041481143153526
195 1.026913604127204
196 1.032534381558882
197 1.029855592315643
198 1.021238475529821
199 1.012491940105549
200 1.005864876989403
201 0.995339135973480
202 0.985308079392744
203 0.991872939071682
204 0.975194990790457
205 0.975126708229300
206 0.971077524677086
207 0.964773077729400
208 0.964642203009506
209 0.965723828826659
210 0.961750597300098
211 0.969192793584023
212 0.969833008587246
213 0.977007858367518
214 0.976891715088386
215 0.983367607677349
216 0.982553698785836
217 0.979134757053556
218 0.980578976231759
219 0.990299347259449
220 0.998254883264006
221 1.006178036192714
222 1.007214832770717
223 1.016461905355475
224 1.012322315881794
225 1.022201611807624
226 1.013750890107538
227 1.026805239833981
228 1.021886817805253
229 1.032310024613664
230 1.024500068579077
231 1.028814656121129
232 1.023740238244544
233 1.026167510675759
234 1.017668329331082
235 1.014505781489301
236 1.016274259884380
237 1.008044780269080
238 1.006484329212590
239 1.002383276599011
240 1.002204529093079
241 0.990991065010296
242 0.991417045328491
243 0.988943641199696
244 0.990526589296377
245 0.983153207864371
246 0.983961698975422
247 0.980892834680487
248 0.987613257391366
249 0.979698959735911
250 0.987527421645647
251 0.979381282089897
252 0.976553476245913
253 0.977725717082954
254 0.983902018555091
255 0.994805052222283
