0.024272 0.0300944
0.204508 0.0526926
0.26917 0.0455506
0.479791 0.102807
0.596296 0.0933534
0.708369 0.120065
0.755155 0.0711974
0.898864 0.0136099
0.0904905 0.136258
0.195192 0.16712
0.29693 0.189715
0.465123 0.242736
0.503104 0.20497
0.741599 0.145377
0.820009 0.23254
0.979459 0.182544
0.0618378 0.287009
0.153896 0.297864
0.359834 0.270019
0.411568 0.336221
0.53165 0.313284
0.727213 0.369492
0.774826 0.350739
0.939542 0.261531
0.111412 0.490296
0.176347 0.380215
0.337845 0.427501
0.403887 0.440989
0.565527 0.474654
0.694085 0.394974
0.847075 0.456463
0.988402 0.409722
0.100976 0.591653
0.128225 0.610586
0.291748 0.576312
0.431718 0.510496
0.582935 0.59701
0.655737 0.530049
0.788507 0.555906
0.885447 0.546299
0.0776845 0.659521
0.170422 0.738253
0.261234 0.732848
0.444281 0.717615
0.556239 0.629066
0.666581 0.642404
0.842615 0.678961
0.935418 0.702263
0.035361 0.863363
0.219489 0.825905
0.347078 0.803197
0.490084 0.83315
0.621295 0.783472
0.625828 0.780717
0.85965 0.756821
0.956237 0.856823
0.00294501 0.889116
0.241394 0.906884
0.315401 0.993162
0.381698 0.962082
0.520661 0.940491
0.679144 0.933365
0.805979 0.897794
0.921156 0.978579
