0 4087.801050618489626
1 0.000389323157979
2 0.000718938520501
3 0.000237678870151
4 0.002134903322579
5 0.000936331556772
6 0.000565226533034
7 0.000446562987049
8 0.001856140822918
9 0.000300257667128
10 0.000734932858416
11 0.000521924713660
12 0.001650126345376
13 0.000456014552955
14 0.000890817802765
15 0.000441243213342
16 0.001268193119975
17 0.005263508610925
18 0.000632372235833
19 0.000353791185778
20 0.001739577191922
21 0.000896232817387
22 0.059645404370730
23 0.000721407335705
24 0.001064650739408
25 0.000900971257106
26 0.000778376453614
27 0.000508718037830
28 0.010733918629930
29 0.000630235549976
30 0.000829254110951
31 0.000677185618659
32 0.088440826432088
33 0.001639990728679
34 0.018512334693828
35 1.480938113373012
36 0.004904897821249
37 0.004088157295168
38 0.001697321193526
39 0.002377049368922
40 0.177712201930439
41 0.011008850493651
42 0.090930501373723
43 0.065343742108827
44 0.023720989186654
45 9.626852921163566
46 0.061934681686350
47 0.015813434000813
48 0.115499956063861
49 0.008858196781547
50 0.126809951586517
51 0.231601277758811
52 0.010292781509587
53 0.151960948665827
54 0.016871032064651
55 0.081630301453678
56 0.055511347785814
57 3.181574571934930
58 0.075439209084332
59 0.025937724087824
60 0.071458920301447
61 0.046059527919692
62 0.082084987125501
63 0.016519139543310
64 1.448235049626664
65 12.108874528932438
66 0.323963974941804
67 1.307059930507031
68 2.642636051421576
69 0.979672682224201
70 0.300288677831577
71 11.889514566025301
72 0.258206914369608
73 0.819744796342028
74 0.090040118421194
75 0.963524655890274
76 0.088154051281229
77 0.065201196420472
78 0.352786942931345
79 0.042841811557617
80 1.148186190240625
81 0.181037818048505
82 0.210920513695145
83 0.081462568058186
84 0.034812427601931
85 0.047510578050245
86 1.125455366888605
87 0.258997925025417
88 0.095917199007777
89 1.002402885338146
90 0.011886732421995
91 0.076331834695067
92 0.077278905394836
93 2.611026484240155
94 0.076102789324836
95 0.139323053056435
96 0.273105838155007
97 1.852808291516086
98 1.402542244863367
99 0.148686046751536
100 0.489378493071629
101 0.895588034847047
102 0.772675863391632
103 0.214921732864857
104 2.256905615615337
105 0.148461896875867
106 0.232532363389706
107 5.998603927420924
108 0.477789470879715
109 0.732273840947735
110 0.442496280963233
111 0.850531677549861
112 0.269858452383773
113 2.376036967689565
114 0.729546614090031
115 0.822069546618562
116 0.367087550304341
117 0.239233805376641
118 2.032641131833479
119 0.124066558320975
120 0.637950442939973
121 1.328675336295484
122 0.444883558501707
123 0.417363374178632
124 2.408698717135328
125 0.793485446498009
126 0.355501726883528
127 0.355428406964648
128 15.245143225652274
129 1.458807830820346
130 1.063324660443224
131 0.321087565062377
132 0.268523615638528
133 0.885702657766367
134 0.418295727164754
135 0.374906820652418
136 0.803577332677715
137 1.034657319502768
138 0.211125835702159
139 0.167586658552283
140 0.106561776063545
141 0.089228406065295
142 0.070357659292818
143 0.030994707059891
144 0.327378790662702
145 0.474952041850319
146 0.094006262304435
147 0.323418299099423
148 0.071710417932218
149 0.058307007487233
150 0.377144308495230
151 0.388979525359739
152 0.883441107328862
153 0.464739827557943
154 0.769175989381437
155 0.213463894895076
156 0.108183655479263
157 0.204265375108332
158 1.355588189243043
159 0.405276555027397
160 1.452226166555578
161 3.260987099635653
162 0.715147057095965
163 0.397103395148425
164 3.585413349466060
165 2.699414912261061
166 0.890765874351411
167 1.386920187240205
168 0.597168639571379
169 1.114974888015807
170 0.213069148336101
171 0.233712849219415
172 0.333431947457787
173 0.291700838566432
174 0.250527440433830
175 0.619384737009892
176 0.770993168501344
177 1.141367109727966
178 1.007894546565202
179 0.683577261483381
180 3.025391021690664
181 1.870262136613006
182 1.990846180620824
183 0.280867671182465
184 1.111818869965981
185 0.398418593957555
186 1.121388459586670
187 1.656113385544656
188 0.948604889826971
189 1.245788625070203
190 0.358241912985610
191 0.171154307158082
192 3.391633360566543
193 5.988451497312262
194 1.483511749468189
195 2.625392836701089
196 3.914166161062784
197 0.525183745910590
198 0.830226338179686
199 0.200538314865491
200 0.568343877940025
201 0.199405246563038
202 0.187585672454035
203 0.472675631771086
204 0.215582320377321
205 0.247096324452509
206 0.583213616882248
207 0.331612485328549
208 0.274609085375254
209 0.960268980368081
210 0.439883724384124
211 0.817771122053556
212 0.656637892287420
213 0.506815465790491
214 1.048097502231004
215 0.807193570149867
216 0.287741876292955
217 0.202453877091297
218 0.318708174860141
219 0.247671717187392
220 0.978743959904651
221 0.624112176579846
222 0.187635725005803
223 0.176939084386536
224 0.541125765938963
225 1.389787624498749
226 1.117095629475247
227 2.095824744090943
228 0.923150266877003
229 1.163747432776820
230 2.626452424753095
231 1.698786834484767
232 1.528199889874357
233 0.946190071056085
234 1.561397865091200
235 1.479317623706915
236 0.895915882436663
237 1.054511936006077
238 1.135533219360721
239 0.985724097097029
240 1.522276637689228
241 1.161899531178724
242 0.523946727436038
243 1.045147873736411
244 0.531209469392456
245 0.442082685449205
246 1.097599340425172
247 0.821266040863780
248 0.554469349737048
249 0.864652681517188
250 0.988689979226011
251 0.495962284705655
252 0.244261569556455
253 0.204632355342944
254 0.236100628831278
255 0.049834408317136
