0 4087.855491699218874
1 0.000386635883311
2 0.000736137404572
3 0.000236549121269
4 0.002118252224649
5 0.000914997085499
6 0.000571047714048
7 0.000457729191126
8 0.001820341306220
9 0.000298301350222
10 0.000753726523956
11 0.000510072688068
12 0.001630639333135
13 0.000459885138499
14 0.000883437910594
15 0.000445285373716
16 0.001253257294373
17 0.005265706795528
18 0.000645800359127
19 0.000357414515041
20 0.001723397363258
21 0.000892419800719
22 0.059675384940132
23 0.000712554275489
24 0.001061287237157
25 0.000890241098581
26 0.000780790666163
27 0.000516001161679
28 0.010724634154282
29 0.000627743483191
30 0.000831138241294
31 0.000673315879051
32 0.088495499540000
33 0.001647777131005
34 0.018578878953903
35 1.480959767994153
36 0.004928823783252
37 0.004075555836166
38 0.001715862517513
39 0.002363862345256
40 0.177677379701164
41 0.011092556464301
42 0.090687493523839
43 0.065912443062419
44 0.023842744066681
45 9.625901805116998
46 0.062528313231548
47 0.015904336864753
48 0.115224597932009
49 0.008955974856014
50 0.126803889109296
51 0.231585369293223
52 0.010279207296547
53 0.151907747209596
54 0.016955032828097
55 0.081420460626766
56 0.055959664818545
57 3.181040392598681
58 0.075659488690409
59 0.026032531812886
60 0.071493745313356
61 0.046075237961027
62 0.082013319684068
63 0.016605976392751
64 1.448386762407023
65 12.107058188346198
66 0.326427182353466
67 1.306514163526495
68 2.642134058448017
69 0.980198665036526
70 0.302681923944680
71 11.885631656749663
72 0.260299986199453
73 0.819031367876757
74 0.090770706464732
75 0.963097739120739
76 0.088078913355951
77 0.065246692443054
78 0.353049463291549
79 0.043030015788033
80 1.147608044108517
81 0.181327063536536
82 0.210911550526272
83 0.081425683049337
84 0.034959406521946
85 0.047639662686392
86 1.125354593857184
87 0.258734998351985
88 0.096624947743658
89 1.001981981462977
90 0.011985552027977
91 0.076504251401513
92 0.077817341990937
93 2.609574123725595
94 0.076752129329295
95 0.139252514951478
96 0.272943401684981
97 1.852961350296108
98 1.401747320514350
99 0.149910423944824
100 0.489429558125578
101 0.895600418710775
102 0.772071848662982
103 0.216605994581551
104 2.255632832570442
105 0.148656684715340
106 0.234013250248473
107 5.993918690332098
108 0.481017541109799
109 0.731350353421768
110 0.443323589016188
111 0.851205702191009
112 0.270000203177450
113 2.374156493075067
114 0.730507052518655
115 0.821818313437335
116 0.367010689156016
117 0.240173312547567
118 2.030919801150954
119 0.123302165988872
120 0.639410837862992
121 1.328172466796678
122 0.445406207274090
123 0.419375482282559
124 2.406373627268957
125 0.793681861804254
126 0.356398809343853
127 0.355048964981536
128 15.243168928573606
129 1.462457844704292
130 1.062265433093566
131 0.321178975197836
132 0.268751877537184
133 0.885153805365926
134 0.418905427874107
135 0.374815414123924
136 0.803840346355844
137 1.033906966566054
138 0.211474499584963
139 0.167620086151163
140 0.106701221721306
141 0.088731249277066
142 0.070688753665967
143 0.031063246572304
144 0.327189756388590
145 0.475324808258751
146 0.094222748918078
147 0.322986875901684
148 0.071903650119089
149 0.058380355441097
150 0.376846912311480
151 0.389539066829890
152 0.882697311625846
153 0.465009898381501
154 0.768771268054833
155 0.213696267274716
156 0.108551696234881
157 0.204733862111059
158 1.352764124047889
159 0.406810587197658
160 1.450800544588253
161 3.262222264000205
162 0.717391075822805
163 0.397926373383966
164 3.576497820516786
165 2.703918778298023
166 0.895449973092174
167 1.384919992573118
168 0.598081037433216
169 1.113070445668883
170 0.213290612355943
171 0.234385625452709
172 0.333542053563051
173 0.291736771498355
174 0.251817886058060
175 0.618577870252818
176 0.766540269568035
177 1.139567100416307
178 1.011813024094084
179 0.685699415201576
180 3.026705894015229
181 1.872496464672260
182 1.986625437163986
183 0.283467379225934
184 1.106448423553263
185 0.401870499346985
186 1.123561569407447
187 1.654037711284791
188 0.951514178743309
189 1.241525414891133
190 0.359372103704701
191 0.171437114023137
192 3.393278578926335
193 5.986877877828485
194 1.485838629719513
195 2.629835947691516
196 3.905827439384192
197 0.526898628864082
198 0.826573056506487
199 0.202771069992139
200 0.568317024068543
201 0.200393072344096
202 0.187901068345255
203 0.470790879961763
204 0.215900646339031
205 0.248345115282477
206 0.583362515693955
207 0.334859765903926
208 0.274289396862778
209 0.953669984379278
210 0.443893167703086
211 0.815903083087682
212 0.658266055448021
213 0.508628684290308
214 1.047687739950827
215 0.807456452047311
216 0.286185086878430
217 0.202518837766517
218 0.318490520120874
219 0.249355715764278
220 0.976939271371561
221 0.623859918520783
222 0.188105220141139
223 0.176675722966322
224 0.541970140216170
225 1.388608454621741
226 1.118215623622440
227 2.092723419547629
228 0.927634059917851
229 1.165365010811215
230 2.621536367075734
231 1.705823173973807
232 1.522873818743170
233 0.943617999684303
234 1.567272713907610
235 1.477136505172131
236 0.898478470471999
237 1.049064193434009
238 1.131860732599634
239 0.991199543395958
240 1.522897563218352
241 1.168231606087381
242 0.524819330704881
243 1.031945341859906
244 0.536444055126703
245 0.442827632912587
246 1.099507369345994
247 0.820364889780790
248 0.552829148915408
249 0.864767525688255
250 0.989208578192737
251 0.494891417071205
252 0.244683743664019
253 0.205544526849616
254 0.235718334358655
255 0.049446229211885
