0 4087.923613769531130
1 0.000371996211587
2 0.000718832656876
3 0.000227137641120
4 0.002112468684019
5 0.000915744977798
6 0.000557566973659
7 0.000442326437181
8 0.001829684008937
9 0.000287392784402
10 0.000733048933009
11 0.000514196709131
12 0.001628787345254
13 0.000444451234957
14 0.000882898651580
15 0.000431511013068
16 0.001259889855672
17 0.005282605781460
18 0.000628429757187
19 0.000345553221104
20 0.001726597531860
21 0.000880926759259
22 0.059710852862693
23 0.000706786824534
24 0.001052973668365
25 0.000894342087711
26 0.000771295826586
27 0.000500853649936
28 0.010744223099637
29 0.000618895285070
30 0.000818923966407
31 0.000664671472114
32 0.088535184683517
33 0.001608076439363
34 0.018426904566068
35 1.481576696039411
36 0.004824411888868
37 0.004044806670599
38 0.001670913431633
39 0.002349600548190
40 0.177720735921079
41 0.010806486940738
42 0.091005288925969
43 0.064495927310401
44 0.022964222322836
45 9.630869940843455
46 0.061451678248944
47 0.015290855954864
48 0.115419246383814
49 0.008782579703331
50 0.126779459971137
51 0.231665604252114
52 0.010215000988743
53 0.151956664649511
54 0.016714072569629
55 0.081453969953443
56 0.054808555514697
57 3.183804382580846
58 0.074885830686907
59 0.025619194748848
60 0.071309991726262
61 0.046011470644628
62 0.082086777746001
63 0.016202196534117
64 1.448673792688036
65 12.117009670080447
66 0.318401236828134
67 1.307503196266383
68 2.644015609320429
69 0.977178380947095
70 0.295988338854377
71 11.900265868828313
72 0.253416394026132
73 0.819257726050140
74 0.088645115771272
75 0.964392736036563
76 0.087586963662171
77 0.064879865947933
78 0.352509043535827
79 0.042260517300986
80 1.148920702659057
81 0.180678929864137
82 0.211028653601766
83 0.081581415736243
84 0.034458148356891
85 0.047114723503856
86 1.126362508612825
87 0.258585850804045
88 0.094524736160377
89 1.003737145208397
90 0.011616183781988
91 0.075891336177095
92 0.075950370180071
93 2.615521374109876
94 0.074953781200185
95 0.139024113407808
96 0.272310439798851
97 1.854285006697779
98 1.405317879723802
99 0.146049932868392
100 0.488241551134090
101 0.896109077480556
102 0.771613333995776
103 0.212253785736064
104 2.261374671738333
105 0.148031204505505
106 0.228652549884640
107 6.011395237692476
108 0.472716533081295
109 0.730721317086280
110 0.441500463211651
111 0.850294974922582
112 0.266877429044478
113 2.380368020246454
114 0.729193975155046
115 0.822339591814612
116 0.366599793683725
117 0.238007989627284
118 2.037270321505022
119 0.121295111463709
120 0.636590614439262
121 1.329896254354328
122 0.443283730244704
123 0.414214128242067
124 2.413502665139168
125 0.793786756225027
126 0.354233422853949
127 0.355727380146511
128 15.254546831848423
129 1.447704851004915
130 1.064219252797541
131 0.320697876555883
132 0.267341476747074
133 0.887873687143653
134 0.417927915463709
135 0.374104331957255
136 0.804620292073652
137 1.036571880132643
138 0.210064694434593
139 0.167480883959137
140 0.106333881847282
141 0.088857325977526
142 0.070126817964606
143 0.030675409371374
144 0.328059817946633
145 0.473963187703480
146 0.093638117706422
147 0.324685010835146
148 0.071584617541632
149 0.057718153582772
150 0.377583772848009
151 0.389376581112880
152 0.885088872486261
153 0.462745551907301
154 0.771236171632746
155 0.213211191897211
156 0.106995920193883
157 0.203509490257806
158 1.362016062946794
159 0.402095261931704
160 1.455688921962302
161 3.260277824393014
162 0.711718101636596
163 0.394506505868994
164 3.601593970468690
165 2.687835271383970
166 0.879962094342211
167 1.393373413890314
168 0.597060069269957
169 1.118864535203253
170 0.211717884938486
171 0.233550148964463
172 0.334196875893007
173 0.291185436072894
174 0.249483723011662
175 0.619895316932392
176 0.768142664207811
177 1.144296146428632
178 1.008219522815923
179 0.679783606339808
180 3.027810811094292
181 1.864077885725172
182 2.001399954823716
183 0.276303154063315
184 1.113074320336271
185 0.392724622545620
186 1.123400093732723
187 1.659375089757036
188 0.944819915955724
189 1.250775061958692
190 0.356589010050735
191 0.169359157495957
192 3.388190450592261
193 5.995301833550154
194 1.476926394881067
195 2.617511332276847
196 3.937656570777190
197 0.518211931945533
198 0.830086271026599
199 0.197945729283994
200 0.572236687773276
201 0.198015796049173
202 0.186357810512088
203 0.475649702543171
204 0.215881212317936
205 0.243965526044619
206 0.586835775158909
207 0.329447843907386
208 0.273182419653078
209 0.960514378909766
210 0.435324908054003
211 0.820453845271659
212 0.656926251712690
213 0.504891147247165
214 1.048834153991403
215 0.810449975932189
216 0.285368849701086
217 0.201608795020271
218 0.319420339883139
219 0.245177137196111
220 0.983681512598197
221 0.622833326992779
222 0.186570892444286
223 0.176423667568825
224 0.539831985191981
225 1.392230941681506
226 1.113312599059955
227 2.099208109637244
228 0.920899880788158
229 1.163070921418891
230 2.635167510327620
231 1.689572920391841
232 1.534841557265006
233 0.939044166725105
234 1.558063582445878
235 1.486202887146862
236 0.894337627226013
237 1.059319363239634
238 1.137958842471280
239 0.978462041952710
240 1.538472239127980
241 1.156032858448411
242 0.518243173458537
243 1.043528783150760
244 0.530627579725802
245 0.440827286841480
246 1.101432242055554
247 0.816210191841870
248 0.555743202521106
249 0.862659268037399
250 0.991818088811197
251 0.497667867688084
252 0.243227794184051
253 0.203549472568291
254 0.236676342729670
255 0.047879101340835
