0 4087.622272251674076
1 0.000398215408573
2 0.000717147538157
3 0.000241681963945
4 0.002190422426244
5 0.000965169852540
6 0.000565164906857
7 0.000451116320758
8 0.001910174753874
9 0.000306139667409
10 0.000738956320516
11 0.000527711216734
12 0.001695283333085
13 0.000463580345403
14 0.000907095934415
15 0.000445393361171
16 0.001296775976008
17 0.005232584890473
18 0.000634995486145
19 0.000357426902359
20 0.001772527729590
21 0.000912120692171
22 0.059550495537736
23 0.000739753057418
24 0.001088162441184
25 0.000911943275358
26 0.000787630090099
27 0.000513092465880
28 0.010729105478258
29 0.000642109751773
30 0.000840508411154
31 0.000687893238685
32 0.088350179626182
33 0.001643751384484
34 0.018591621716725
35 1.480177095950876
36 0.004932200517953
37 0.004146004187497
38 0.001699758926852
39 0.002419647912047
40 0.177702824069945
41 0.011026079662283
42 0.092169282299342
43 0.065166428187187
44 0.023890500572815
45 9.622750823218425
46 0.061641927539173
47 0.015909842283323
48 0.116948142084935
49 0.008827973917984
50 0.126791790343960
51 0.231513098013284
52 0.010409822306891
53 0.152035283043194
54 0.016919426773418
55 0.082743161775849
56 0.055372235863878
57 3.179433337789694
58 0.075414379771768
59 0.025993101950906
60 0.071661915553420
61 0.046510088326567
62 0.082597620147615
63 0.016557141494920
64 1.447705586179543
65 12.100580614491449
66 0.323746410476667
67 1.309392337885091
68 2.641786902422369
69 0.988473457454426
70 0.299852303124728
71 11.879738701075251
72 0.258063523133006
73 0.824800840945537
74 0.089902693403688
75 0.964000326412924
76 0.089098001648376
77 0.065827827033963
78 0.352884046453148
79 0.042824611488003
80 1.148031113509704
81 0.180752037616863
82 0.211061810874343
83 0.081988057055984
84 0.034962302327367
85 0.047715317405225
86 1.123950355866246
87 0.261973355854332
88 0.095859412548033
89 1.001283453156460
90 0.011912550403004
91 0.076762614774839
92 0.077268345436784
93 2.606916982486916
94 0.075931066842991
95 0.140792798586630
96 0.274872004379705
97 1.849430980960076
98 1.400364419154762
99 0.148496487736157
100 0.493536641993984
101 0.894193473142486
102 0.777570330002767
103 0.214615804837752
104 2.252561368823253
105 0.149261298962274
106 0.232703940523981
107 5.987205584799488
108 0.476556026457266
109 0.740413291829670
110 0.445778404788107
111 0.849030891117629
112 0.271549623413245
113 2.373143612498092
114 0.728042289626952
115 0.820829650554892
116 0.370535684835474
117 0.240593607935870
118 2.028370986048599
119 0.125906646019181
120 0.637597109321365
121 1.332336948712876
122 0.447334725040814
123 0.418623351525308
124 2.403967537606160
125 0.791485940608660
126 0.354535455973468
127 0.359067751071526
128 15.237194984797078
129 1.467324945344418
130 1.061348035723882
131 0.322714582171025
132 0.269387501971042
133 0.883189106800897
134 0.417750844160122
135 0.378399276816648
136 0.801101602449374
137 1.031784919234037
138 0.212328867099499
139 0.167312263935331
140 0.107465797302279
141 0.089866945154630
142 0.070386956463912
143 0.031222629625286
144 0.327344925840067
145 0.476220912261196
146 0.093718703717652
147 0.322197911980577
148 0.072081306825471
149 0.058401240902126
150 0.378159060587632
151 0.387361109690096
152 0.880069325315788
153 0.468210634396609
154 0.766153428236828
155 0.214294689675774
156 0.108489464443600
157 0.203980587553076
158 1.351108854760821
159 0.404810319007665
160 1.446260666908418
161 3.266719041226520
162 0.720431850076871
163 0.396443795587934
164 3.571359407668951
165 2.721269403751721
166 0.892619338526912
167 1.380889631204228
168 0.596606445373241
169 1.110994728303463
170 0.213133761115477
171 0.233387325153320
172 0.332957924100636
173 0.294090182394565
174 0.250911481555952
175 0.619002716675761
176 0.773662133796544
177 1.137304391239028
178 1.006869001958923
179 0.685339161153769
180 3.029199043373639
181 1.874677267957385
182 1.980794768586579
183 0.281730870634325
184 1.116485192763462
185 0.399074154006984
186 1.122375407205578
187 1.659528910136429
188 0.945469664844065
189 1.242692249489858
190 0.357852737495569
191 0.172687549544556
192 3.391061581754316
193 5.981352538553808
194 1.485686843751038
195 2.642296107240021
196 3.893295722903016
197 0.525553231891201
198 0.830885860798351
199 0.200908689870542
200 0.568364590680096
201 0.198991841777785
202 0.188623422271495
203 0.469850343714896
204 0.214742683371116
205 0.247032010233354
206 0.586420803210511
207 0.331591554706355
208 0.274888073416345
209 0.963369748051885
210 0.440719985800030
211 0.815272012087514
212 0.658676103555365
213 0.508229463038008
214 1.049724603975464
215 0.802241399945724
216 0.290929134279317
217 0.203002089101477
218 0.318647686380490
219 0.247029921926631
220 0.972602127599038
221 0.629913673264609
222 0.187043424356933
223 0.178889778578927
224 0.542248041589889
225 1.389313289041568
226 1.123625474621192
227 2.091816134930604
228 0.925422582405927
229 1.170531880928981
230 2.614532764774405
231 1.705332697668093
232 1.519412502644814
233 0.947408696782952
234 1.569974853876864
235 1.469587330773332
236 0.900081422645240
237 1.048669732543047
238 1.131901662620714
239 0.984684132132608
240 1.517760789517701
241 1.163576887560677
242 0.526176832274548
243 1.050772693287797
244 0.531942939678741
245 0.444748474422783
246 1.092343921990147
247 0.829186109359544
248 0.553306036193871
249 0.870049112069884
250 0.981883636108808
251 0.493708067259409
252 0.245362570278197
253 0.205120303027085
254 0.234612870411778
255 0.050895215125586
