0 4087.548347167968586
1 0.000363709712365
2 0.000729482442657
3 0.000220262039977
4 0.002241243056342
5 0.000973687318678
6 0.000562186992595
7 0.000441261595479
8 0.001962133542313
9 0.000281282993778
10 0.000740755998133
11 0.000532177205027
12 0.001731660084937
13 0.000441236305762
14 0.000933707039986
15 0.000430070092778
16 0.001318144444234
17 0.005218832398368
18 0.000635404527396
19 0.000343014323020
20 0.001782687055243
21 0.000913009456116
22 0.059525473753533
23 0.000738760334735
24 0.001103614766891
25 0.000909336461649
26 0.000795838435822
27 0.000503542857284
28 0.010746949939576
29 0.000633558502212
30 0.000848415873492
31 0.000685754571766
32 0.088212910077215
33 0.001598692641131
34 0.018564512916610
35 1.480244029381772
36 0.004889910225567
37 0.004166371518303
38 0.001690642627417
39 0.002409979825777
40 0.177722203922300
41 0.010905528658062
42 0.091480066243922
43 0.065954600344066
44 0.022370429263796
45 9.624978060697110
46 0.063484939558175
47 0.014830302542730
48 0.115788341362317
49 0.009001835762932
50 0.126798233734535
51 0.231595771480416
52 0.010498209461661
53 0.152067535655055
54 0.017081897993939
55 0.081926555085062
56 0.055644553819126
57 3.180782230720852
58 0.075069222249513
59 0.026408882815886
60 0.071247473673041
61 0.045881709961614
62 0.082301971962332
63 0.016416100795880
64 1.447521856920417
65 12.107930789683788
66 0.322680819496866
67 1.307225245418293
68 2.639537699421331
69 0.984282238165052
70 0.300064247746513
71 11.888673734073578
72 0.255104668031164
73 0.821196594433734
74 0.090019887216017
75 0.964756449280505
76 0.088276503620482
77 0.065096735174279
78 0.353281103374053
79 0.042124484710419
80 1.148550609512884
81 0.181363173506533
82 0.210655055089624
83 0.081156421532813
84 0.035156528955191
85 0.047166008386986
86 1.126411063375188
87 0.258786215953846
88 0.095997158417654
89 1.001357680458252
90 0.011503505471743
91 0.076499012221978
92 0.076876297396959
93 2.610565802632019
94 0.076285569946569
95 0.139757769323467
96 0.272987435293082
97 1.852701444365110
98 1.402583624790759
99 0.147528964259320
100 0.489677008733437
101 0.896988686552522
102 0.769800835651182
103 0.215544563135786
104 2.256930188146241
105 0.149498286712879
106 0.230163380621743
107 5.997232603413820
108 0.478382496573520
109 0.734424065370682
110 0.442310327483490
111 0.850429925692915
112 0.270655548528227
113 2.374864610941430
114 0.731196283776024
115 0.820733404935557
116 0.366680112489160
117 0.240471207796530
118 2.032530219808883
119 0.124055894271609
120 0.643088785865879
121 1.324165433313073
122 0.441897394103015
123 0.419327142928160
124 2.408797779387569
125 0.792087205889445
126 0.355429175103240
127 0.354771951813762
128 15.246500309122073
129 1.456179053478700
130 1.063666670043003
131 0.321463378240585
132 0.268660479927795
133 0.884985929487395
134 0.419232408027640
135 0.371784901364965
136 0.805995319260764
137 1.034494940009301
138 0.211280844544162
139 0.167281533032213
140 0.106005605271050
141 0.090736291247536
142 0.070563580786175
143 0.030533466677247
144 0.326888048912838
145 0.475149103693004
146 0.093479725503866
147 0.323645775141690
148 0.071704219893885
149 0.058245760191447
150 0.375349016888354
151 0.391009205098582
152 0.883131567106478
153 0.465077679583307
154 0.769371568070033
155 0.212267072518186
156 0.109336247677146
157 0.202589218790819
158 1.358590368578469
159 0.408000352867744
160 1.448569285616747
161 3.254449977576891
162 0.720687952244843
163 0.392775414385639
164 3.593922609680321
165 2.701892720038947
166 0.882347202825478
167 1.386140016185478
168 0.598699698717822
169 1.113538942510521
170 0.214569173709854
171 0.233337473254889
172 0.332421138258225
173 0.289757295354611
174 0.250309826545647
175 0.620891178534909
176 0.782661515220441
177 1.143895367429266
178 1.007677530078986
179 0.673418557644241
180 3.018791565936870
181 1.871205111988472
182 1.992764248251987
183 0.276407585454938
184 1.120468893712967
185 0.398351600962627
186 1.115452691084930
187 1.655596747976968
188 0.949817856611990
189 1.248034981945551
190 0.358230228309840
191 0.171222509397151
192 3.386541467727441
193 5.989834175145160
194 1.485074280682803
195 2.620936023367279
196 3.919593085191984
197 0.523666773421272
198 0.836876764799613
199 0.201413807190609
200 0.559584334471570
201 0.198250506994023
202 0.190339674762718
203 0.474361821104425
204 0.213603117980523
205 0.248825347762518
206 0.575663241746305
207 0.332533048345630
208 0.272631946441694
209 0.974614266816488
210 0.440224958389773
211 0.815413112053733
212 0.647633949604709
213 0.510167559140813
214 1.045566504096881
215 0.805669984273490
216 0.291776251829413
217 0.202425588481734
218 0.319052529023738
219 0.246127706037978
220 0.983901909634438
221 0.618917335122374
222 0.189445466047054
223 0.178020514326321
224 0.539095643305312
225 1.389362448599130
226 1.119840974646745
227 2.096362078282272
228 0.916074550970825
229 1.160114396620116
230 2.635361267091188
231 1.686882717685954
232 1.536730528490545
233 0.954892215351767
234 1.552550487911332
235 1.478398027390873
236 0.886137117987683
237 1.069423702720285
238 1.135303938663570
239 0.991050993295827
240 1.494689604028634
241 1.167728846876196
242 0.518016674357447
243 1.069424430814981
244 0.529953027222664
245 0.435612830319820
246 1.091360632139532
247 0.827012317866700
248 0.556866181052434
249 0.859698440029347
250 0.990030714917380
251 0.498301968996646
252 0.244556506463273
253 0.202929248169326
254 0.235891620512564
255 0.047505225605613
