0 4087.605401916503979
1 0.000396949369865
2 0.000734767705148
3 0.000242380641568
4 0.002191378398244
5 0.000957639139160
6 0.000574364307207
7 0.000460158453200
8 0.001899241752780
9 0.000305954700119
10 0.000754905047893
11 0.000523502060636
12 0.001692348321308
13 0.000467184968646
14 0.000910410460363
15 0.000450310519774
16 0.001292323113582
17 0.005223832611353
18 0.000647086558230
19 0.000361297235123
20 0.001770127758630
21 0.000913154557940
22 0.059545340249529
23 0.000738605029203
24 0.001091387699398
25 0.000907312403920
26 0.000794576826732
27 0.000519125333675
28 0.010719357030513
29 0.000643993321694
30 0.000846430293833
31 0.000689841021420
32 0.088354130341065
33 0.001649213089333
34 0.018677088898086
35 1.479939776099611
36 0.004966060352273
37 0.004156060931137
38 0.001716630016629
39 0.002421408020022
40 0.177671379604480
41 0.011112733768185
42 0.092241741850555
43 0.065724208892302
44 0.024004338151212
45 9.620654121087671
46 0.062220116346070
47 0.015990071152413
48 0.117035724091108
49 0.008918529988046
50 0.126786572977352
51 0.231479942390779
52 0.010435063439884
53 0.152012855435917
54 0.017033203596360
55 0.082818362142534
56 0.055795573874575
57 3.178309301658184
58 0.075619269905969
59 0.026133917840391
60 0.071730595003965
61 0.046616504362646
62 0.082649229304161
63 0.016667351394124
64 1.447643546937273
65 12.096581982425542
66 0.326198739387788
67 1.309376066390066
68 2.640901607199848
69 0.991164873809380
70 0.302153665510077
71 11.873489327273527
72 0.260042587300228
73 0.825333575786591
74 0.090629330809295
75 0.963728798858694
76 0.089288655070389
77 0.066011953167954
78 0.353169380593606
79 0.042990607324927
80 1.147480979707874
81 0.180973287517006
82 0.211059398803700
83 0.082052082333769
84 0.035142120891106
85 0.047885067730968
86 1.123555278828469
87 0.262377903603036
88 0.096553396319421
89 1.000532349053930
90 0.012006630731238
91 0.077024956537310
92 0.077804767281579
93 2.604469005186257
94 0.076549267947942
95 0.141068219064028
96 0.275153600558511
97 1.848751897054115
98 1.399024796950983
99 0.149638710354327
100 0.494523883517146
101 0.893974592807820
102 0.777974317800461
103 0.216230152875336
104 2.250228629193218
105 0.149656646614227
106 0.234152295138759
107 5.979885471817918
108 0.479417801708359
109 0.741494965821215
110 0.447340449582664
111 0.849188650353430
112 0.272268965456480
113 2.370705473417846
114 0.728554118473879
115 0.820309335660672
116 0.371244797255797
117 0.241708711678944
118 2.025781304552290
119 0.126018074900758
120 0.638767954383677
121 1.332567431932344
122 0.448403609576978
123 0.420629734067709
124 2.400839310672802
125 0.791060801448841
126 0.355127487309351
127 0.359590829531176
128 15.233005156883408
129 1.472975330753023
130 1.060066624602947
131 0.323138218345047
132 0.269862685764176
133 0.881990552033138
134 0.418244395987458
135 0.378980321719284
136 0.800760922004960
137 1.030471194215074
138 0.212945797030335
139 0.167270373313403
140 0.107768906574965
141 0.089708804688979
142 0.070619128868393
143 0.031355460313382
144 0.327169535612298
145 0.476808109054561
146 0.093843127923010
147 0.321544271760150
148 0.072294786303263
149 0.058496818183134
150 0.378107443389276
151 0.387419582013624
152 0.878761194375659
153 0.469327237415870
154 0.764897233942046
155 0.214753548682046
156 0.108863920223127
157 0.204220117245554
158 1.347907338493073
159 0.405832080164117
160 1.443432723902310
161 3.269053561563944
162 0.723294453771900
163 0.397096831996786
164 3.560946961946446
165 2.729998870874869
166 0.897407236702423
167 1.377541157455245
168 0.597254221553073
169 1.108320845269224
170 0.213470178407196
171 0.233737280348914
172 0.332912223134792
173 0.294561933630707
174 0.252133215294053
175 0.618244631368887
176 0.771503061041546
177 1.135053282112382
178 1.009325290214647
179 0.687651826690639
180 3.030296094235712
181 1.877661301513286
182 1.975095168929129
183 0.283918112396874
184 1.113796988773535
185 0.401593241401280
186 1.124612032742531
187 1.658405798741213
188 0.946958773272588
189 1.238704561583072
190 0.358643300724577
191 0.173207064822045
192 3.392769893307881
193 5.977938732440888
194 1.488214143851675
195 2.650018895078958
196 3.880736897361655
197 0.527547385119475
198 0.828415069405444
199 0.202564784748199
200 0.568222071105300
201 0.199700014599685
202 0.188889062303445
203 0.468066639306779
204 0.214682668706256
205 0.247725145405845
206 0.587369375309435
207 0.333630558889995
208 0.274712693369045
209 0.960224229777587
210 0.443547509493866
211 0.813172020812264
212 0.660671394835937
213 0.509341873163517
214 1.050385945238172
215 0.800856579885126
216 0.290588330498563
217 0.203307605812833
218 0.318403428799909
219 0.248257114291728
220 0.969859311166986
221 0.630816493453579
222 0.187398423537648
223 0.179168683462295
224 0.543133744336544
225 1.388153501113309
226 1.126366827452332
227 2.088171200464340
228 0.929406899162514
229 1.173077122849016
230 2.607546786448308
231 1.712441257823508
232 1.513705359434670
233 0.946390771055576
234 1.575891966983921
235 1.466098555970151
236 0.902089004754354
237 1.044149785631667
238 1.128553936942901
239 0.986911482521446
240 1.518111411157298
241 1.167078276574728
242 0.527288075853446
243 1.044580476675411
244 0.535344518999103
245 0.445840760729573
246 1.092571447537521
247 0.830366934438375
248 0.552094104636976
249 0.871080515691781
250 0.980481057407137
251 0.492991607259425
252 0.245538231228366
253 0.205818675489805
254 0.234104167866086
255 0.050656459003967
