0 4087.807524414062300
1 0.000358816972985
2 0.000782594599095
3 0.000220649563184
4 0.002141678603342
5 0.000899912435285
6 0.000591118854597
7 0.000464599520134
8 0.001826314707201
9 0.000278511210181
10 0.000784582479539
11 0.000506896618325
12 0.001638670648085
13 0.000448619948347
14 0.000906817272305
15 0.000444642996141
16 0.001255364591662
17 0.005246867394353
18 0.000670054433256
19 0.000352178538683
20 0.001725901527013
21 0.000891823785985
22 0.059667175029020
23 0.000703532854071
24 0.001073220429008
25 0.000879392117500
26 0.000799357377203
27 0.000520718703760
28 0.010717508345091
29 0.000623553836034
30 0.000846799083062
31 0.000672947454383
32 0.088479940361893
33 0.001609757859457
34 0.018855766857000
35 1.480463882988277
36 0.004951852530229
37 0.004111636161358
38 0.001745633493963
39 0.002351463250427
40 0.177586822356811
41 0.011146747551689
42 0.090872199348392
43 0.067963801368019
44 0.022447354655540
45 9.621765843408625
46 0.065740880652180
47 0.014932535375542
48 0.115070464831951
49 0.009346567065276
50 0.126750839469971
51 0.231537948142781
52 0.010421947353068
53 0.151843363933535
54 0.017394297752524
55 0.081275351671054
56 0.057173490797250
57 3.178976509263908
58 0.075711110331682
59 0.026751248571313
60 0.071293155785391
61 0.046083064776410
62 0.082152445722672
63 0.016675604935286
64 1.448275327716155
65 12.101748789050854
66 0.330540661851945
67 1.305752141953639
68 2.637688541464031
69 0.988368298743276
70 0.308224375649284
71 11.874037514033553
72 0.261544802215003
73 0.819557507988696
74 0.092495231691267
75 0.963400728060800
76 0.088014995289001
77 0.065311774111791
78 0.354221779165028
79 0.042622190214525
80 1.146374202812301
81 0.182357502809528
82 0.210690313281612
83 0.081322775114123
84 0.035548882766406
85 0.047557105401405
86 1.126093526574294
87 0.258392474380556
88 0.098320718191075
89 0.999846409381490
90 0.011736609850808
91 0.077191752560450
92 0.078532921961945
93 2.605258740538330
94 0.078461049873741
95 0.139776318409557
96 0.272460921801541
97 1.853117066300204
98 1.399900042001884
99 0.151403056430071
100 0.490554656777733
101 0.896960224381017
102 0.768113722433402
103 0.221461825870285
104 2.252146216930643
105 0.150678017799649
106 0.234388753330142
107 5.979996283943360
108 0.488899974546937
109 0.732828791653697
110 0.446650812725654
111 0.851679612515206
112 0.270756261800415
113 2.368512061890818
114 0.734309022979277
115 0.819489803729820
116 0.367628968966021
117 0.243637080736430
118 2.026402618318245
119 0.120593149993173
120 0.646616743492032
121 1.325620104518733
122 0.444421654253361
123 0.426310908867872
124 2.399818506196535
125 0.792082536151582
126 0.358053342539332
127 0.355511731630819
128 15.239527604202701
129 1.468766329140170
130 1.059297211317598
131 0.322142041838259
132 0.269675486573270
133 0.881991253471713
134 0.422277478077110
135 0.371974998399221
136 0.807072156181138
137 1.031241973684724
138 0.212611240973729
139 0.167337454234887
140 0.106811815976899
141 0.088726332712349
142 0.071292897157183
143 0.030782898690533
144 0.326748670095541
145 0.476658000417492
146 0.094016948497294
147 0.322160322968272
148 0.072387106250117
149 0.058369494430643
150 0.375077780932656
151 0.392532789219769
152 0.880060492531689
153 0.466532464310823
154 0.766884200002626
155 0.214240874660800
156 0.110371956774560
157 0.203434235808056
158 1.349398056412090
159 0.411611984416685
160 1.441603244403458
161 3.264157287526051
162 0.726301909358446
163 0.396109965443572
164 3.562356377552478
165 2.719263789663707
166 0.898548528745896
167 1.379099786175280
168 0.602551140819856
169 1.105961022170582
170 0.214828590260943
171 0.235514555795197
172 0.333598449006246
173 0.290813957240207
174 0.255806411647853
175 0.614732895505169
176 0.766489991377450
177 1.137933166550116
178 1.017619803452879
179 0.684643873303832
180 3.028776517157450
181 1.877662241769983
182 1.977788343827580
183 0.282009013899218
184 1.105652528814792
185 0.405760350413632
186 1.128726375409822
187 1.651728930556535
188 0.954932041719235
189 1.232838433546735
190 0.361938062628500
191 0.170847765608273
192 3.393241265142999
193 5.981962843163801
194 1.492730279415628
195 2.645706149688788
196 3.884920391483448
197 0.527615635911020
198 0.823802934173645
199 0.206666489774825
200 0.564647270740455
201 0.200532486284692
202 0.190369913050519
203 0.468365493606768
204 0.213229190260993
205 0.251396675457334
206 0.584635870458659
207 0.338705057430195
208 0.270845833735430
209 0.953400490552404
210 0.448907558690136
211 0.808030284230294
212 0.659739696940796
213 0.515376836990388
214 1.048790319645655
215 0.802237676744768
216 0.286717475307228
217 0.203003963015698
218 0.317961233275076
219 0.250600275948779
220 0.977723475003051
221 0.618964235706318
222 0.191002389746798
223 0.177099109405909
224 0.542150946091806
225 1.384844419616668
226 1.125002776082946
227 2.085879373873446
228 0.934344315503683
229 1.166368451101036
230 2.616621212603372
231 1.714732594108229
232 1.513583533738922
233 0.942036103603605
234 1.575371304908959
235 1.473955294632962
236 0.894867108444647
237 1.049945064761201
238 1.120070719148012
239 0.999044989234155
240 1.523962582381629
241 1.175759501369417
242 0.519614674775925
243 1.028105664389829
244 0.541971838201337
245 0.440391550736076
246 1.102246197149150
247 0.822542879208236
248 0.551951640963046
249 0.859219070084772
250 0.990301189359591
251 0.495457950243280
252 0.245768615497387
253 0.205972887103492
254 0.235031228297488
255 0.046318640538189
