0 4090.002197265625000
1 0.000732090979000
2 0.000485254373416
3 0.000432792364154
4 0.001185173316723
5 0.000672944209509
6 0.000536803935473
7 0.000470663636103
8 0.000957828764253
9 0.000535168909274
10 0.000601382973614
11 0.000443601204722
12 0.000943613516574
13 0.000639520694834
14 0.000435324809256
15 0.000563650724795
16 0.000832441034940
17 0.005697811316450
18 0.000548022979274
19 0.000478466135367
20 0.001362343455243
21 0.000792051143031
22 0.060616402009306
23 0.000599961718711
24 0.000720103142827
25 0.000848839968745
26 0.000583163967266
27 0.000561843843415
28 0.010636707446879
29 0.000621399276345
30 0.000640085997417
31 0.000633213159290
32 0.090340173797886
33 0.002349741271473
34 0.017671674046461
35 1.486605688287175
36 0.005409783470072
37 0.003384914667741
38 0.001801791083807
39 0.002200547309386
40 0.177806978993539
41 0.012969800098878
42 0.082426102093560
43 0.059768114046171
44 0.044288041119981
45 9.639410701701790
46 0.042529979199706
47 0.030478136184484
48 0.110858874902241
49 0.007011469413268
50 0.127206359221630
51 0.231491356195375
52 0.008329839721531
53 0.150916682047790
54 0.014580996557610
55 0.078134784147297
56 0.055584711226952
57 3.185155003913789
58 0.082160667011637
59 0.021655239463375
60 0.074494056787922
61 0.047016283429518
62 0.078674253148091
63 0.019101620896871
64 1.453792974967130
65 12.099196548835165
66 0.359736700770186
67 1.300017944559532
68 2.676790693609855
69 0.913134075450085
70 0.315854979183111
71 11.880371925419835
72 0.313725461685328
73 0.797725530604119
74 0.094599900091306
75 0.944696988562475
76 0.088935542239813
77 0.066684133856920
78 0.346453804367971
79 0.054467001841600
80 1.143408379061010
81 0.178234320143121
82 0.213082037675122
83 0.082526673501632
84 0.032412092363438
85 0.052840583653071
86 1.111817376573292
87 0.258390319228807
88 0.099889279856851
89 1.011527330414295
90 0.018032657052889
91 0.074742339963091
92 0.088050138624238
93 2.606245855118386
94 0.077654120160286
95 0.132862062372410
96 0.276860654365967
97 1.851057254571955
98 1.394464531449136
99 0.172192649614467
100 0.482646911710713
101 0.878285346923986
102 0.806787960482539
103 0.213975099367335
104 2.246958976173069
105 0.134200109193472
106 0.279301371624664
107 5.987884239589047
108 0.487736198153237
109 0.701632634267192
110 0.434693847446505
111 0.855216240767540
112 0.277201501721606
113 2.378255549056374
114 0.710383974900250
115 0.840879935731007
116 0.365428930725417
117 0.224440543318708
118 2.021146164026277
119 0.146002831104889
120 0.583650108553181
121 1.359217299863629
122 0.479826399169795
123 0.400807866494234
124 2.402401426459460
125 0.814357676684761
126 0.362854673354016
127 0.349719551605774
128 15.202737264286759
129 1.516970442958584
130 1.065643068354248
131 0.314359454682699
132 0.271161079068042
133 0.891817893706386
134 0.403882295158210
135 0.410278459248647
136 0.771510317798067
137 1.034905730758009
138 0.212268386829488
139 0.171971417680857
140 0.110920456910123
141 0.076842333804319
142 0.068120458866710
143 0.037151437644853
144 0.328827595512178
145 0.473807201566214
146 0.102931076993169
147 0.316825694953747
148 0.071061779678787
149 0.062608798390333
150 0.392889021941301
151 0.364575425825783
152 0.886295207658208
153 0.465397578039532
154 0.765552389384088
155 0.222704346176647
156 0.101182465246764
157 0.230572044291323
158 1.295705019760095
159 0.395665839999604
160 1.500672822353999
161 3.305871245048670
162 0.659626053847481
163 0.456503392025432
164 3.460980648296579
165 2.671698995595670
166 1.026483947490164
167 1.379496543047150
168 0.573461185921545
169 1.128783591451701
170 0.206073674693429
171 0.235946980991496
172 0.339152193267996
173 0.310504941496017
174 0.247542734011464
175 0.614802951697884
176 0.675981969329969
177 1.096679295830112
178 1.002638061760828
179 0.800566008115519
180 3.068863152816109
181 1.886337404298756
182 1.927107578468746
183 0.361244595556483
184 1.010719150331121
185 0.436864947639469
186 1.141480616114900
187 1.631780547065958
188 0.970475704576286
189 1.216476123844443
190 0.364989366615576
191 0.183929327403333
192 3.452872930391132
193 5.960251214794623
194 1.496622970113092
195 2.649062536296568
196 3.792965744944806
197 0.592951203506167
198 0.769221570037884
199 0.203688491747840
200 0.626646067839870
201 0.223184217589543
202 0.166060339511091
203 0.441427771151455
204 0.243401188713899
205 0.251826389105867
206 0.613855825096411
207 0.334437309754394
208 0.303906744261915
209 0.816843390718424
210 0.457767566558328
211 0.839997803456469
212 0.732828822712312
213 0.476651181271266
214 1.050066487110624
215 0.827165476560232
216 0.258994527505328
217 0.205869577903868
218 0.310456825847052
219 0.278032209172395
220 0.905769673606182
221 0.683850236762213
222 0.171091187969375
223 0.165446639739917
224 0.566825671219582
225 1.383145735449005
226 1.087288504775756
227 2.092285145540700
228 0.987692316935903
229 1.185468530045170
230 2.527528979152077
231 1.841008934896739
232 1.429063748124971
233 0.914768929319702
234 1.636430917655255
235 1.463078917956667
236 1.011760476782241
237 0.870793408105629
238 1.156866922168689
239 1.000536135156546
240 1.651360651678677
241 1.146712323872612
242 0.625786626867059
243 0.794590034006964
244 0.550181239002916
245 0.508391700024395
246 1.132868211980209
247 0.788188166022464
248 0.519142274406761
249 0.929506493050123
250 0.971051147791547
251 0.455274399657703
252 0.247515291244104
253 0.231173694738620
254 0.238028322441209
255 0.084648555054931
