0 4087.967429199218714
1 0.000375903646473
2 0.000728294944065
3 0.000227025145519
4 0.002096055819996
5 0.000900884121715
6 0.000563686568825
7 0.000447200600817
8 0.001803544297337
9 0.000288953946928
10 0.000743796585368
11 0.000506852421505
12 0.001611819700824
13 0.000449672865266
14 0.000873443890550
15 0.000436485843788
16 0.001247207272692
17 0.005287790610326
18 0.000637158714294
19 0.000348145213287
20 0.001714619190996
21 0.000879808154396
22 0.059733390565324
23 0.000699428186133
24 0.001049706252187
25 0.000886819353769
26 0.000771718630800
27 0.000507697407227
28 0.010736858354422
29 0.000617858380859
30 0.000820205875346
31 0.000662146958751
32 0.088584974944049
33 0.001614587224189
34 0.018526057189689
35 1.481517816706965
36 0.004848982701589
37 0.004040689693511
38 0.001691137568159
39 0.002337901816545
40 0.177682133920038
41 0.010894091744557
42 0.090825974529951
43 0.065261711818749
44 0.022975142029949
45 9.629330123277468
46 0.062321560497546
47 0.015310954575460
48 0.115203048428444
49 0.008902781690806
50 0.126766394229309
51 0.231642264458863
52 0.010222202417900
53 0.151893443711908
54 0.016841576111097
55 0.081289547450676
56 0.055357745584676
57 3.182961194482729
58 0.075124722244057
59 0.025815852241364
60 0.071314445811511
61 0.046037761305073
62 0.082055681184581
63 0.016299925881847
64 1.448787649951253
65 12.114257840030303
66 0.321374664643714
67 1.306960263799755
68 2.642998664520793
69 0.978909012986132
70 0.299013682686299
71 11.894608592144444
72 0.255725440492632
73 0.818852673645326
74 0.089551600819654
75 0.963951345888949
76 0.087572031749759
77 0.064972608680406
78 0.352869895485416
79 0.042418022783440
80 1.148203166161500
81 0.181084944820180
82 0.210988641187286
83 0.081556951208181
84 0.034667742903071
85 0.047243613756938
86 1.126252553911185
87 0.258419516100328
88 0.095451665963317
89 1.003017259295155
90 0.011677203820331
91 0.076193577327264
92 0.076614458115005
93 2.613344569190261
94 0.075798555948116
95 0.139090124242748
96 0.272199631678475
97 1.854285047383412
98 1.404189302649703
99 0.147487950120216
100 0.488565655873070
101 0.896175584285359
102 0.770858719131039
103 0.214481942260200
104 2.259417958135661
105 0.148582539778669
106 0.230284751724695
107 6.004488858373886
108 0.476750377014426
109 0.730521775023142
110 0.442605760840555
111 0.850844056121937
112 0.267445585638210
113 2.377709423767409
114 0.730471227133708
115 0.821798120391983
116 0.366759561055783
117 0.239269652575582
118 2.034824017432024
119 0.120488339759176
120 0.638602747784788
121 1.329448827293457
122 0.443711016927746
123 0.417265228778151
124 2.410062220697535
125 0.793747706189283
126 0.355298058065840
127 0.355557275261458
128 15.251704518868120
129 1.452456984998291
130 1.062832549236324
131 0.320985788496073
132 0.267863632689507
133 0.886576038383367
134 0.419027753102159
135 0.373771447209754
136 0.805284920510173
137 1.035272484311918
138 0.210622305719576
139 0.167524521295681
140 0.106512310843911
141 0.088417477833076
142 0.070445934948936
143 0.030723596361258
144 0.327792452375018
145 0.474646386482104
146 0.093811934756563
147 0.324048270493244
148 0.071806715337497
149 0.057908323578631
150 0.377087490743382
151 0.390178396608188
152 0.883833383964888
153 0.463424022314616
154 0.770407767910142
155 0.213590262015100
156 0.107818261202921
157 0.203754852469573
158 1.358186744939350
159 0.404622736387357
160 1.452939542358489
161 3.262113853366183
162 0.714545069980617
163 0.395727581717203
164 3.590282636061271
165 2.694562043172478
166 0.885631460187482
167 1.390252612917365
168 0.598534772038908
169 1.115844297658345
170 0.212230329453882
171 0.234316482716463
172 0.334290833528253
173 0.291319986945429
174 0.251254898319368
175 0.617791374519042
176 0.765106866429868
177 1.142607572661395
178 1.011018734170404
179 0.682524622662451
180 3.030080510591632
181 1.867283214054134
182 1.994866298933462
183 0.278507870033663
184 1.108825784989363
185 0.396969213975062
186 1.125553381239473
187 1.657318701455268
188 0.947770928004358
189 1.245212766193099
190 0.358315401438155
191 0.169585200804684
192 3.389808755625303
193 5.992133107665565
194 1.481225799447814
195 2.625290077745227
196 3.923899065077753
197 0.520550642445822
198 0.826907831910446
199 0.200526541869429
200 0.571509551832670
201 0.198934926437748
202 0.187251883512622
203 0.473120014278853
204 0.215433855888381
205 0.246336694147531
206 0.587140831278207
207 0.332270067060553
208 0.272937704379226
209 0.954438332799148
210 0.439551899949914
211 0.817465848527197
212 0.658836975670455
213 0.508201255179413
214 1.048508333933832
215 0.808902307714730
216 0.284814426127827
217 0.201879198145645
218 0.318980657714965
219 0.246880984904191
220 0.981682923628500
221 0.622184013634258
222 0.187617388356038
223 0.176143408172624
224 0.540833632544630
225 1.390154708142678
226 1.115539147016439
227 2.095875371269036
228 0.925930154397686
229 1.164260556815137
230 2.629928084818852
231 1.698342015314336
232 1.527122027377693
233 0.937714226661566
234 1.564281522071185
235 1.483341256346746
236 0.896596482549695
237 1.053568048285978
238 1.132525865894029
239 0.985834028412801
240 1.538141244338571
241 1.162392089605477
242 0.520002868299283
243 1.031696164245556
244 0.534534816291282
245 0.441737159809392
246 1.103413084310513
247 0.816285902968016
248 0.554016566587590
249 0.862117495685699
250 0.992046210185069
251 0.496060074076262
252 0.244433902831274
253 0.204585735300680
254 0.236284856251616
255 0.048459536456519
