0 4087.863094889322838
1 0.000387828981519
2 0.000725316958107
3 0.000237088941743
4 0.002118081869721
5 0.000919880383992
6 0.000564999389744
7 0.000453620648780
8 0.001826143601757
9 0.000299065654921
10 0.000744761129458
11 0.000512172706346
12 0.001632841298128
13 0.000458418238158
14 0.000881521598448
15 0.000442442947778
16 0.001256580013989
17 0.005270157555036
18 0.000638714668541
19 0.000355691647913
20 0.001725480414201
21 0.000892432707635
22 0.059676136898282
23 0.000714208741619
24 0.001059551161500
25 0.000893448057952
26 0.000776600666436
27 0.000512896471018
28 0.010729582172756
29 0.000627268393921
30 0.000827493595112
31 0.000672553501088
32 0.088497328235408
33 0.001646275574645
34 0.018530722799440
35 1.481073967415159
36 0.004911754970193
37 0.004070615075252
38 0.001705850719755
39 0.002364913773091
40 0.177694385567500
41 0.011047198038820
42 0.090724063290143
43 0.065516480509727
44 0.023863290218900
45 9.626930145391812
46 0.062059643471637
47 0.015917115561018
48 0.115284427025455
49 0.008888840528638
50 0.126806025714338
51 0.231599486142417
52 0.010262826752848
53 0.151921701619054
54 0.016879254016657
55 0.081459587781716
56 0.055672641294613
57 3.181591333447933
58 0.075547901164591
59 0.025922034562169
60 0.071483487988898
61 0.046059518288050
62 0.082017130740369
63 0.016544241713118
64 1.448417853936503
65 12.108833951244106
66 0.324956082873026
67 1.306727865377892
68 2.642774728811179
69 0.979068248785481
70 0.301226240430011
71 11.888669811461792
72 0.259231330684741
73 0.819086023781211
74 0.090297527609087
75 0.963249319033226
76 0.088040707289092
77 0.065189651391677
78 0.352858939324638
79 0.042960808166602
80 1.147919632361827
81 0.181143834636450
82 0.210940530300642
83 0.081446050434241
84 0.034848410372131
85 0.047573697365714
86 1.125402225223816
87 0.258768619733902
88 0.096186148100529
89 1.002402799636267
90 0.011948407634492
91 0.076373890307148
92 0.077504944551150
93 2.610745372914483
94 0.076344698922666
95 0.139193296520948
96 0.272930991559665
97 1.853081757690478
98 1.402384188170411
99 0.149242217651328
100 0.489179932694694
101 0.895529696842331
102 0.772422442276805
103 0.215545270888445
104 2.256686630541483
105 0.148420033633483
106 0.233271759628513
107 5.997497212192075
108 0.479107007948207
109 0.731305397519980
110 0.442644723031599
111 0.850986675506258
112 0.269656166428636
113 2.375467507616043
114 0.729976570047784
115 0.822084649933652
116 0.366904911196575
117 0.239549523470138
118 2.032125491153965
119 0.123426478951975
120 0.638394883128987
121 1.328567411497845
122 0.445117910627697
123 0.418132459536160
124 2.407890034210987
125 0.793851694750603
126 0.355941966653074
127 0.355084741885417
128 15.244982932764323
129 1.459870836948429
130 1.062849804669624
131 0.321042572931641
132 0.268525135061990
133 0.885726893551513
134 0.418470323697927
135 0.374959222412677
136 0.803692808151698
137 1.034463452602525
138 0.211199159674349
139 0.167636348978352
140 0.106617640062345
141 0.088820109203429
142 0.070530998411304
143 0.031029455041309
144 0.327318972288147
145 0.475062243037991
146 0.094154384581475
147 0.323264388627742
148 0.071806821841614
149 0.058332022374547
150 0.377057808614721
151 0.389258280548618
152 0.883201011085386
153 0.464619083023864
154 0.769293486391920
155 0.213527810075938
156 0.108285337771669
157 0.204671715628418
158 1.354138969433928
159 0.406021483270945
160 1.452230670279817
161 3.261556959961560
162 0.715901900753413
163 0.397613892572616
164 3.581234824803027
165 2.700387388405834
166 0.893079851555627
167 1.386494793852578
168 0.597556075678557
169 1.114441157746833
170 0.213008396407772
171 0.234176331381427
172 0.333547779327184
173 0.291784038518902
174 0.251082718176927
175 0.619043838943265
176 0.767441715512611
177 1.140315691997311
178 1.010357281608452
179 0.684858703105307
180 3.026766563403414
181 1.870993374453466
182 1.989145490824672
183 0.282428779266712
184 1.108082628255796
185 0.400330798923826
186 1.122578958039678
187 1.655054624578382
188 0.950312461142718
189 1.243613025315976
190 0.358808437650853
191 0.171311317811112
192 3.392365666960321
193 5.988385084235951
194 1.484299330514262
195 2.626726389037433
196 3.911581025236330
197 0.525751710441067
198 0.827796310889451
199 0.201715082191367
200 0.568869167811886
201 0.199985476634249
202 0.187714298805960
203 0.471498542049723
204 0.216037962922814
205 0.247804500716639
206 0.583409029498271
207 0.333658233132418
208 0.274441631587228
209 0.955147886608653
210 0.442254171418760
211 0.817093360548694
212 0.657641771254203
213 0.507902860239784
214 1.047503621388350
215 0.808021434961879
216 0.286456988110590
217 0.202344366406806
218 0.318632035723305
219 0.248644526162426
220 0.977771599124275
221 0.624145037534115
222 0.187691810266282
223 0.176670171836868
224 0.541589352135021
225 1.389359215044616
226 1.116909751853362
227 2.094593755997637
228 0.925761485884039
229 1.164623257002473
230 2.624284115042484
231 1.702598095523032
232 1.525172314907645
233 0.943876731074981
234 1.564974037910472
235 1.478312940714148
236 0.898271546131758
237 1.050436001673431
238 1.133649203212011
239 0.989566353774288
240 1.523490642707811
241 1.166200504747034
242 0.524526515122556
243 1.034754839848758
244 0.534665513618568
245 0.442740309726303
246 1.099129395216557
247 0.820150747498685
248 0.553284834302000
249 0.864909144429325
250 0.989437265537616
251 0.494946017896471
252 0.244667368717041
253 0.205279396117032
254 0.235873302754363
255 0.049575572813606
