0 4087.894118652343877
1 0.000380782185724
2 0.000742302505053
3 0.000228994388871
4 0.002111143513903
5 0.000905627423104
6 0.000574349522929
7 0.000452870364431
8 0.001814911012114
9 0.000291651201254
10 0.000755043655574
11 0.000509408657640
12 0.001621539750667
13 0.000454929798962
14 0.000882420752905
15 0.000443917581565
16 0.001255485448262
17 0.005270933153406
18 0.000646052292496
19 0.000352470996560
20 0.001733935054629
21 0.000881807642963
22 0.059698062198938
23 0.000703268052803
24 0.001059064261222
25 0.000890476537386
26 0.000781786017329
27 0.000510842201581
28 0.010727165031155
29 0.000624702476952
30 0.000826459604950
31 0.000669215394177
32 0.088606591954816
33 0.001619694109901
34 0.018648831118690
35 1.480974550960668
36 0.004874827672427
37 0.004069728120759
38 0.001694147766335
39 0.002363191292949
40 0.177644253574837
41 0.010919166947573
42 0.092153920634901
43 0.065069687553528
44 0.023224201119248
45 9.625255981811987
46 0.061951843304752
47 0.015478165985856
48 0.116775389677954
49 0.008885099692126
50 0.126729757022247
51 0.231536590443396
52 0.010280432082194
53 0.151918700704306
54 0.016879566200263
55 0.082401528801050
56 0.055278213784203
57 3.180777124034214
58 0.075140223924266
59 0.025749504578221
60 0.071578065702094
61 0.046668331943581
62 0.082602566502133
63 0.016344403200149
64 1.448566932802207
65 12.105444734058528
66 0.321260955342940
67 1.309653112770005
68 2.642702643735348
69 0.988883184077999
70 0.298897624236564
71 11.882989874666267
72 0.256022160566887
73 0.824260631082998
74 0.089545369954906
75 0.964221408495037
76 0.088522974900186
77 0.065713307046564
78 0.352952844043615
79 0.042503263769314
80 1.147712984458961
81 0.180720376329137
82 0.211277853699104
83 0.082362884272002
84 0.034715604670379
85 0.047531505671899
86 1.124450327773154
87 0.261928056320880
88 0.095383257618696
89 1.001968283479517
90 0.011797310548597
91 0.076630433607225
92 0.076632518599956
93 2.608676573160255
94 0.075634325820125
95 0.140687821517631
96 0.274072574272770
97 1.850685505887188
98 1.401813087007720
99 0.147458556834676
100 0.493464762607261
101 0.894347566306877
102 0.776858412550425
103 0.214328149971271
104 2.254485335350716
105 0.149343684856228
106 0.230692968834238
107 5.991179405029093
108 0.475634350263878
109 0.739133021306071
110 0.447659254414212
111 0.848971547552048
112 0.268460698112411
113 2.374639968851634
114 0.728510692551115
115 0.820512908068140
116 0.371269550738282
117 0.240732351849413
118 2.029726445278595
119 0.121616249404037
120 0.636743034627488
121 1.335954434263377
122 0.447827074140808
123 0.418248963949699
124 2.404169089938502
125 0.791554062304587
126 0.354224799861951
127 0.360688629480598
128 15.242850003095493
129 1.462675421084064
130 1.059845255147366
131 0.322850780627875
132 0.268746267683013
133 0.883723681650230
134 0.418647110888253
135 0.378754184720056
136 0.801948201548443
137 1.031767456495227
138 0.212044373277646
139 0.167168117908028
140 0.107889595771785
141 0.088406447733489
142 0.070361341422604
143 0.031089684579540
144 0.328205762612299
145 0.476010533511245
146 0.093588246001701
147 0.322636870627632
148 0.072339587755148
149 0.057798671090711
150 0.379094912675308
151 0.387846317130572
152 0.879814630932501
153 0.467451883066189
154 0.766398928415629
155 0.215516976122631
156 0.107462774984576
157 0.203688188332742
158 1.352663241287650
159 0.402165541782577
160 1.446190982709851
161 3.273179708527399
162 0.719034993077308
163 0.395734812802929
164 3.570808037927184
165 2.720281822131058
166 0.889778300327137
167 1.383810010626014
168 0.597904762895237
169 1.111179511919211
170 0.211674844931722
171 0.234000304789962
172 0.334678762045628
173 0.294710710500118
174 0.252503577705221
175 0.616099628469681
176 0.761890789697843
177 1.136029366573019
178 1.011507858236722
179 0.688922379130285
180 3.038886838787929
181 1.871773970822947
182 1.982158670402459
183 0.280482653024185
184 1.110339585154136
185 0.396506399242013
186 1.132478561318426
187 1.661757467731498
188 0.942777348493520
189 1.240140619883821
190 0.357715323541333
191 0.170599016881397
192 3.391006357543174
193 5.983210319662811
194 1.482510601755953
195 2.650513152481879
196 3.896725916021980
197 0.520895998692916
198 0.823108299640250
199 0.200378034880593
200 0.576577896446807
201 0.198861963229753
202 0.186705052071604
203 0.469691143150897
204 0.215009570112506
205 0.244314903337902
206 0.597218341146534
207 0.331185794907213
208 0.272581933152928
209 0.952844994242412
210 0.438950843840474
211 0.814383721271879
212 0.667789470268404
213 0.507694247052697
214 1.053224060234061
215 0.803306005624697
216 0.285784899457717
217 0.202662824138672
218 0.318649646666081
219 0.246350135205415
220 0.973246994023256
221 0.630524331856372
222 0.186242870203754
223 0.177932694021790
224 0.543004584034232
225 1.389350882371385
226 1.123291457575840
227 2.089200777800623
228 0.933760340325204
229 1.174608529601091
230 2.611652139673093
231 1.711965013751988
232 1.512015172604812
233 0.932016231748979
234 1.579924041032948
235 1.474459407011639
236 0.904632338044031
237 1.040820166224510
238 1.127234497055249
239 0.978087993318747
240 1.555694373425336
241 1.157826939480374
242 0.522154784466086
243 1.027260405845438
244 0.537242797174388
245 0.447001231203588
246 1.102430465646535
247 0.821916794396981
248 0.551677639223971
249 0.869348851126594
250 0.983900369763189
251 0.493634238399609
252 0.244614023374846
253 0.205849410956269
254 0.234831411055222
255 0.048914370120843
