0 4096.000000000000000
1 0.416736237979297
2 0.603108668527921
3 0.756514444906309
4 0.627555285412023
5 0.910433714677674
6 0.973387039671587
7 0.816179637133379
8 0.970057484478238
9 0.919559730119827
10 0.977128158964318
11 1.046871758142073
12 1.051117855544185
13 0.936554636263791
14 0.956190073057487
15 0.932209380018790
16 0.954375845657312
17 0.844784692748997
18 0.982002280837107
19 0.903946595803552
20 0.990786596217388
21 1.074279140622355
22 0.887241046662631
23 0.963988117838322
24 0.943950415803870
25 1.048381043757290
26 1.020710952456834
27 0.990605708468020
28 0.985179261406199
29 0.992973046281193
30 0.927182508947173
31 1.013308983180823
32 0.984980043525963
33 0.991546980984700
34 0.925354888043721
35 1.001310169342591
36 0.983290167423978
37 0.991268134076984
38 0.947068700665563
39 0.968268578337202
40 0.997242212376678
41 0.955822157520180
42 0.926102368333436
43 0.949309081016448
44 1.032882072206246
45 0.983207932705859
46 0.967365389939097
47 1.010128448047703
48 0.967263422287091
49 1.049570384112296
50 1.010641398542448
51 0.944463400951150
52 1.012799894438471
53 0.980645920243576
54 0.965218451896634
55 1.006756404058410
56 0.994145593728755
57 1.011995117242419
58 1.005353129538701
59 1.008338992281270
60 0.991605895321076
61 0.982984430829158
62 1.010565809697499
63 1.019984772395175
64 1.000074077196847
65 1.020566287066079
66 1.004992958441967
67 0.980234589431907
68 0.950280557854058
69 0.959581828971839
70 1.006650769984195
71 0.982056158865528
72 0.958357330439498
73 1.008484498865710
74 1.040793807614786
75 1.026043938203215
76 0.961788552270700
77 0.936270644710350
78 0.977786258280869
79 0.927724800097255
80 0.982636095468852
81 0.969311176702730
82 0.989112390156562
83 0.995468673833153
84 1.000632242866015
85 0.985762673059424
86 0.998200044866054
87 0.986462862515207
88 1.035318829735220
89 0.976322256052576
90 0.991191464181582
91 0.993140206290443
92 0.967060456829028
93 1.004465818779077
94 0.959462919680189
95 0.992229926583806
96 1.019943754890889
97 1.011103049831157
98 1.007477091113216
99 0.989572043587288
100 0.961322778406755
101 0.994391168491831
102 0.967537838156019
103 0.989550616110991
104 0.997535271357519
105 1.017485089909898
106 1.036985315777549
107 1.017460464000614
108 0.983222153302690
109 0.998602573640006
110 0.980332481774032
111 0.984674739555004
112 0.946280618605333
113 1.011946968320999
114 0.978930874249396
115 1.039779989968950
116 0.994600921824415
117 0.974436258078318
118 1.019618548551177
119 1.006100648701951
120 1.011834506861075
121 0.968910806582912
122 0.978831825540720
123 0.996017428143812
124 0.985441770116898
125 1.022450512062408
126 1.064123290886344
127 0.996291710673378
128 0.956584292271495
129 1.001418678752786
130 1.006054348504224
131 1.012191780664444
132 1.016884734323187
133 1.028343643238298
134 0.958103644110710
135 1.001732943715883
136 0.959257598298668
137 0.966782845520058
138 1.000051440948361
139 0.993004653175879
140 0.994747475065276
141 0.974393668737619
142 0.986166686425962
143 0.977974525007095
144 0.997466824771175
145 1.000810242147834
146 0.991964803815453
147 0.990646106487152
148 0.996563670845643
149 0.985952609069750
150 0.989482829875921
151 0.997253218787961
152 0.982567451990097
153 1.036769926908503
154 0.987943188724260
155 1.022232677280718
156 0.992940688725994
157 1.006278259953385
158 0.993384470818902
159 1.020820971463424
160 1.006762249437891
161 0.993226736438624
162 1.001605422616866
163 0.999915730543995
164 1.030482133928087
165 1.023661504814726
166 1.013596516132415
167 1.018082700029718
168 0.965521432876928
169 0.988831952119311
170 1.016104525358542
171 0.975444505028103
172 0.978382911678523
173 0.976437040596622
174 1.014860120959130
175 1.001704647930973
176 1.018916987734767
177 0.991268512260103
178 0.981367256861698
179 1.000926586474776
180 0.990607119378071
181 0.980344142875917
182 0.983682721904033
183 0.982402362060202
184 1.000825025571204
185 1.019174014708174
186 0.967577909299849
187 0.981666110916660
188 1.013646460308037
189 1.013148358345921
190 0.973834663403994
191 1.001591560998801
192 1.000457219722234
193 0.985588721862756
194 0.987378991714537
195 1.030972664114345
196 0.999492883427104
197 0.969613031374206
198 1.007329706082920
199 1.009142584230837
200 1.006474749743848
201 1.015066767366834
202 0.980519787900717
203 1.004589971991154
204 1.016099346890315
205 0.960357659743064
206 1.007535610003101
207 0.992196316108668
208 0.997068764058073
209 0.976756048709000
210 1.023958352628882
211 0.985351228025810
212 0.999918265326702
213 1.019118648590201
214 0.981358737840103
215 0.990869470905757
216 0.999721721301117
217 0.970109304319251
218 1.010602919019596
219 0.988787786224513
220 1.000240512076378
221 0.988932442458564
222 1.007205175282455
223 0.995608879866629
224 1.019376045988536
225 0.993580581633485
226 0.968115647829970
227 0.982889238946629
228 1.021386750249597
229 1.012934992888148
230 1.024895450126972
231 0.999701301318155
232 0.995155615815291
233 0.999040880785791
234 1.023086840906358
235 0.987935597283437
236 1.007598389117043
237 1.009159984342165
238 0.972959404342451
239 1.018394235699904
240 0.993907757689346
241 1.003609475638572
242 1.019412908302711
243 1.002433025306018
244 0.994244754833134
245 0.998205304455129
246 1.001663763700140
247 0.992968102592111
248 0.984332051448716
249 0.994031139437764
250 0.994409267504207
