0 4096.000000000000000
1 0.333939742060091
2 0.836961874578289
3 0.285295480216959
4 0.772675315042813
5 0.799664705758423
6 0.833571411958216
7 0.950475305801875
8 0.923978980228299
9 0.864675081486338
10 0.762693582458116
11 1.032585531642270
12 1.287061426548161
13 0.912990896198258
14 0.777215958269904
15 0.907154908722779
16 0.811282088220764
17 0.765832417566231
18 0.947995347393051
19 0.874630293420630
20 0.832426263561865
21 1.171653264838050
22 0.870623572586065
23 1.053033592732421
24 0.875054605793831
25 0.947512915819207
26 1.118212268963872
27 0.861163051689225
28 0.916838055653944
29 1.097895559261736
30 0.845262862173799
31 1.016436297168306
32 0.973580810510164
33 1.064436425133969
34 0.937951718876929
35 0.997007410541672
36 1.106273066193305
37 1.104556813825911
38 1.080663746284543
39 0.976614913336278
40 1.023966206725831
41 1.019564421694341
42 0.993664883144979
43 0.878864996616481
44 1.081246763961774
45 1.049040745355548
46 0.999496254413708
47 1.031499947251873
48 0.893128480688004
49 1.141116218564159
50 1.134463996426820
51 0.989776476142606
52 1.117421089486533
53 0.936945736804966
54 0.969039162327666
55 0.838924399149222
56 1.084037403418979
57 0.998779402326828
58 0.990092945348274
59 1.031880115647354
60 0.959971241499075
61 0.986531583885169
62 1.188018107011471
63 1.065980184161198
64 1.062166900781251
65 1.055236605366905
66 1.126336503268259
67 1.010969018150855
68 1.048286028436519
69 0.953194785119412
70 1.059846494363117
71 0.971826850524115
72 0.999708580037608
73 1.037651542168505
74 1.119597696657931
75 1.062519073509236
76 0.887133412366701
77 0.958542024831229
78 0.969473551661833
79 1.058932831816153
80 1.013962290231045
81 1.100120828120237
82 0.910224679086847
83 1.016116809087690
84 1.077923194865666
85 0.962790151195919
86 1.052809659202439
87 0.959798926583771
88 1.092869430798538
89 1.001276050834831
90 0.961533990380720
91 1.046891664683910
92 0.953351081847771
93 1.063150167694784
94 0.872270389373005
95 0.925008102358028
96 0.950703547862495
97 1.061623065438875
98 1.107734680606197
99 1.095484785497422
100 0.920308176712810
101 0.945802068471825
102 0.952739219623835
103 1.065891454548423
104 0.888833418330557
105 1.053233037237785
106 1.087872910610566
107 0.976079477655982
108 0.926807469197865
109 0.970999416925970
110 1.000451789142106
111 1.011858312326218
112 0.914528989014959
113 1.045566234425063
114 0.897997026907163
115 0.952270479374282
116 0.965967990782337
117 0.968450313782249
118 1.056975864542281
119 0.965251100421426
120 1.132425246939798
121 0.931681433143096
122 1.046859838976407
123 1.022064928149862
124 1.012225361726273
125 1.075416679187528
126 1.032166796185110
127 1.006853885685672
128 0.955684121505479
129 0.988109842735975
130 1.000139950390211
131 0.985776025436266
132 1.043217834051277
133 1.118991736948338
134 0.934810936380468
135 1.002069451017353
136 0.932512122353249
137 1.012981532608376
138 0.965645301183496
139 0.913418082037696
140 1.047104357469626
141 1.007031102139023
142 0.993027954279791
143 1.071075663236197
144 0.908358062398966
145 1.041118184548803
146 1.040777646946533
147 0.964016969159154
148 0.988360105113276
149 0.926582581302587
150 0.917239882457689
151 0.908489746102826
152 0.985574197197632
153 1.025216151746295
154 0.938768059812625
155 1.082373088854728
156 1.024698508721995
157 1.043258610204639
158 1.043414360031914
159 1.034436341053203
160 1.037090739706361
161 1.002141526867484
162 1.032347866739791
163 1.034207417512763
164 1.028309462214289
165 1.011553651770776
166 1.001091277836154
167 1.080165081035414
168 0.939616420217970
169 0.967872932136466
170 0.979180969133156
171 0.957277265155782
172 0.935169152922036
173 0.984723455519222
174 0.952711058773752
175 1.044156939237012
176 1.043524733166648
177 0.931197221174005
178 1.012875848794907
179 1.016754552277894
180 0.909495944473980
181 1.017256412730311
182 0.914137950239869
183 0.960987011557425
184 1.016913107011769
185 1.053978582070351
186 0.968086617869632
187 0.976355509327522
188 1.037341122416898
189 1.057545744977541
190 0.951984329672793
191 1.049797323241173
192 0.964131856997459
193 1.029952707094782
194 0.938057229687819
195 1.022205794365356
196 0.990837347944095
197 0.948337464108318
198 1.021422904385629
199 1.009860880396185
200 1.008445378516096
201 1.061627376485249
202 0.938674616774302
203 0.952109956831330
204 1.004572103362024
205 0.995712633852343
206 1.026330653781477
207 1.030172008419314
208 0.963640934220442
209 1.007532931696131
210 1.016388166780445
211 0.936731359169398
212 1.016379953475267
213 1.012182751747663
214 0.933088486012725
215 0.999970548640874
216 0.992804436196441
217 0.989712230497030
218 0.974875735595964
219 0.886539904242843
220 1.005905806755198
221 0.964905233557851
222 0.971630100458401
223 1.008980021093818
224 1.053653770840123
225 0.945996221704234
226 1.029797266178923
227 1.032540281807087
228 1.015727754927589
229 1.042028139339344
230 1.034894831641001
231 0.965010519533120
232 0.965424608442187
233 0.976482834539968
234 0.979930562895160
235 0.991936550145679
236 0.943111193455736
237 1.001268315213687
238 0.965936933150605
239 0.994205413376810
240 1.017516351728025
241 1.000209236242090
242 0.982428957264278
243 0.956523111317889
244 0.964443738365801
245 1.016827655815116
246 0.987819083825220
247 0.943685379170780
248 0.998242299508324
249 1.006303893164203
250 1.015167851388405
