0 4096.000000000000000
1 0.795403699418329
2 0.482048617199106
3 0.720879435684612
4 1.020256503065943
5 0.760103939639425
6 0.854996227071196
7 0.827300696714923
8 0.831346802967077
9 0.883921814592895
10 1.094550000781596
11 0.852308318265478
12 1.014578478080204
13 0.916255152434747
14 0.615517692372602
15 0.710976996684030
16 0.655597381332745
17 1.120704900147732
18 0.995842601610900
19 0.870936520966790
20 0.879214742862015
21 0.977390605475092
22 0.924880243496097
23 1.115534198975159
24 1.116876959951997
25 1.026182469031954
26 0.868012996558387
27 1.118496750986418
28 1.139118554054481
29 0.937533016460717
30 0.824842698237107
31 0.920319306640215
32 0.703042345268999
33 1.181471244192267
34 0.879564815873130
35 0.846599289951628
36 0.865607253267522
37 0.844564285859964
38 1.066985363992118
39 0.847429359037775
40 1.154830796711136
41 0.915001997771642
42 0.777091307253571
43 1.141876418110378
44 1.053892631650032
45 1.099002222057380
46 0.992499878079796
47 1.055435661045016
48 1.003232597428361
49 0.996496759884089
50 0.879878002581568
51 1.020346474631820
52 1.022661134263922
53 0.910813670316880
54 1.042835083161819
55 1.048772661254501
56 0.963596033721622
57 0.941120864103224
58 0.978899670494285
59 0.961884651561458
60 0.817378421121712
61 0.846134823279969
62 0.997620919908898
63 1.009300894863353
64 1.109306881357450
65 1.074176260125089
66 0.906265225208494
67 0.928750263672002
68 0.878110032831494
69 1.091940144225497
70 1.046511466784448
71 0.877609899198594
72 1.024249685276371
73 0.962760997472236
74 0.953014893034607
75 0.959083713383943
76 1.018600841371824
77 1.048142278789093
78 1.058090318842935
79 1.007565139722460
80 0.960108249977816
81 0.962721853526405
82 0.963045379314021
83 1.117179179051454
84 1.004800310124603
85 0.957500026493249
86 1.046747318624794
87 0.916224794780904
88 0.953485125421841
89 1.073532097456084
90 0.997413323399831
91 0.941502165251530
92 0.966862025938868
93 1.168964946925468
94 1.051670738967634
95 0.995606961496433
96 1.056662347234394
97 0.986739851186641
98 1.002940564303037
99 0.973659734003771
100 1.050236391258315
101 1.061614821630484
102 1.048544926797160
103 0.914786778765204
104 1.143370048914529
105 0.955190906501435
106 0.940125388712337
107 1.046146727766577
108 0.984945292021848
109 1.030020112056974
110 0.988148723098599
111 1.057456241953599
112 0.939571878292012
113 1.053458173970425
114 1.104413899187231
115 1.057779467558108
116 0.934185334612367
117 1.097132472797244
118 1.021087954722974
119 0.962934081801645
120 1.006095726836127
121 0.993833048961417
122 0.930186565535112
123 0.926128749791233
124 0.983147304537998
125 1.023393467364005
126 0.998201106418224
127 1.005557056499632
128 0.947574024134550
129 1.022003168298377
130 0.978211904905501
131 1.060174948567871
132 0.994706441439152
133 0.878685300971458
134 0.986274438907261
135 1.009545502733777
136 1.013825330435139
137 1.006574675065089
138 0.909732886259169
139 1.018134016113004
140 0.949886008201981
141 1.015143131095440
142 0.978780341082592
143 0.933414532083664
144 0.981496824768292
145 0.950158225423522
146 1.124041871596192
147 1.017122375744890
148 1.068730641464560
149 1.024805488895257
150 1.046830353657937
151 0.977601520630322
152 0.945776568972557
153 1.014690677344587
154 1.023328460271854
155 0.942233417522286
156 1.004346575831410
157 1.020623962691594
158 0.997981594245161
159 1.002538976922738
160 0.977803998280941
161 0.962064337102257
162 0.997899975491773
163 1.002201976234414
164 0.991207863116180
165 0.992359555104552
166 1.052512576140573
167 1.011206206986195
168 0.995669475308932
169 1.024657917916978
170 0.986434158412985
171 0.977463862918974
172 1.032205396817752
173 0.961460714024591
174 0.976732148318673
175 1.087367066332912
176 0.913699715108671
177 0.987061391985164
178 0.995600528696355
179 1.054798242987734
180 1.056358241101903
181 1.095466230326898
182 0.991854066034062
183 1.036325292254509
184 0.943393793392187
185 0.973059619044954
186 1.013457488034704
187 1.010456937161741
188 0.950248536334817
189 0.944839079813244
190 0.984343137583845
191 0.996132305927420
192 1.007689100130005
193 1.021410281116025
194 1.009458186945050
195 0.939089178316226
196 1.018979327784045
197 0.947490884978664
198 0.989686346034487
199 0.916835827852375
200 0.961968214429778
201 1.051974886270726
202 1.008998649716105
203 1.007146734439172
204 1.045051080027532
205 0.948929435626788
206 1.045544449560366
207 1.039922022704322
208 1.024010825087970
209 0.972645760094526
210 0.989048454035130
211 1.034513775348063
212 0.955506767959861
213 0.997385315516350
214 1.009773902506771
215 0.961788108180950
216 0.968196459347349
217 0.973951991442698
218 0.990571561773972
219 0.992818380698560
220 1.009186267033570
221 1.007770457092777
222 1.005206143675884
223 1.028643662947077
224 1.026513023975077
225 1.023640731134187
226 1.017409818191052
227 0.986541495032765
228 0.997947932318642
229 0.954710291435566
230 0.972971814431124
231 1.026232009850375
232 0.926043362358388
233 0.982686440129992
234 1.004769557529888
235 0.990010139468445
236 0.986430616082191
237 1.014982441228822
238 1.009535049647509
239 0.974642104849945
240 1.018278881239805
241 0.959004097005300
242 1.008747336548106
243 0.904337762282803
244 0.972921751650474
245 0.964150203495117
246 0.961383305765233
247 0.974284201076444
248 0.998645699908731
249 0.973011275919482
250 1.072054642498937
