0 4096.000000000000000
1 0.298964393067369
2 0.650181924003429
3 0.662486750604670
4 0.651116933716933
5 0.689491358481519
6 0.909143765256623
7 0.656439579781402
8 0.693390575482852
9 1.004145931021976
10 0.994302304532251
11 1.075506531404854
12 0.948829726241669
13 0.863755968557802
14 0.921308777565329
15 0.912598138266547
16 0.936400768297794
17 0.775599433752200
18 0.950228976378461
19 0.963525082604705
20 1.020929922876797
21 1.007125344745121
22 0.795419730637827
23 0.944541520689076
24 1.057936545110822
25 1.032601816698805
26 0.937427261874199
27 1.002278837136398
28 0.992261922792293
29 0.936409807554234
30 0.953141499268181
31 0.995810909827956
32 1.011165745134191
33 0.978732440306024
34 0.936152850611979
35 1.082157174562240
36 0.977027948017195
37 0.974260441587800
38 0.969709639715181
39 0.923118373026452
40 1.024458441899120
41 0.901193494215689
42 0.942285657654307
43 0.984364357660691
44 1.056757947978282
45 0.920084568212784
46 0.905324390717090
47 1.006514755507393
48 1.061913162759231
49 0.985763735034896
50 0.969878803793348
51 0.943452398731853
52 1.004815657606643
53 0.977476052334804
54 0.934425012596640
55 1.104837481202209
56 1.001178777878819
57 1.010270423380122
58 1.020355552345990
59 1.001434572521751
60 0.992367239118208
61 0.983424130606951
62 0.980519159582889
63 1.027285135001773
64 0.935278534534970
65 1.006053261293084
66 0.919175439186064
67 1.002123484599727
68 1.002147971676247
69 0.958027398414810
70 0.985777744112356
71 1.008767059676453
72 0.964976849649630
73 0.985159918061092
74 0.999758949241973
75 1.017372846974589
76 0.961831404719451
77 0.955013623187663
78 0.958412935010119
79 0.908691188727480
80 0.999500910133728
81 0.897780254240423
82 0.967512870515424
83 0.963896450352630
84 0.994097527399435
85 1.009311961690473
86 0.988478062655447
87 1.002176483852419
88 1.044042042954255
89 0.950154330796376
90 0.961840708156790
91 1.010113380554117
92 0.991422226936445
93 1.042841947370285
94 0.970652926800570
95 0.986824107892063
96 1.012780902291468
97 0.990769967014855
98 0.979653415289423
99 0.975371555711636
100 0.931856651610546
101 1.024793746707677
102 0.947944624112592
103 0.973234592102327
104 1.027621536925909
105 1.021923844020543
106 1.060390195706238
107 1.010849114393515
108 0.991402995133778
109 1.017945211577401
110 0.963506722149164
111 0.998538041856473
112 0.954003418977583
113 1.004299489669970
114 0.992380266219328
115 1.053039969418444
116 0.995894107924306
117 0.988646213664798
118 1.065998055130063
119 1.008348165651386
120 0.943643778523249
121 0.989993197303921
122 0.964365273163127
123 0.940264872380078
124 1.018436011813452
125 1.022877296640512
126 1.072074858954560
127 1.001467037519052
128 0.927172811717306
129 0.990625148788544
130 0.994991091428288
131 0.999748984100952
132 1.020873618430280
133 0.989818621055247
134 0.960337529299484
135 0.983296229915605
136 0.953338659865671
137 0.964172405162265
138 0.989287824277646
139 0.998127490060711
140 0.986216241635989
141 0.955483884471709
142 0.980300184036448
143 0.947875356762469
144 1.023441475213265
145 0.997737422458743
146 0.963200041193836
147 1.013430532384675
148 1.019839317028447
149 0.946565342849201
150 1.007898893127558
151 1.003104606862822
152 0.977376801658795
153 1.050406422157895
154 1.009431466426672
155 1.005178670384263
156 0.986590546894529
157 1.042905630679611
158 0.979200354138101
159 1.003918153672672
160 1.009334698381601
161 1.008561870603562
162 0.994920594362717
163 0.979530713303143
164 1.024952994592591
165 1.037648428676254
166 1.000202075076786
167 1.027758801496186
168 0.994911789510576
169 0.987207632661893
170 1.026447151319126
171 0.968943573767934
172 1.009802991705681
173 0.965042523808285
174 1.046686789756745
175 0.987339578288015
176 1.033993655126837
177 0.986121761336344
178 0.971468964224115
179 0.986760586573878
180 1.019126618747698
181 0.970353888024253
182 1.007537649447821
183 0.981343555377100
184 1.012742082281780
185 0.992672307723945
186 0.949468203566473
187 0.991418367368802
188 1.051689883185020
189 0.989121004399243
190 0.999591666793596
191 0.997464517407121
192 0.966194846808239
193 0.951006638479217
194 0.964183816794006
195 1.040605297868396
196 1.006042204460216
197 0.956099405958313
198 1.034719026868966
199 1.011169569686085
200 1.006281816596297
201 1.016370867870720
202 0.989422591119153
203 1.007090401866935
204 1.016091188362057
205 0.930781667456577
206 1.012444854616063
207 0.992053748433012
208 1.016189079281788
209 0.979588742050630
210 1.006048535831733
211 1.001765190901438
212 0.990091434341253
213 1.036706780099399
214 0.979038248082793
215 0.983075152902032
216 0.991802534989274
217 0.976603116814918
218 1.018037372299200
219 1.004937140083703
220 1.003500020076029
221 0.989617697285791
222 0.986406671068563
223 0.987807115727654
224 1.029939076510955
225 1.013030080863920
226 0.990081898957785
227 0.977949138093568
228 1.025901921672185
229 1.030482950201076
230 1.018844818730791
231 1.002776050284796
232 1.004485248470304
233 1.006255189738494
234 1.038270980976012
235 0.994884363751673
236 1.050765659496547
237 1.009867670271784
238 0.979197546934607
239 1.028899124542184
240 0.988651976536181
241 1.021426187604071
242 1.031692426656047
243 1.004519672768982
244 1.019603621523556
245 1.003504153173919
246 0.989285830887568
247 0.983710635892034
248 0.996859541431682
249 0.991456681722517
250 1.000067881125201
