0 4096.000000000000000
1 0.323544392943543
2 0.619096833170578
3 0.336771789753119
4 0.670881505310884
5 0.694203173878739
6 0.880864115668507
7 0.564534242413619
8 0.768758374478111
9 0.988111549359297
10 1.027467852518471
11 0.942027348813065
12 0.904605082887860
13 0.839256976501090
14 0.931203589770523
15 0.964080566116443
16 0.907457939876458
17 0.731642622324766
18 0.967355584560015
19 1.008988996486699
20 0.983145412637914
21 1.027747217866375
22 0.831211382125862
23 0.971263636617427
24 1.055328469664147
25 1.036774509040716
26 0.918730137699058
27 1.104220534129825
28 1.102326117459008
29 0.919929771441184
30 0.912533722867859
31 1.053501309694603
32 1.040611655633520
33 0.978136129495783
34 0.985066777313135
35 1.013156873869654
36 0.936626873553622
37 0.996359370421125
38 0.924902825589758
39 0.893644067833393
40 1.079430121826027
41 0.886996874284403
42 0.959891336500423
43 0.986327215563611
44 1.081951486159683
45 0.928662390075657
46 0.901158730226182
47 0.995864597247395
48 1.059351429032001
49 0.939220299164864
50 0.950972885955001
51 0.972478205090007
52 0.971274582451418
53 0.951047565029163
54 0.914334409890321
55 1.073814895202836
56 0.955252340205315
57 1.012735951767203
58 1.002101123811196
59 0.955126855872346
60 0.968843290222941
61 1.021173318495636
62 0.922086011941772
63 1.074288603560216
64 0.934434971236042
65 1.044661797062603
66 0.950057118236659
67 1.000651856698489
68 1.046914843926751
69 0.973800252916958
70 1.028234829590998
71 1.016042491444946
72 0.955220096894536
73 0.994480082945947
74 1.024984185254463
75 1.010324525691010
76 0.983544108871042
77 0.962525978741436
78 0.959810020917303
79 0.919834513237577
80 0.962452173425365
81 0.917897068843909
82 0.956717473479644
83 0.943240359290616
84 1.013901583114695
85 1.030210145264904
86 1.008912425566108
87 0.964379060020111
88 1.030393089673493
89 0.973453774167188
90 0.957614115388217
91 1.026584387363552
92 1.006434133611485
93 1.088349360350765
94 0.959700857306390
95 1.003180493872531
96 1.040479363947625
97 0.968677220757317
98 0.985590422806949
99 0.972408704582937
100 0.901026037373806
101 1.053908835676085
102 0.954923007514349
103 0.958511656190616
104 1.028950158858658
105 1.036383364179105
106 1.074299775186798
107 0.991715575955436
108 0.980496534055860
109 1.007069390535417
110 0.943406620322279
111 1.007442771888845
112 0.969591735308358
113 1.016538437976712
114 0.988633708675013
115 1.065360132221357
116 0.987564101974289
117 1.008937636736478
118 1.059859299708172
119 0.982415338625761
120 0.945582062490841
121 0.990602854814294
122 0.978710055015527
123 0.940145614186882
124 1.012518849064658
125 1.016034784892336
126 1.098669566003717
127 1.028869432364742
128 0.927653906290084
129 0.980062069918296
130 0.979418663289377
131 1.036192397943872
132 1.041591624986663
133 0.983819045946969
134 0.940970780846350
135 0.997209327123654
136 0.981096354829898
137 0.933314128213410
138 0.981696225270266
139 0.962111837360287
140 0.989575647703026
141 0.933710015844174
142 0.988892879246069
143 0.958118503270118
144 1.017696693368145
145 1.014556927470414
146 0.961161767327597
147 1.038020456400363
148 1.047727273556089
149 0.938721377890873
150 0.982013855465891
151 0.970721632616706
152 0.961925286043967
153 1.040993176946561
154 1.005672301541978
155 1.001714383946948
156 1.004407075236037
157 1.045147905228306
158 0.951316821072104
159 0.994754484388651
160 1.039535274091459
161 1.033168554815432
162 0.973123952451656
163 0.996928289503890
164 1.016477127003305
165 1.064966294824254
166 1.007050962910710
167 1.001125653342535
168 1.027863770145840
169 1.006834882954806
170 1.035937013868242
171 0.954177383198367
172 1.017483121807868
173 0.993105974460681
174 1.028945416681883
175 1.024635846012143
176 1.052130220704562
177 0.979058490432557
178 0.955392459318220
179 0.998654227645880
180 1.013090911822921
181 0.965949540780962
182 1.008755131337853
183 0.988336899057681
184 1.027697351049533
185 0.985168540696711
186 0.952484879244622
187 1.003683519953175
188 1.036459582909956
189 0.979307220723334
190 0.971537655493418
191 0.978950329656293
192 0.974864300980658
193 0.968807728316608
194 0.932417128734229
195 1.039523202345386
196 0.970407525510337
197 0.939009527603510
198 1.022379511399228
199 0.992511749287048
200 1.005206735881186
201 1.024876962639208
202 0.974772600730964
203 1.006261792781356
204 0.983390661492066
205 0.928310943993599
206 1.034757136510545
207 0.999365471985266
208 1.015647100764429
209 0.952082423835219
210 1.016208089782629
211 1.016159624366266
212 0.989423929745006
213 1.059648644286278
214 0.974689844763145
215 0.972600682887212
216 0.969635826468481
217 0.964280312394674
218 1.015730959962155
219 1.004671712046992
220 1.004416183007964
221 0.983296525510221
222 0.968467601931460
223 0.994556849345886
224 1.045157886563696
225 1.025490146701133
226 0.986669162681311
227 0.946490193543400
228 1.025506677153146
229 1.035150265684733
230 1.031426864122557
231 1.005432350787523
232 0.999545079414284
233 1.011050495838612
234 1.030087894183334
235 0.992964124167220
236 1.068093456938285
237 0.987407266903156
238 0.962786584341774
239 1.030421020698396
240 0.997727787727138
241 1.010339785874410
242 1.032161270095882
243 1.023541698980650
244 1.010322213111344
245 0.992706349557381
246 0.995037540633760
247 0.968366244020672
248 0.993154714191787
249 0.974170424518875
250 0.990148204024243
