0 4096.000000000000000
1 0.360759999598135
2 0.647059288476410
3 0.726793316605218
4 0.672335698193307
5 0.701343511285854
6 0.990502315035316
7 0.691260276931514
8 0.853092174429892
9 0.921913098340889
10 1.024238028166882
11 1.031333647827750
12 0.994295928285157
13 0.884098654201615
14 1.013001697367914
15 0.887451213486693
16 0.974983722239187
17 0.805000177563313
18 0.985757749860622
19 0.919393013359432
20 1.047638983086559
21 1.032037305948057
22 0.844445684856445
23 0.928514241649985
24 1.036549218536459
25 1.046212622579573
26 0.969407406033601
27 0.996594109642640
28 1.003065893175085
29 0.952127102655017
30 0.917153479705429
31 1.008317183742252
32 1.026684048720518
33 0.980834434070990
34 0.938670867063561
35 0.999596770821150
36 0.945735811324018
37 0.969600925362825
38 0.938515500718310
39 0.982792939949168
40 0.976736020966063
41 0.900334766316411
42 0.922434269181407
43 1.009124960491737
44 1.032076679199780
45 0.955253454876246
46 0.923217361035676
47 0.987749639539671
48 1.008067139153717
49 0.998376403900622
50 0.999274474187601
51 0.925352825239483
52 0.996207624660543
53 0.991314268189205
54 0.938822301462522
55 1.059968667314951
56 1.023922113334337
57 1.017487331934060
58 1.024370842548666
59 0.992080995172680
60 1.005367149992319
61 0.961944621177672
62 0.972369575671496
63 1.034866211858834
64 0.923756810973671
65 1.019077985542345
66 0.953350052730934
67 0.976775994350333
68 0.983809282663063
69 0.957451026992789
70 0.984134513154854
71 0.999559342099347
72 0.942253328708127
73 0.979409769286105
74 1.009918474157550
75 1.012408862241472
76 0.971751272423791
77 0.924073412406344
78 0.966505822323670
79 0.924126012309119
80 0.994110795921248
81 0.920769708739832
82 0.970670494967809
83 0.980153228670207
84 1.003048041607033
85 1.008608212493845
86 0.995883418889515
87 0.981518688132409
88 1.032656993937790
89 0.973777576240609
90 0.953696552691221
91 1.020232969458424
92 0.989349494302267
93 1.023470824681862
94 0.971304267911365
95 1.005954098379256
96 1.019428866093564
97 1.003374588893130
98 0.989780410068721
99 0.956551410189317
100 0.954847476903008
101 0.997849159101277
102 0.969704292223619
103 0.979522831367190
104 1.016868547407674
105 1.013313862072521
106 1.047752044268727
107 1.021975922619256
108 0.998469795404837
109 1.013700552968572
110 0.977621881854332
111 1.001953940112315
112 0.956681570063861
113 1.022252627537727
114 0.984769674115585
115 1.063425728511125
116 1.004307634078271
117 0.971930830902636
118 1.044987535579875
119 1.003500613693868
120 0.962649535218891
121 0.986212012306909
122 0.947463137444830
123 0.965685401568280
124 1.001186842702288
125 1.026544659208250
126 1.057855233834510
127 0.983505246004976
128 0.930306217589534
129 0.999394202151926
130 1.005017251700433
131 1.011012604938873
132 1.019167186945386
133 1.006804747948985
134 0.948145735269828
135 0.997261091432646
136 0.960517143399916
137 0.966140455991667
138 1.004660195657466
139 1.002210194052072
140 0.979831352458381
141 0.965920527270953
142 0.986764425830165
143 0.977969803728019
144 1.015928763752506
145 1.002938976884640
146 0.979911577032748
147 0.982989903344990
148 1.018816376366549
149 0.977546377781714
150 1.007522561644940
151 1.003125340696532
152 0.999870883250053
153 1.039949764986867
154 1.002118552529226
155 1.022070313714294
156 0.972199815070543
157 1.024566076985342
158 0.978976570905329
159 1.031177397861458
160 1.003492113112541
161 0.998923239734929
162 1.008609918790060
163 0.990465434094773
164 1.021080738188844
165 1.018537160777277
166 1.004195478435259
167 1.024206837288234
168 0.969468341723911
169 0.986964589120661
170 1.021805040172195
171 0.975943927895059
172 0.984872253580171
173 0.960668936492499
174 1.036985817167738
175 0.985622773522720
176 1.021947722438146
177 0.997410036902764
178 0.965082053760451
179 0.999423895661416
180 1.014301779052798
181 0.961571360801766
182 1.008632522473462
183 0.973323207843527
184 0.991413273742387
185 1.006412178104078
186 0.960886272016105
187 0.977970285284106
188 1.024614695543534
189 1.002324584884309
190 0.982453314463679
191 0.993276556187054
192 0.982192622991112
193 0.960214309026101
194 0.989180291666669
195 1.033558979037029
196 1.005632909344645
197 0.955901620312044
198 1.010465653782045
199 1.010889814667045
200 1.017855390513253
201 1.021383296440222
202 0.992031365996210
203 1.008538956842791
204 1.014098942943535
205 0.950372957439527
206 0.993481089611006
207 0.992331459859400
208 1.016774470601154
209 0.981814799934822
210 1.015263857565718
211 1.001248193373905
212 0.982384942133362
213 1.024673930558979
214 0.983544402089416
215 0.985548274455501
216 0.996934987384476
217 0.974629151819194
218 1.015867559691599
219 1.002669779094496
220 1.010602614096164
221 0.989411814580587
222 1.006181730084951
223 0.993988342870385
224 1.020853283897680
225 1.003098494741867
226 0.978551640090720
227 0.969009513488785
228 1.020562449544555
229 1.017248568638588
230 1.031475831495269
231 1.001857739205504
232 1.005603926134033
233 1.006678134980630
234 1.028281385551345
235 0.994270655339363
236 1.034090606936233
237 1.001951689421398
238 0.975508202512627
239 1.027078625451174
240 0.988858276035526
241 1.016297603000689
242 1.023010329485522
243 1.013849240514876
244 1.016824744630933
245 1.000082234050984
246 0.985084160971574
247 0.990205817054743
248 0.991986544094339
249 0.992906548492389
250 0.994439678549552
