0 4096.000000000000000
1 0.437606469903051
2 0.604180731724068
3 0.698849612669850
4 0.666400526540317
5 0.801880769461874
6 0.968749651080196
7 0.811431654640119
8 0.976315010756476
9 0.960179328950452
10 0.951483462676259
11 1.043099041866396
12 1.034591547812704
13 0.903601368245518
14 0.949156006417984
15 0.944455016611452
16 0.937917451353080
17 0.811552381345595
18 0.971313481883890
19 0.921443188757592
20 1.035560975362672
21 1.061203855932154
22 0.861840866134988
23 0.979539710541844
24 0.987077846554318
25 1.029186378373666
26 1.019549780782625
27 0.987586468377763
28 0.985534951493064
29 0.986933855336932
30 0.909634250807588
31 1.013207271106253
32 1.000578779299686
33 0.971520891720429
34 0.925712464183626
35 1.005686354355793
36 0.982487140998288
37 0.981909271465207
38 0.955515786052161
39 0.956389694634345
40 0.994429170754890
41 0.955529445703802
42 0.939686404302211
43 0.961324649374988
44 1.025196237867627
45 0.983726243899685
46 0.955279979494040
47 1.004645726113971
48 0.966809978826133
49 1.028502919150210
50 1.025273024347964
51 0.950196364896592
52 1.025631049104396
53 0.986950868510273
54 0.964562328759122
55 1.020580201955801
56 1.007532510825441
57 1.008455574801228
58 1.008213099070429
59 1.006554399418010
60 0.992939475767507
61 0.958193804988380
62 0.998975223237381
63 1.034279143575069
64 0.982707918716565
65 1.019772846198994
66 1.007560711613118
67 0.959491588881246
68 0.965477316496571
69 0.964012085465766
70 1.008013937486468
71 0.984032288780040
72 0.954119401893368
73 1.007354261005647
74 1.033785142341753
75 1.021054906003351
76 0.951497257676871
77 0.930162239349823
78 0.979226683244519
79 0.945711512338276
80 1.000290471564026
81 0.962565589525097
82 0.962698552186197
83 0.993906382497597
84 1.000395822206163
85 1.000700939055916
86 0.997844635090008
87 0.979902312157051
88 1.045490593740265
89 0.979719954541100
90 0.975809389882407
91 1.007323882022740
92 0.975350551442380
93 1.024078050545228
94 0.956217030859444
95 0.992632537968517
96 1.012857639809342
97 1.008141512904747
98 1.014747925608708
99 0.997624330055678
100 0.950765556168579
101 0.992472796300942
102 0.960243956101339
103 0.978084338545961
104 1.000791767806721
105 1.012169067484193
106 1.043172288258240
107 1.004438177869034
108 0.994816166180890
109 1.001456198527077
110 0.987069468603050
111 0.995649264972015
112 0.950452895182704
113 1.007118206499541
114 0.968265300921513
115 1.034259364673960
116 1.010070950454356
117 0.975356523950255
118 1.031186690436739
119 0.993880789780504
120 1.004897541283121
121 0.966492775469318
122 0.965535327066367
123 0.985845742871084
124 0.987492771570832
125 1.024764964953633
126 1.067390211813593
127 0.994186676447449
128 0.949611225745635
129 0.999564453933012
130 0.999826750761779
131 1.002627226420524
132 1.010942548564895
133 1.029397712050227
134 0.949570106829863
135 0.998539145137273
136 0.966634730563112
137 0.963596435364784
138 0.998269784295525
139 0.986438205432123
140 1.003838664532919
141 0.969072788295017
142 0.981011152437177
143 0.995235448861805
144 0.994058029463828
145 1.004181823665605
146 0.991553286075779
147 0.984845205882631
148 1.006301211388481
149 0.975753146292044
150 0.987994996642373
151 0.987715108172241
152 0.978725326048184
153 1.039732105309809
154 0.998905143755984
155 1.030822999596626
156 0.988337564683592
157 1.016499265162429
158 1.001780481838961
159 1.030917547808349
160 1.009412961615897
161 0.990272855172536
162 1.006358839447805
163 1.003286207598866
164 1.029562907595827
165 1.030792181064545
166 1.009262396434885
167 1.013513820103606
168 0.960637352441566
169 0.980264166364303
170 1.009449421800562
171 0.980506673107210
172 0.971011403534057
173 0.969256249899545
174 1.017660162599119
175 1.007621380127716
176 1.026113815778972
177 0.982446946284489
178 0.980829167077663
179 1.001559339676275
180 0.977138431174968
181 0.971894155833941
182 0.977230770564319
183 0.984620429087498
184 0.999394017480551
185 1.022646039746234
186 0.961380217340043
187 0.976599853316744
188 1.021973489716718
189 1.007161724479780
190 0.978337181102887
191 1.005048025884422
192 0.998150547700913
193 0.982785491711670
194 0.992413946440154
195 1.025904993863035
196 1.002397854750927
197 0.959140113193973
198 1.009184852165472
199 1.015578077229271
200 1.007004452654125
201 1.021772206603814
202 0.985508327166110
203 1.005736304597799
204 1.018078541040346
205 0.954713534896945
206 1.003452268816844
207 1.001442342058985
208 1.002428950394542
209 0.986359381222743
210 1.018719663166703
211 0.986911891691036
212 0.996037020771120
213 1.023069460331439
214 0.969634595798420
215 0.993634980187021
216 0.998682135787806
217 0.967771155930275
218 1.013000455668356
219 0.974665940515160
220 1.009297438233419
221 0.991920511675862
222 1.006688824171188
223 0.996558602222252
224 1.019057074696962
225 0.992607000308747
226 0.978697908249257
227 0.978141529215392
228 1.020528916912719
229 1.011973335452066
230 1.025067006461997
231 0.994238011259380
232 1.003688304056183
233 0.995214301866871
234 1.022381862378321
235 0.990704854745004
236 1.011140976591159
237 1.003432668000009
238 0.974185389335591
239 1.020773445158814
240 0.996800541178465
241 1.011565420598687
242 1.015562504604540
243 1.013097070459227
244 1.004452321362673
245 1.003180089767383
246 0.989925197042236
247 0.984742168848533
248 0.979571871406295
249 0.992250246263179
250 1.002449619566369
