0 4096.000000000000000
1 0.546469289436047
2 0.637648263919729
3 0.920443418716639
4 0.736410047503955
5 0.735242766448513
6 1.235056603686941
7 0.793496353365503
8 1.331034365196395
9 0.676247207713656
10 1.113404418758157
11 0.897997936627222
12 1.133331945662534
13 0.942585914610400
14 1.292049700790965
15 0.811521279376322
16 1.092106834844406
17 0.895230865487654
18 1.092579327460029
19 0.786085231543346
20 1.128007944075955
21 1.108005264965274
22 0.989758659518134
23 0.879472124800906
24 0.974691948002091
25 1.088328808219558
26 1.066951797803413
27 0.978239093006510
28 1.036731248012935
29 0.997045763425735
30 0.810568091695516
31 1.044667787584933
32 1.073440641574956
33 0.987068759864995
34 0.945559811769851
35 0.752728338711854
36 0.848471707735503
37 0.953952215306474
38 0.842293814221744
39 1.162066691154805
40 0.837618838175146
41 0.903208478919970
42 0.861901538862406
43 1.083597019852089
44 0.954461538296608
45 1.061646153384500
46 0.974202111094255
47 0.937459218860926
48 0.849232988186961
49 1.037670966670164
50 1.086236970881223
51 0.870560319023775
52 0.966981210833081
53 1.036977119164840
54 0.952972465609608
55 0.925754902544062
56 1.097987910178509
57 1.036534246620278
58 1.038965178924562
59 0.967898893413031
60 1.043144354096325
61 0.892725062384855
62 0.949679594284524
63 1.054186126274041
64 0.882441552119167
65 1.060877106915527
66 1.057155016375610
67 0.903424583665219
68 0.923247876856614
69 0.954498716047263
70 0.981584382327624
71 0.965181142947899
72 0.871351811857158
73 0.964177998156426
74 1.032743402576578
75 1.000342146544548
76 0.999622239067957
77 0.828517626900755
78 0.996332474325057
79 0.970307102294512
80 0.975505706422537
81 0.992040373256826
82 0.978882755581922
83 1.029970975977376
84 1.033103135041560
85 1.008170626984186
86 1.016117004082656
87 0.921405354993396
88 1.001633403854421
89 1.049059107882670
90 0.935847480360299
91 1.039029889410660
92 0.979963834161994
93 0.968919093068910
94 0.987611112697902
95 1.060664749877833
96 1.035429793495623
97 1.039743980385828
98 1.021461957335956
99 0.890954706107337
100 1.019282344746874
101 0.919037937316367
102 1.038735404024478
103 1.003937746363135
104 0.987811961089203
105 0.980875336926709
106 1.004786675125250
107 1.056729429295559
108 1.012221140068851
109 1.009131787840730
110 1.028785073302096
111 1.015603737484023
112 0.969099336242258
113 1.069834684784184
114 0.962872500761836
115 1.091953687745197
116 1.027845922810106
117 0.920539159412584
118 0.973998860535314
119 0.996486492641635
120 1.024774264518238
121 0.974311309358762
122 0.894253651318772
123 1.048223495648365
124 0.954666182330444
125 1.028225443545590
126 1.013825533584083
127 0.926574184145137
128 0.934911756386789
129 1.030151087782268
130 1.037880158376635
131 1.047938605546753
132 1.005678992691397
133 1.055987781979169
134 0.907467039166973
135 1.028516864509730
136 0.977664504465840
137 0.971537611374511
138 1.042057802495090
139 1.006275232830977
140 0.963256878714859
141 0.990204506209342
142 1.011256222429507
143 1.061440148232770
144 0.987126690265705
145 1.020652418590043
146 1.032766627359955
147 0.888993102061235
148 1.008689183665397
149 1.059132540921940
150 1.012856443126582
151 1.000704198304585
152 1.065922847624273
153 0.999336095383440
154 0.976097499004888
155 1.087535388491104
156 0.927747472721348
157 0.963986582134613
158 0.980720924922369
159 1.118793059112542
160 0.983111809283850
161 0.964566315223057
162 1.051163879418591
163 1.025282451858183
164 1.007807764842186
165 0.961709723900175
166 1.015127544054561
167 1.017945097531179
168 0.898062713362472
169 0.987536638873614
170 1.014800242584508
171 0.997944026942391
172 0.909759587908189
173 0.948768462225332
174 1.010308903714989
175 0.983928126044624
176 0.986282250552778
177 1.048492797453388
178 0.949117346724689
179 1.032511855374895
180 0.996858155799245
181 0.941774486803454
182 1.019248972190937
183 0.955846059037962
184 0.931126791349239
185 1.050170802791350
186 0.991001437937492
187 0.933464563926157
188 0.938593519753927
189 1.040382374318098
190 0.927018413115735
191 0.971951320318343
192 1.027305658788585
193 1.000793188759804
194 1.063552331072521
195 1.007744773675328
196 0.999542964832499
197 0.952049790495439
198 0.939756107142257
199 1.011449153227494
200 1.048416383113825
201 1.033434092695760
202 1.002565370540410
203 1.019886845063878
204 1.011184324104057
205 1.025696362863164
206 0.938997828391783
207 0.993489241662878
208 1.026953509167378
209 0.983781030058135
210 1.034657070623501
211 0.994915201512446
212 0.979552200432161
213 0.989740659841545
214 1.001238106018453
215 0.996686407864163
216 1.004835520393929
217 0.967628301464908
218 1.002988916558705
219 0.996717168430472
220 1.023972850226148
221 0.990764273760287
222 1.069796168170432
223 1.010795571600185
224 0.994166404960378
225 0.977309501990251
226 0.948693177625093
227 0.955399578826924
228 1.013172194834473
229 0.982940717793951
230 1.067063525407514
231 0.997767504720885
232 1.020884610605415
233 1.011384741594078
234 0.999195931707348
235 0.996816891661843
236 0.989982540531737
237 0.979263170225606
238 0.955815266067196
239 1.017074521675532
240 0.982572593844144
241 0.994950778611596
242 0.987240798303432
243 1.046622993343648
244 1.005999345475067
245 0.977465500730005
246 0.979548312780737
247 1.003053710355896
248 0.971013241169852
249 1.001110513031355
250 0.983064374694158
