0 4096.000000000000000
1 0.491844097355221
2 0.472191869912424
3 0.401331715657558
4 0.467181789310902
5 0.674133925094475
6 0.566959644440053
7 0.546510097987828
8 0.603767470894218
9 1.009694480490936
10 1.197020102185505
11 0.974151557524604
12 0.734740585557255
13 0.761531381985230
14 0.792138278787700
15 1.010132751802873
16 0.912551758974404
17 0.677530918384260
18 1.027698409443439
19 1.149296270382970
20 0.962342566577093
21 1.084390423237865
22 0.778056362231847
23 0.940521029279536
24 1.256650037632569
25 1.154314901754644
26 0.882857705828658
27 0.990405538413684
28 0.973317492772816
29 0.888649714717597
30 0.965685895649126
31 1.016174929970633
32 1.110090149502276
33 0.886564507556601
34 0.959335665427519
35 0.994795058911185
36 0.930647163686851
37 1.003666240410814
38 0.906400347453362
39 0.928564878225964
40 1.058139515418785
41 0.903841426028306
42 0.910876615016892
43 0.958253966419343
44 1.094978329721888
45 0.896432602287200
46 0.933742821333568
47 0.908732167124319
48 1.135054797349560
49 0.959701023945784
50 1.010132477561288
51 1.101114605329614
52 0.984794946820179
53 0.868369551214927
54 0.904557736237558
55 1.046092594431178
56 0.933896811622141
57 1.071998506470677
58 0.988466073219824
59 0.903258476987122
60 0.960430888528067
61 0.964973675091604
62 0.843272807527564
63 1.077638191167346
64 0.875726355989007
65 1.023073554215267
66 0.951813907159809
67 0.987417585933851
68 1.103598515345161
69 0.958414614240169
70 1.081198448623817
71 0.923396540151382
72 0.952451090297184
73 0.924387356556375
74 1.012441714206787
75 0.982613758319353
76 0.944181669443331
77 0.874812137414876
78 0.974550855385050
79 0.834259782657711
80 0.926496656014102
81 0.917008580700584
82 0.960000927117017
83 0.979843353255614
84 1.059997524378906
85 1.070479881220354
86 1.019040903496114
87 1.041057778648314
88 1.009422149633069
89 1.020189096536330
90 0.964242179307671
91 0.964705270806839
92 0.986416173962892
93 1.100854148980508
94 0.984475317862950
95 1.027206313023629
96 0.967982206740920
97 0.882534373392148
98 0.985851496472518
99 0.966050133809043
100 0.804867906775802
101 1.005945282738427
102 0.912804968853934
103 0.938549470293854
104 0.971709277153066
105 1.035931099880826
106 1.119784051516332
107 0.999577762561643
108 0.929346870994171
109 1.044154909173359
110 0.933238217016958
111 0.945787829813894
112 0.911587236016093
113 0.997855469595580
114 0.966020605833215
115 1.073012718123637
116 1.046231148664499
117 0.992340301383976
118 1.036630218615964
119 0.978459028047774
120 1.029248866475391
121 0.990854419628794
122 0.942805194498342
123 0.909674980233481
124 1.046378615980177
125 1.014271683843668
126 1.070768737130159
127 1.039371401167744
128 0.936835239914840
129 0.929655797592028
130 1.000113043708013
131 1.092829255651031
132 1.009521763103868
133 0.976476437041510
134 0.925207934524628
135 1.024669510128449
136 1.025655201483606
137 0.958139046226529
138 1.017803656832254
139 0.922401854079577
140 1.015301810748479
141 0.956743405769054
142 1.016342657405724
143 0.988227781775039
144 0.988988123264829
145 1.022981339326115
146 0.964657350771887
147 1.002684466147511
148 0.987044835659262
149 1.003385944517513
150 0.970445698117755
151 1.022640846409780
152 0.955253754180840
153 1.045115414466283
154 0.995860754615810
155 0.991845884359008
156 1.058219379187562
157 1.081540181572521
158 0.986880123542013
159 0.985206401117679
160 1.108783195465124
161 1.072541739188086
162 0.997557845803855
163 1.075237627482146
164 0.944419919076346
165 1.077784125426696
166 0.972929798011921
167 1.032564836311917
168 1.101841049571578
169 0.987814027708878
170 1.023798603840336
171 0.915317558068390
172 1.027145336547318
173 0.975655282209611
174 1.004973761173115
175 1.071690594514504
176 1.030399096604366
177 0.957516017534054
178 0.935169107181819
179 1.002295338193080
180 1.008822833882791
181 0.965403359165367
182 1.011490338685704
183 0.950633135814044
184 0.993422068366184
185 0.996041055408452
186 0.953710856019163
187 0.997792115504571
188 0.990239750405628
189 1.001115106272964
190 0.968699140359960
191 0.960644028561071
192 0.954100476449246
193 0.980620399413920
194 0.932432741146406
195 0.999699179777339
196 0.990125438286321
197 0.955838665059234
198 1.044338685722075
199 1.001571768209244
200 0.986293703275705
201 1.003819237531287
202 0.945302408988528
203 0.991938752896738
204 1.002113800117870
205 0.896444110342379
206 1.020829700194872
207 0.988254244498359
208 0.960119611696493
209 0.936963584410715
210 1.045781940551729
211 1.003308424334971
212 0.993085173256787
213 1.082276728533094
214 0.978608720574570
215 0.976330093138780
216 0.999538878740864
217 0.959360174105351
218 1.030875269960243
219 0.987007699039770
220 1.026748131869643
221 0.985139555333322
222 0.979770107456447
223 1.008880883262338
224 1.044882820296099
225 0.992210549195692
226 0.958149529951287
227 0.989374058862869
228 1.046981366118745
229 1.050305066862868
230 0.994322591739774
231 1.012548921814225
232 0.961199577952566
233 1.039150104589793
234 1.050174224565267
235 0.973643318710461
236 1.054967184041935
237 1.023136797744921
238 0.955679038225932
239 1.057599526157941
240 1.003909845471262
241 0.974402786885978
242 1.033268447995555
243 1.073791605581926
244 1.049847143282348
245 1.013540369455766
246 0.962410303994760
247 1.001579992270539
248 1.000044976849261
249 0.999633846169880
250 0.970623893052369
