0 4096.000000000000000
1 0.491693623821141
2 0.472576713231409
3 0.401433182192714
4 0.466153201532117
5 0.673434189696867
6 0.566680658680604
7 0.544658225129471
8 0.604125310584948
9 1.010590957247121
10 1.198109700306445
11 0.972632835147615
12 0.735737821048786
13 0.760369057442358
14 0.792538761239045
15 1.007669501749283
16 0.908660289321332
17 0.674521373326365
18 1.030448509821907
19 1.153026385369419
20 0.962711611755388
21 1.084886172144747
22 0.780317465632290
23 0.939248451127721
24 1.260279621105460
25 1.153953328874310
26 0.889424106195421
27 0.987809636112988
28 0.971944441344693
29 0.883926639191185
30 0.965539752181443
31 1.013347683814185
32 1.113868184287062
33 0.887517769571733
34 0.958285410186274
35 0.997632391929770
36 0.930363076983973
37 1.001927042021826
38 0.903834146454099
39 0.928416754746382
40 1.055210268588401
41 0.904669102313723
42 0.915419207903241
43 0.961619781562742
44 1.099274223506247
45 0.894349045147133
46 0.932592260553194
47 0.913260131806651
48 1.135317409185314
49 0.960636151656347
50 1.015956332185190
51 1.102189223799303
52 0.990588493716968
53 0.870384059441635
54 0.909138062096515
55 1.045974348640121
56 0.936824787810466
57 1.074814506739680
58 0.986685349024415
59 0.902355264596610
60 0.964107822391270
61 0.968523435024091
62 0.844961301788588
63 1.079223788128005
64 0.877570774687735
65 1.027585173832362
66 0.946685312475496
67 0.978372287811937
68 1.102479320058149
69 0.957384802894222
70 1.080776368482657
71 0.916709752684082
72 0.951787114201849
73 0.928995984550432
74 1.006726795032572
75 0.988736820272630
76 0.946590137078639
77 0.875865650487669
78 0.974040635673874
79 0.836072117731322
80 0.924713508895301
81 0.919639910096946
82 0.961891272757073
83 0.980203411678556
84 1.062637478686093
85 1.073148039823692
86 1.023445342500187
87 1.038001051831730
88 1.007765205394572
89 1.026029510288208
90 0.960069106244854
91 0.972181624483795
92 0.981975549872167
93 1.098613790696760
94 0.992743343904094
95 1.026495834576788
96 0.971737638132418
97 0.881723826121358
98 0.990390031864654
99 0.966044051361741
100 0.807129039504990
101 1.008298736314232
102 0.912466707042644
103 0.932444831451280
104 0.972473631090813
105 1.041877190475480
106 1.109616838384391
107 0.993591692822820
108 0.930982919236968
109 1.042440469896915
110 0.932736743669850
111 0.945439055863489
112 0.911080774265025
113 0.996448019329047
114 0.964276856336894
115 1.073287999735321
116 1.050734051975011
117 0.988126778120362
118 1.041629359522097
119 0.982006742024122
120 1.026473371730607
121 0.986334365781589
122 0.938570993141860
123 0.911076785735805
124 1.043777451657665
125 1.008907639713087
126 1.067484593937212
127 1.039165368227734
128 0.937439868619706
129 0.926230847351742
130 0.995541410381656
131 1.090698551993538
132 1.010924743294977
133 0.968934545533774
134 0.923968165441267
135 1.030214295324576
136 1.023572386154807
137 0.953687718997464
138 1.017965093045238
139 0.931304999367797
140 1.014933914452547
141 0.954511387536906
142 1.011629489128442
143 0.982339390515241
144 0.981522010105089
145 1.026491498199874
146 0.969353991953531
147 0.998136997731082
148 0.996126906216869
149 1.007154817120123
150 0.968375676743381
151 1.020460249288422
152 0.953417680113627
153 1.039538598591237
154 0.999696836063790
155 0.998080762277414
156 1.063534780405687
157 1.076179463299028
158 0.986531072247516
159 0.986596125184287
160 1.090748991218660
161 1.073447276887399
162 0.998085284838602
163 1.057556816238610
164 0.935445665145067
165 1.076622671690447
166 0.974603870066585
167 1.033278495015599
168 1.116425883382665
169 0.983487140838716
170 1.027266398418072
171 0.910699067479136
172 1.025969829032780
173 0.977827129275422
174 0.999098762979024
175 1.073337109449602
176 1.031850874025463
177 0.963124178299297
178 0.938673409413856
179 0.989672950277221
180 1.002100731018072
181 0.967625235636829
182 1.011757273806366
183 0.954406911041152
184 0.986053505098280
185 1.000112099335382
186 0.960846346442507
187 0.992078911648697
188 0.988977814540764
189 0.997531745488367
190 0.963321512629414
191 0.978691652757409
192 0.940274302339503
193 0.981390620512854
194 0.939952123722622
195 1.006600474291552
196 0.985657451132176
197 0.961574727718073
198 1.051242681983935
199 0.996596929766290
200 0.992565739929732
201 1.006638338223743
202 0.951795226661284
203 0.991703435034889
204 0.998918405738785
205 0.891933267502772
206 1.028738691060112
207 0.985505040417108
208 0.963787909284443
209 0.935901399639553
210 1.033344400157434
211 1.008124735757780
212 0.990629191303056
213 1.088059471544140
214 0.979715370495307
215 0.989325935021954
216 0.999185729511572
217 0.957013257815191
218 1.023706341883057
219 0.982866421742999
220 1.030270289810927
221 0.989939753978399
222 0.990060981599613
223 1.007890779362570
224 1.047410961688036
225 0.992441830401984
226 0.959786981133810
227 0.987025265597664
228 1.035852704486822
229 1.054616558064503
230 0.991246807941207
231 1.010025546212097
232 0.973490513101891
233 1.042991649740940
234 1.052833813351763
235 0.961497928023018
236 1.051373935238980
237 1.022489752115992
238 0.962822693687179
239 1.044848708005488
240 1.013016099284629
241 0.973573046420588
242 1.034130782403767
243 1.082883718730997
244 1.040176899304443
245 1.011591650742089
246 0.967216970204526
247 1.002859387839009
248 0.988658337444146
249 1.009399745901113
250 0.975387315702592
