0 4096.000000000000000
1 0.071287669691942
2 0.516708990926458
3 0.665484716886456
4 0.722060194858876
5 0.866498167928534
6 0.748511004441055
7 0.925475533615696
8 0.911818673799831
9 0.822050403242593
10 0.837594393960459
11 0.884940824257830
12 0.853783838363168
13 0.758425593545232
14 0.922256885356705
15 0.696001319362954
16 0.959084208409326
17 0.960393970748323
18 1.046204511467830
19 0.929205439539961
20 1.128547494220425
21 0.813384664634584
22 1.125125147660777
23 1.036689018706663
24 0.999501898681250
25 1.043344788081551
26 1.012593570194170
27 1.028006342951469
28 1.007885118673740
29 0.890152698166317
30 0.903841576729859
31 0.833143244416781
32 0.880209882005567
33 0.857726793110112
34 1.093286166201958
35 1.084485870112122
36 0.955633850298838
37 0.919772577592129
38 0.841867553633088
39 0.926343607071378
40 0.873992938622775
41 0.970833832165740
42 1.123419112401790
43 1.083668345910612
44 1.061462782012139
45 1.101806595807046
46 1.173163236122419
47 1.064924536882743
48 1.021455468735940
49 0.947381802631849
50 0.959237282733062
51 0.967462620244774
52 1.001004322355648
53 1.077576531239344
54 1.148306211053171
55 0.983735812074793
56 0.894791235898919
57 0.864694943640835
58 1.035428865268081
59 1.038636268587721
60 0.930920001917797
61 0.991603672736790
62 1.143484839217183
63 0.896966322581762
64 1.216328487618909
65 0.937478512471627
66 1.060166369131943
67 1.012907402988068
68 0.980133794204808
69 0.955224240128555
70 1.032172760784592
71 1.076096240419083
72 1.055866709822026
73 1.046067428879652
74 0.934925348024879
75 0.922690337319034
76 1.129438223546897
77 0.845496839170783
78 1.094530944796473
79 0.852186887548147
80 1.006854023326498
81 1.024977287338664
82 1.030393249459310
83 1.044638125623047
84 1.037277911792876
85 0.883380650930841
86 1.026159359329318
87 1.074945425986742
88 1.013341154314310
89 0.988023442303636
90 0.955332264056776
91 1.000034835566232
92 0.943785506974122
93 0.963508917658576
94 0.897558790053698
95 1.018614950438490
96 1.071893880364750
97 1.014286033049948
98 0.981860257364617
99 0.998788595072684
100 0.997913865553050
101 1.023304018088907
102 0.912641666357661
103 1.031242582640897
104 1.054380393497383
105 0.905071794673893
106 0.999708503149620
107 1.043585906409038
108 1.006384041425965
109 1.018604108661451
110 1.009009110576321
111 0.956224849240235
112 0.904168788434479
113 0.966055938075549
114 0.939090790472657
115 0.998586725256829
116 1.019963289428191
117 1.025271302741100
118 0.937936271512669
119 1.068812202209300
120 0.990369073763304
121 0.948674650419408
122 0.986096834333212
123 1.053666366041389
124 0.998373370062528
125 1.021517534491584
126 0.935493353317497
127 1.035764438825965
128 1.108923576022256
129 1.049942258955090
130 1.005774414072532
131 1.071546448845608
132 1.032268904335778
133 0.956134202547214
134 0.894429406497171
135 0.949948746975250
136 0.943748873130707
137 0.936987315580696
138 0.998792184697911
139 1.018446209929038
140 0.993404237548607
141 1.034723343822265
142 0.942034529731309
143 1.049023455890141
144 0.968191995103738
145 0.980546794010885
146 0.976324260540408
147 1.007030156642312
148 1.056150996120765
149 0.973190929935443
150 0.949133085615059
151 0.993982633489042
152 1.031830968090975
153 0.916510228781122
154 0.998439748548400
155 0.976401231250372
156 0.854285992942699
157 1.056642373823023
158 0.952604690787098
159 0.985656770543790
160 0.947320432643664
161 0.957928745959897
162 1.030586782133261
163 1.003823305500802
164 1.043620807724784
165 1.009340213524116
166 0.977045765540761
167 1.042528976579839
168 0.992137544496690
169 1.038652980952237
170 1.020561466779554
171 1.053385385765969
172 1.054131215689917
173 1.037771829030641
174 1.003634355369360
175 1.024591140005366
176 0.936703576229851
177 1.014369258540807
178 0.997984633657257
179 0.938515989654798
180 1.047937068968614
181 1.003033650627939
182 1.055034631354437
183 1.079089434090410
184 0.944622172183384
185 0.968413798945882
186 0.957823034288074
187 1.039840863224286
188 0.978977827399218
189 0.979525617144695
190 1.045994347597418
191 1.014322087423881
192 1.049761227227415
193 1.100430385398280
194 0.974549049868181
195 0.961166385578191
196 1.021466679718572
197 0.989732488549006
198 1.011011778674250
199 0.970581752485939
200 1.017746623788061
201 0.922992251553952
202 0.921915729145219
203 0.989603909059575
204 1.001613656135177
205 0.931523158909294
206 0.988999387232791
207 1.034823157661112
208 1.008998892493142
209 0.956989186180880
210 0.954816235127291
211 0.999135317370142
212 0.940401436823358
213 0.992518809521988
214 0.982342093644339
215 0.992272925556896
216 0.945989866411395
217 0.983671286628736
218 1.004704113762531
219 1.070412497780122
220 0.931804176233546
221 0.994462582161943
222 0.942820087042784
223 1.026903098836283
224 0.971862450344253
225 1.009757232542029
226 0.965982370377150
227 1.025823628290619
228 1.044107724390299
229 0.945457375757623
230 0.959685390122713
231 0.981959613592659
232 0.952246997378160
233 1.035424805915656
234 0.958637254292590
235 0.961527755332471
236 0.989297821674030
237 0.981056104130298
238 0.963522540429364
239 0.977905775943392
240 1.010535159634055
241 0.938566704806076
242 0.991526429448889
243 1.022917870047508
244 1.035658648646273
245 0.967000855644873
246 0.972366299483327
247 0.991365743547937
248 1.012649058017272
249 0.984989574656591
250 0.987750188689412
