0 4096.000000000000000
1 0.458405731887542
2 0.557341924185335
3 0.781457272349949
4 0.645202725317811
5 0.802394730598982
6 0.995944098761160
7 0.783481001544145
8 0.986954522345586
9 0.979321030048996
10 0.989501909329573
11 1.045275975251260
12 0.984228129983485
13 0.901660735980472
14 0.984002110197173
15 0.951843261349044
16 0.963547058112646
17 0.820773307113628
18 0.975812291801298
19 0.930783647711064
20 1.075646260384994
21 1.039296524797022
22 0.860165585622406
23 0.964605759865329
24 1.009009965831428
25 1.046158211823283
26 0.999785630676574
27 1.013279640902860
28 0.999127884688134
29 0.964642337878965
30 0.922146149229550
31 1.013144846524966
32 1.005565509064789
33 0.952537696167501
34 0.923510988419035
35 1.008194898336485
36 0.958568801441303
37 0.957092097311406
38 0.931165732370987
39 0.953383729267563
40 0.987836476329976
41 0.944022527842174
42 0.927417167112517
43 0.977059125091573
44 1.014463774817381
45 0.970306410066410
46 0.946658794937775
47 0.999472979204752
48 0.982749947963970
49 1.006376685347859
50 1.003362526664960
51 0.942519344853486
52 1.007877630995672
53 0.997406560434931
54 0.963744931642132
55 1.055568284499339
56 0.992560785239206
57 1.010475346855115
58 1.011590090322708
59 1.000718085008839
60 1.000832337736331
61 0.951946239662092
62 0.959636683879879
63 1.027648403065661
64 0.967979066713675
65 1.012351437457002
66 0.984962774762325
67 0.949507987704187
68 0.948335706974827
69 0.965909025613594
70 0.997494863994446
71 0.986244978410398
72 0.943437688838213
73 1.000305048834393
74 1.018511439743098
75 1.013174626058818
76 0.963460722053369
77 0.924782516793508
78 0.979695157091328
79 0.924623553052697
80 0.996545591158223
81 0.936296791096225
82 0.972610579987344
83 0.990414430362279
84 0.984865727002585
85 1.009755955312545
86 0.988836110660530
87 0.984615762212520
88 1.035198949271695
89 0.975415828613435
90 0.979486439449673
91 0.999353833886319
92 0.980576952998336
93 1.015786731952251
94 0.973657672406158
95 1.005790423913477
96 1.025369334553208
97 0.997087295680762
98 0.995466340518677
99 0.978519801626012
100 0.956337212234432
101 1.001694154873585
102 0.961218774608755
103 0.959474604220117
104 1.021637312995401
105 1.004855086154105
106 1.034831876663947
107 1.008990268175874
108 1.007313650882742
109 1.006446186407755
110 0.985209392726956
111 0.993756571413803
112 0.958566331454949
113 0.999706220249134
114 0.981339673707209
115 1.049657899436218
116 1.019941313598338
117 0.976438555706375
118 1.025635573500112
119 1.001001273590883
120 0.979287616195433
121 0.973388271085458
122 0.948514411059042
123 0.978154362614140
124 0.984390710114742
125 1.015584542459731
126 1.075058516780868
127 0.990485534072839
128 0.948948496527158
129 1.001826922379094
130 0.999970723373443
131 1.006023652859531
132 1.004075708216345
133 1.011595528138230
134 0.952453318389748
135 1.000047246361952
136 0.972515891662299
137 0.951894963240275
138 1.004878036011983
139 1.000185264531488
140 0.995570496526170
141 0.964525815888286
142 0.979415990270340
143 0.978749283769158
144 1.010412546243145
145 0.995584194230854
146 0.981589997672013
147 0.987488633755932
148 1.009103058718239
149 0.985911919343664
150 1.002681550821628
151 1.006574939519324
152 0.977026129780506
153 1.041240055056098
154 1.008529555643584
155 1.020276461947315
156 0.980324716036378
157 1.011306601737009
158 0.993896057257221
159 1.031205677161453
160 1.004959924358541
161 0.988909142185590
162 1.002331387859882
163 0.996345238368477
164 1.028345112006718
165 1.035074596391254
166 1.009322815138540
167 1.004401624491808
168 0.965133691933589
169 0.980263298300310
170 1.014989935647022
171 0.986081933780029
172 0.979200351299896
173 0.967091269715772
174 1.029830163220138
175 1.000907188347831
176 1.024582189886116
177 0.992382760339850
178 0.976786278346748
179 0.998072318503338
180 0.991201725086025
181 0.961352441615863
182 0.988371714820725
183 0.989051517511981
184 0.995099147184511
185 1.016818879219070
186 0.963309753100492
187 0.976933682862862
188 1.020884880673706
189 0.997994520206042
190 0.982354336797459
191 0.997843785893962
192 1.005503220889080
193 0.972485208027338
194 1.003755101477501
195 1.024090780819646
196 1.003900736876457
197 0.960210512802308
198 1.006418601031991
199 1.019699633265452
200 1.007899464106709
201 1.013461578728130
202 0.992980285101488
203 1.016590111109327
204 1.020013820202488
205 0.947060026413203
206 1.000681477930376
207 0.998200025242905
208 1.012408446921319
209 0.981869698826726
210 1.018774913152306
211 0.998030697633612
212 0.994693221567535
213 1.023727805444544
214 0.976586686220510
215 0.991572920785195
216 1.001116795729994
217 0.962564154738448
218 1.021589889351979
219 0.992883573417719
220 1.009894230934007
221 0.996229070859678
222 1.010925063046683
223 0.994748078694685
224 1.011164618848046
225 1.001723993791607
226 0.971805867150559
227 0.969571840175374
228 1.022140328118650
229 1.007387680265400
230 1.022358347085784
231 1.000000386104946
232 1.010171237422956
233 0.997103138845023
234 1.029216948852978
235 0.991782396536405
236 1.021209211613219
237 1.000802575759383
238 0.977363022316247
239 1.023248534792865
240 0.993244450637024
241 1.014192321475360
242 1.022440875780262
243 1.023428553250005
244 1.014809267053283
245 0.999489050150021
246 0.991807319389162
247 0.989646910130056
248 0.977266323744146
249 0.988878371783360
250 0.998607078992105
