0 4096.000000000000000
1 0.249905392249670
2 0.712100055186210
3 1.314935285911218
4 0.610528058502594
5 0.679982277168424
6 0.964733778064340
7 0.840980767413675
8 0.542935509345643
9 1.035111323043539
10 0.928723645673149
11 1.342022197633295
12 1.035944636764041
13 0.911571449504993
14 0.903059297069128
15 0.808333418928776
16 0.991986477445945
17 0.867064410409135
18 0.914857086577080
19 0.872269474935214
20 1.094964259086732
21 0.967140796736633
22 0.724867484924335
23 0.895411781999571
24 1.066324756606006
25 1.022498044119950
26 0.973728122060512
27 0.799829897639899
28 0.772939530474852
29 0.964255913673047
30 1.034332849929000
31 0.882016139125731
32 0.949532967529275
33 0.982307406693675
34 0.842748627905307
35 1.216191991657980
36 1.061876605655261
37 0.927518067494627
38 1.057534832444560
39 0.981271034046726
40 0.919850794388683
41 0.929540239198569
42 0.909607480418445
43 0.980660286783459
44 1.003408923799924
45 0.900063518528226
46 0.914566639311399
47 1.026868949587665
48 1.066552203056647
49 1.083017078697734
50 1.009888685748275
51 0.889543155497021
52 1.071045296896961
53 1.028822121444418
54 0.977237194312090
55 1.168851513827023
56 1.098264672513934
57 1.007728656249799
58 1.059872221187362
59 1.092736120506713
60 1.040855821863953
61 0.910318751358290
62 1.098966375846069
63 0.941373028854563
64 0.942360050905035
65 0.930380825209919
66 0.855004664631126
67 1.007609392676558
68 0.911633018120918
69 0.926772950724254
70 0.898243368036601
71 0.996244578530390
72 0.983982994772237
73 0.959456156768435
74 0.946409828512106
75 1.031948720484053
76 0.922679234127878
77 0.941104889139673
78 0.948638128280246
79 0.893781943521411
80 1.068884214706812
81 0.848511428452344
82 0.985751212755881
83 1.002514922277574
84 0.952774804798130
85 0.966825210994741
86 0.947326334983805
87 1.080329028009502
88 1.069719319545867
89 0.902738209590216
90 0.964234293957012
91 0.976421715238779
92 0.962055702959636
93 0.948208501345266
94 0.990747929518345
95 0.957068328815751
96 0.952206320541837
97 1.035659078496133
98 0.964830751349842
99 0.977851447558529
100 0.978469794056653
101 0.973711564570692
102 0.936910124980227
103 1.011390263919496
104 1.027616060459287
105 0.995935989889155
106 1.035124439342163
107 1.055500863720026
108 1.017099374132934
109 1.036474302849845
110 1.005925669596747
111 0.984794054966428
112 0.920416026677458
113 0.980894897084870
114 1.000157473383652
115 1.026024735329231
116 1.012416862326408
117 0.946194699288953
118 1.080174890618409
119 1.053458577397741
120 0.936085932614355
121 0.984863345523083
122 0.944223246629494
123 0.945734511659110
124 1.040488546873894
125 1.034375141454632
126 1.013042430921162
127 0.945674621550870
128 0.930174848584344
129 1.004816081664437
130 1.028615439985241
131 0.933572346254020
132 0.980608745834031
133 0.998349459813772
134 0.995888830245842
135 0.954911094371985
136 0.906212876343240
137 1.017340689871362
138 0.997042589039149
139 1.072797680126212
140 0.975591306258103
141 0.999910570724318
142 0.973702289999537
143 0.927872097716308
144 1.032105226367329
145 0.955810133167321
146 0.971542910774110
147 0.964303602642444
148 0.958691643664932
149 0.959375651781266
150 1.056051630715524
151 1.054892784112220
152 1.003449048835625
153 1.052444105342174
154 1.026335859982553
155 1.018493470440515
156 0.951844488780026
157 1.029046903846712
158 1.033169745239960
159 1.024474128901963
160 0.957328736724025
161 0.959570218657670
162 1.038259369924318
163 0.941222155102606
164 1.040057057837531
165 0.973588949462940
166 0.980798498462317
167 1.085033804742136
168 0.930572401843268
169 0.951340047736160
170 1.010169952234685
171 1.000638510491659
172 0.999471010569023
173 0.897485366421782
174 1.091797174770192
175 0.918034124304068
176 0.991279410463646
177 1.009523898014751
178 1.014563303322112
179 0.971759960782515
180 1.034875903647036
181 0.985208260002241
182 0.998064767221884
183 0.961791144013171
184 0.986282751725831
185 1.011058061806504
186 0.943597247675175
187 0.970683847536498
188 1.079147842623587
189 1.009743740419738
190 1.047041012037620
191 1.037596858478418
192 0.956300118575411
193 0.921424178536273
194 1.022479081825303
195 1.044503523978751
196 1.073170590766296
197 0.980199264635485
198 1.057758276736740
199 1.032523935618152
200 1.007891605532364
201 0.994883426993244
202 1.009095394948571
203 1.019808681174658
204 1.092963116399134
205 0.934655789594235
206 0.967836278487216
207 0.993184724370306
208 1.009395472253995
209 1.041243152895652
210 0.980319976278497
211 0.972740684999867
212 0.989760469012567
213 0.982739446270105
214 0.988707060423565
215 1.007661411485445
216 1.043230740619350
217 1.007616220030428
218 1.035739438028598
219 1.006303315552615
220 0.995142760072019
221 1.005007558016400
222 1.013109015186318
223 0.989468077566852
224 0.995469582657104
225 0.990466378764945
226 0.982196393096150
227 1.037193060849849
228 1.025063745932812
229 1.012404575844543
230 0.983783612719294
231 1.000149948083691
232 1.018022967000828
233 0.982320465743565
234 1.053832941571607
235 1.007245653433881
236 1.012686357514083
237 1.048532402276482
238 1.008333023414745
239 1.038343322681669
240 0.979343428379677
241 1.040168039021113
242 1.041122229770786
243 0.966655085633928
244 1.047533361708000
245 1.023251688092002
246 0.977855661518475
247 1.009082664280389
248 1.012626943325291
249 1.019488645580644
250 1.031153499992103
