0 4096.000000000000000
1 1.127994942341559
2 0.504287697869003
3 0.979198546034035
4 0.695017426913660
5 0.933382646670811
6 1.071500768180649
7 1.166161501824677
8 1.024765176690467
9 0.735408274341406
10 1.117769379390593
11 1.198400520503971
12 0.740636283401961
13 1.030006613011429
14 1.085198429618730
15 1.053384297213799
16 0.758503069401011
17 0.835868870456293
18 0.920834008227210
19 0.887101153674620
20 1.068531545250232
21 1.050548167991060
22 0.989028331599474
23 0.943201856051747
24 0.970233974988491
25 1.066824817860878
26 1.022949734405482
27 0.854589585827504
28 0.987350772775852
29 1.097756011443167
30 1.006428799547075
31 0.876145993909514
32 1.005182151126080
33 1.013142670948431
34 0.821421739066495
35 1.033140296597466
36 1.094547578668975
37 1.055478890327723
38 0.955056277396814
39 1.009702554452312
40 0.913605943003563
41 1.020653770402047
42 0.960493459662480
43 1.094600941546492
44 0.976594271478557
45 0.940224673823504
46 0.942956251859241
47 0.997241539470790
48 1.090810464558607
49 1.025403591467083
50 0.900085734185747
51 0.940684721953188
52 1.046295125998663
53 1.018748553642924
54 0.961890735043104
55 0.949881097763449
56 1.020421819895057
57 0.881668289566433
58 0.888291266378037
59 1.069459256095638
60 1.011377038243835
61 0.949746061222782
62 0.953595961537826
63 1.113931187818435
64 0.952145000509971
65 0.966090957778137
66 0.971282557368206
67 0.985953913472951
68 1.000588714948534
69 0.975854578355366
70 1.026231333737152
71 0.942647998778590
72 0.959361848698471
73 0.987903834188305
74 0.943520226409330
75 0.922654655938955
76 0.844996849479045
77 0.993779016558163
78 0.961579607426805
79 0.934727688776424
80 0.999555436059697
81 0.986364354240198
82 0.984889520044916
83 1.007553274163356
84 0.959246198368657
85 1.038177162370618
86 1.052661186446022
87 1.037829951470281
88 0.962270389279755
89 0.985262183335975
90 0.990786656178300
91 0.868236419686397
92 0.971419390743563
93 0.915813560402318
94 0.985254744417054
95 1.014875246270498
96 1.063750824440598
97 0.943677100857654
98 0.948930799399251
99 0.912757967391954
100 1.053901615814634
101 1.035124749578046
102 0.965605380323814
103 0.953048050077552
104 0.980581548954571
105 0.936411969876298
106 1.001547294653072
107 0.979819473010058
108 0.915134348129104
109 0.955100498669608
110 0.971855241859114
111 0.927399816855709
112 1.077252230463378
113 0.951393220007578
114 0.947282032123966
115 1.117867864767206
116 1.097929406117168
117 1.055838280547283
118 1.003787617581732
119 1.059235006301594
120 0.990950427813298
121 1.014111606096678
122 0.994845703370672
123 1.090209309815413
124 0.981604660410992
125 0.939829208779861
126 1.080369553073972
127 0.921381003197741
128 0.993779737104643
129 1.059263816349461
130 1.026104847384933
131 0.962555839858822
132 1.049658086839321
133 0.997902585670825
134 0.964786019875086
135 1.054084171548713
136 0.970679470886532
137 1.017002624869629
138 0.996015313611214
139 1.015987386177661
140 0.986295887064758
141 1.061494862277932
142 0.893944058649962
143 0.992892337174763
144 0.978888544731252
145 1.001661188955566
146 1.017502582395499
147 0.948727115055112
148 0.979392338144117
149 0.918809607837471
150 0.939972008457322
151 1.004376722852282
152 0.978768702736895
153 1.001859343837935
154 0.994277220969067
155 0.954335608356112
156 0.978940617011114
157 1.000985194464460
158 0.979793654771474
159 1.039717809939328
160 0.985769729293111
161 1.030795737057701
162 1.069135485384237
163 0.948048104131639
164 0.942513763144916
165 0.949005462068326
166 0.979100834461928
167 1.003343467501088
168 1.042321562916712
169 0.997263986199424
170 0.980983620163810
171 1.041848146271380
172 0.975189515970842
173 1.001564203575923
174 1.015711423731923
175 1.051464749279100
176 1.011665944452361
177 1.010589115006729
178 1.032033854138936
179 0.957446672679236
180 0.931340140893339
181 1.003853914420500
182 0.972390073356081
183 1.043802105482790
184 1.036116042064930
185 1.018510240516271
186 0.941963727419389
187 0.947235587512374
188 0.963216153061469
189 0.989116956389205
190 1.011523083630795
191 1.003706063221918
192 1.102187766474165
193 0.935798505522873
194 0.972876953900384
195 1.042264305978864
196 0.997822250397405
197 0.953522604861244
198 1.047186264065050
199 0.931636514174329
200 1.014343039080087
201 0.963785675153717
202 0.978945173368784
203 0.979175036898005
204 1.025897271501964
205 1.007936326663641
206 1.026188729121798
207 0.973195099441640
208 1.069826965153340
209 1.024664847066207
210 0.972157990691902
211 0.984165029769959
212 1.010496721143450
213 1.011917198316753
214 1.014941285894105
215 1.003368309153440
216 0.982578235468678
217 1.036424729775323
218 1.036002751515282
219 0.960741624633619
220 0.990268023219376
221 0.984622635398044
222 0.947385986591429
223 1.043595699532737
224 1.058073941129942
225 0.979059135972117
226 1.084825276312658
227 1.032382831067666
228 1.023481296197466
229 0.982604202551121
230 1.041137844177951
231 0.951269575482116
232 1.013516090474587
233 1.020641317623075
234 0.998279090377166
235 1.005756480502489
236 1.026522056998096
237 0.939764690381369
238 1.029911166502084
239 1.013554515401369
240 0.969279535935430
241 1.016264422634768
242 1.024147015154190
243 1.015541186368740
244 0.982369564618584
245 1.057253696644892
246 1.077175461955939
247 1.011764789277738
248 0.979210100710106
249 0.955588830272887
250 0.940071931780766
