0 4096.000000000000000
1 0.373540037250956
2 0.592242297223138
3 0.744987633999427
4 0.639287411234498
5 0.904815477577975
6 0.945129370651088
7 0.829859702565872
8 0.962800389497902
9 0.907317971736896
10 0.959829083828213
11 1.026709674198172
12 1.026471269732880
13 0.914244654005130
14 0.951768542046593
15 0.902720537130332
16 0.955277106245105
17 0.859233624797223
18 0.989695625061455
19 0.907021448580706
20 1.007905603214427
21 1.041544534342106
22 0.916827096892436
23 0.972836664171306
24 0.950887400459085
25 1.047344852729945
26 1.019512528047922
27 0.995390695517637
28 0.988475592249625
29 0.980207479714905
30 0.924458204691101
31 0.990629881873056
32 0.972188523264874
33 0.974660279421246
34 0.946513670190706
35 1.011764109163547
36 0.979990243844664
37 0.982539878543078
38 0.933939716752770
39 0.963361480628003
40 0.981733855463210
41 0.958150678625682
42 0.950954347056286
43 0.965775369831981
44 1.036312414319614
45 0.997664713606662
46 0.993158422738397
47 1.016584800544605
48 0.973560283960707
49 1.037137821182152
50 1.004161475903883
51 0.947484035697632
52 1.011889155493313
53 0.992631118017571
54 0.987901402390501
55 1.003495671985102
56 0.981693354549035
57 0.993328737528186
58 1.008745617502114
59 1.012376722944761
60 0.983252347090879
61 0.984647325144625
62 1.027722067739809
63 1.004716453440218
64 1.027712458545049
65 1.010716480706561
66 1.012417951096701
67 0.984014667201729
68 0.954418122327815
69 0.959536251866041
70 1.009617983972816
71 0.994069980481389
72 0.970397466118365
73 1.012753624414776
74 1.027068247550933
75 1.012825584700642
76 0.982033447708585
77 0.924605424604071
78 0.992154069210476
79 0.918850004879808
80 0.986623612500152
81 0.976244665781009
82 0.994436311770851
83 1.002089000247507
84 1.004476485034102
85 0.972581359356797
86 1.002102871579859
87 0.997626753060044
88 1.031784561280419
89 0.977276827654007
90 0.987238305046914
91 0.993706978690089
92 0.964464506314258
93 0.998683672615989
94 0.951107977075086
95 0.996306083210228
96 1.024542364362073
97 1.013279763488593
98 1.003782529500502
99 0.990312128783441
100 0.965710033510447
101 0.998335594682861
102 0.959293535621455
103 0.993544455058438
104 1.005349052009320
105 1.002998832806353
106 1.034005611727700
107 1.021035907630638
108 0.984742181083312
109 1.000788184527429
110 0.984219306097770
111 0.980961992983050
112 0.941131478109458
113 1.006572309453949
114 0.973924587031957
115 1.033289289744534
116 0.998680302517459
117 0.980823587455647
118 1.009137440073917
119 1.012897358539377
120 1.008617766026781
121 0.965700753900754
122 0.980274526930443
123 1.003240119279087
124 0.987393088452174
125 1.022084428353969
126 1.050638373500972
127 1.000737167144313
128 0.976631935179924
129 1.005570708206224
130 1.005208020407174
131 1.018953336219120
132 1.018955614234090
133 1.019245554281447
134 0.950606362431804
135 0.994960704667553
136 0.957540087797330
137 0.962205109179848
138 0.999835681822666
139 0.995723654775320
140 0.994091238495971
141 0.981734691079050
142 0.980225059114835
143 0.985861412201424
144 0.994899732045145
145 0.999196325201550
146 0.990173660904300
147 0.994008802580310
148 1.004223931788219
149 0.984598815334333
150 0.984794025964071
151 0.996225261530498
152 0.987395945387658
153 1.021563179586103
154 0.987818100988032
155 1.017520413700573
156 0.975468380476657
157 1.012480342871670
158 0.987374170516777
159 1.016905154397236
160 0.998585688991298
161 0.986843200124318
162 1.005822270127738
163 0.998321926176245
164 1.031564644146508
165 1.021349194093492
166 1.008611347973654
167 1.021575729245368
168 0.969894676229096
169 0.996316086641518
170 1.016988006483699
171 0.984470463605882
172 0.988302227960610
173 0.983320629577958
174 1.013536262044005
175 1.004474414206818
176 1.009241804624835
177 0.992632256858784
178 0.983485532176286
179 0.994266129329378
180 0.998468090367562
181 0.983594670557616
182 0.993627332093664
183 0.995951283912686
184 0.993634111192688
185 1.013641089116801
186 0.966317586272049
187 0.989071533092582
188 1.010827318690386
189 1.009074826683783
190 0.981262148658090
191 1.004994674587168
192 1.006455975925976
193 0.999752379394398
194 0.986016242461561
195 1.021928692053708
196 1.002408050280426
197 0.972348715173897
198 1.007592044772143
199 1.004915943996061
200 1.007103832381662
201 1.003842502528612
202 0.974296337364065
203 1.003622555050801
204 1.015215269830803
205 0.956302310937900
206 1.005613975322029
207 0.997659533578951
208 0.996755643525688
209 0.975508170621281
210 1.014946223406719
211 0.987391325170178
212 0.993533961006945
213 1.014829935845658
214 0.981175369182579
215 0.990701934255494
216 0.992588441999151
217 0.970790654464649
218 1.009903993627982
219 1.000226804440929
220 0.993551629416251
221 0.990219010052828
222 1.000182012099040
223 0.999640771183336
224 1.014375966235660
225 0.996358896458789
226 0.968098000372373
227 0.988382904131158
228 1.023183482827443
229 1.004976948752737
230 1.016941077395915
231 0.998796453449009
232 0.989181499970200
233 1.004793626612684
234 1.017908043103696
235 0.984133846911879
236 1.004936089084076
237 1.004288144626550
238 0.970897110194591
239 1.013294233315551
240 0.997783150259535
241 0.995902755070884
242 1.015332779673574
243 1.005714298407715
244 0.999052025550989
245 0.994647337763783
246 1.000142595480654
247 0.992756600510609
248 0.987377616603642
249 0.993462161777103
250 0.992633754610456
