0 4096.000000000000000
1 0.155004482769721
2 0.766737058796064
3 0.272419780664290
4 0.875274270325529
5 0.713418248160657
6 1.194234399905435
7 0.583659833971652
8 0.933311024958465
9 0.965977167605062
10 0.857404302591210
11 0.912672534065445
12 1.074747569497927
13 0.920489915414308
14 1.072165887573296
15 0.917924397687054
16 0.900397567294590
17 0.785037959567936
18 0.911535218846928
19 0.866384095772194
20 1.002370080633860
21 0.969406249508407
22 0.884381069204917
23 1.002572090053570
24 0.852757726447621
25 0.924501004503480
26 0.950660870244736
27 1.216657162137379
28 1.230471973625999
29 0.954014630550568
30 0.858182240554108
31 1.090574270338776
32 0.972125111894316
33 1.064072180949613
34 1.009223555076119
35 1.027230595915395
36 0.945877091198456
37 0.984323859116678
38 0.938164574899812
39 0.857701784824103
40 1.098069811176882
41 0.874585504942385
42 1.009811337006490
43 1.018758613491854
44 1.067283819500690
45 0.951160998675480
46 0.873037740908762
47 1.081335305995086
48 0.978277348397299
49 0.920333421507672
50 0.890626889091456
51 0.842251429658125
52 0.956374003456424
53 1.033310816060747
54 0.922144726681733
55 1.101541359099120
56 0.974430359020423
57 0.953621815343765
58 1.011555119128848
59 1.011822852296210
60 0.978675085407716
61 1.072747737311907
62 1.005370259155854
63 1.071819201877095
64 0.987729308056338
65 1.072912950175734
66 0.945953489565517
67 1.013645615052264
68 0.988240258942781
69 0.987680058402139
70 0.975128824709732
71 1.105930266905432
72 0.959479567334376
73 1.063998669168570
74 1.036009973161135
75 1.043829893416224
76 1.024290226450480
77 1.054584741887662
78 0.947832878775866
79 1.002523776509023
80 1.003098371353494
81 0.917277070757852
82 0.958073844786249
83 0.909124502161141
84 0.964675960108116
85 0.991845595145950
86 0.992499060012448
87 0.890101949277006
88 1.044735814059055
89 0.928577677771139
90 0.951169869990081
91 1.088140732144421
92 1.028962258318324
93 1.068723496908873
94 0.931955519226415
95 0.969562022725504
96 1.118925865179536
97 1.057148512851877
98 0.991704336244059
99 0.980619791644240
100 0.990669440245424
101 1.098616094013035
102 0.990565750889582
103 0.980702883757850
104 1.088608704685231
105 1.038962893905736
106 1.034426140671102
107 0.992727743871698
108 1.026971074524487
109 0.969962388521122
110 0.953379042688001
111 1.069548000681335
112 1.026904922101532
113 1.028431807872743
114 1.001878063830163
115 1.059069148353206
116 0.927710565926939
117 1.020209967125657
118 1.082023308810718
119 0.978718656989274
120 0.859502402276720
121 0.990787048303087
122 1.017316263804386
123 0.972803790540636
124 0.970707728665200
125 1.017816968073386
126 1.118036879163726
127 1.018820541226833
128 0.907670816105867
129 1.032759804610708
130 0.961390689658260
131 0.975554053765400
132 1.064381611992650
133 0.999481758856909
134 0.965275680913796
135 0.968758902307442
136 0.940537709246823
137 0.901623817039215
138 0.951124664780033
139 0.993166812161259
140 0.957703059706595
141 0.916200434857115
142 0.957136427008049
143 0.932976729223419
144 1.041813936451614
145 1.008701987076593
146 0.955781576219533
147 1.079225146293317
148 1.094913612280591
149 0.872124735119438
150 0.995707619582852
151 0.912394574232323
152 0.968221487626821
153 1.033518934617339
154 1.013186006826293
155 1.006877069592192
156 0.953392568984145
157 0.993607764375057
158 0.914657958007131
159 1.005592856993389
160 0.970756998406976
161 0.994767458331386
162 0.951420261548713
163 0.924434530280936
164 1.084468178647976
165 1.045161413687763
166 1.037144910554509
167 0.963390948919724
168 0.957563689526038
169 1.008023428477617
170 1.048191381569347
171 0.994603147408777
172 1.001575673912499
173 1.012383357293309
174 1.044980887718152
175 0.973647309285441
176 1.066185456962424
177 1.012212816108891
178 0.977948111570784
179 0.995574220649203
180 1.015298248536030
181 0.956179598053133
182 1.001959079328023
183 1.023019675753405
184 1.064087548718084
185 0.977081508175202
186 0.956581584383388
187 1.014358902873604
188 1.082915058674758
189 0.956888182829012
190 0.960713804594438
191 0.997212582558664
192 0.994131218369653
193 0.961680012782225
194 0.935524535867821
195 1.076650384659654
196 0.962144488238114
197 0.930231232824943
198 1.002320241431525
199 0.977778263384403
200 1.032728806328037
201 1.060586716930715
202 1.000330661374307
203 1.028531641406727
204 0.976208928181227
205 0.956155849735271
206 1.043267890044624
207 1.010143686539069
208 1.050762842044795
209 0.963282082312157
210 0.970522775879581
211 1.016493562991155
212 0.992566114743724
213 1.035261657230768
214 0.975177347401202
215 0.953297521510292
216 0.947902039858733
217 0.954128956399809
218 1.009001695985410
219 1.018900607359882
220 0.984051803746615
221 0.986885803694852
222 0.953735315434724
223 0.974540061793951
224 1.053073573090752
225 1.072199934635856
226 1.009797241287205
227 0.893359621734907
228 0.996063652928395
229 1.033525259308144
230 1.066715315556045
231 0.997526801985826
232 1.022503595270794
233 0.989793758519927
234 1.010600342607444
235 1.003414244628097
236 1.080072634786468
237 0.960424866063751
238 0.965213772734288
239 1.006820387608292
240 0.993636744758487
241 1.048856000834610
242 1.025573871757535
243 0.977790386261554
244 0.964930425265192
245 0.984406413476121
246 1.033359092647110
247 0.940853392707886
248 0.986794022436944
249 0.948067624524939
250 1.002344702415667
