0 4096.000000000000000
1 0.491082861278757
2 0.572410132286503
3 0.765899497443431
4 0.682752239471396
5 0.893054897036447
6 0.948900402264746
7 0.863062721167765
8 0.955341347040836
9 0.887594446577660
10 0.989439898131930
11 1.026628884795652
12 0.995905103477745
13 0.925799595618398
14 0.931526470786106
15 0.898914345943224
16 0.905401739034884
17 0.882930378481323
18 0.983696461829133
19 0.901617139266943
20 1.001173211971550
21 1.035681349858536
22 0.925064439616080
23 0.984598627555863
24 0.969511784619996
25 1.047249442651605
26 1.004566080096928
27 0.993664271903824
28 1.003749432220672
29 0.988034016349223
30 0.922456252057220
31 0.972688073502310
32 0.949079774826267
33 1.000044978441786
34 0.926666218835388
35 0.996929449638037
36 0.979792828311198
37 0.975386843267015
38 0.949428171868402
39 0.956830053157329
40 0.992067361119108
41 0.960009852560307
42 0.933874072769633
43 0.996528448296318
44 1.032421598196596
45 1.001622114896562
46 0.988027665809595
47 1.018897067913344
48 0.988736480813220
49 1.031783904018258
50 0.980806343040154
51 0.954493492217673
52 1.016096728966647
53 0.987389784614162
54 0.990202272393151
55 1.002397446147592
56 0.982971057561883
57 0.976902755457178
58 0.994570936719180
59 1.013536470567575
60 0.969409000754500
61 0.967812559629763
62 1.017969824189783
63 1.016587013822061
64 1.028558410566971
65 1.012143603796702
66 0.999119411449999
67 0.978005165723872
68 0.951129109114744
69 0.974542094476252
70 1.015403897031708
71 0.977028477329819
72 0.975509097333654
73 1.005448748202904
74 1.010317110885417
75 0.998394454852716
76 0.971810451352566
77 0.944177066233801
78 0.994704818756562
79 0.928286167730779
80 0.985551744915615
81 0.975934854189761
82 0.991392870941201
83 1.013210929144175
84 0.999819022297631
85 0.979261797590828
86 1.010964216374878
87 0.993080430404749
88 1.016783321187368
89 0.987352850630768
90 0.987865774024846
91 0.976278245635781
92 0.965426121904325
93 1.007285842797497
94 0.964658694386972
95 0.997805586131105
96 1.032154667672201
97 1.003069648684487
98 0.998621416203114
99 0.980227843721547
100 0.984273796219322
101 1.008312180107652
102 0.968885168207370
103 0.982384720055252
104 1.016470973853782
105 0.991704444321896
106 1.021914180741524
107 1.019685787574693
108 0.978001140883640
109 0.999096667584983
110 0.983065147443771
111 0.983341410700805
112 0.952638905698557
113 1.006306533484663
114 0.985173083404641
115 1.043717958314733
116 1.001289499735190
117 1.000434703027133
118 1.010075309769078
119 1.012371919350312
120 1.006580784186534
121 0.975275403503503
122 0.976644985795169
123 1.004561949092302
124 0.986066158488489
125 1.012620640293226
126 1.046691603872561
127 0.991944338765199
128 0.974710834182385
129 1.012926566525119
130 1.003496715400749
131 1.017985401556434
132 1.020503413201873
133 1.002658194596334
134 0.955140651045809
135 1.001054174925859
136 0.964251295467759
137 0.972683766510663
138 0.990375421227825
139 0.998931709746155
140 0.989341442463234
141 0.993417709087768
142 0.971464293697860
143 0.980914324390802
144 0.993089770893944
145 0.993911040109655
146 1.007054560528862
147 0.991700298281508
148 1.008394170670523
149 0.983493572298305
150 0.986663839738450
151 0.995221814606176
152 0.983666369463319
153 1.019589782881577
154 0.991533561718399
155 1.004141148309843
156 0.980379986066596
157 1.010902329495812
158 0.988191231690149
159 1.018391970219452
160 0.996047944216629
161 0.987389908261330
162 1.010697138537147
163 0.992468477384489
164 1.020221049363094
165 1.011996987536567
166 1.010172141512881
167 1.019117611920324
168 0.978803271313252
169 0.998916824585760
170 1.008980166569587
171 0.989224414320527
172 0.990624064030430
173 0.983672348186406
174 1.011102003818207
175 1.016844738916170
176 0.997889739772634
177 0.996785610037977
178 0.989786839758178
179 0.996537103222117
180 0.996645419691050
181 0.995869441558109
182 0.993074729071998
183 1.004501165450732
184 0.993017059034226
185 1.011106325379477
186 0.969788321915091
187 0.986159421214464
188 0.999161273089142
189 1.001433000589905
190 0.984496193348625
191 1.003705343293067
192 1.015060550795686
193 0.997132749417082
194 0.986509804906529
195 1.016992279341351
196 1.002921563937520
197 0.968592139361408
198 1.010023694335178
199 0.990115040410478
200 1.003197174376446
201 1.002820497322336
202 0.976640702319967
203 1.001859428451693
204 1.018162470514424
205 0.960077847697433
206 1.010431837519340
207 0.999554536911448
208 1.007571235745979
209 0.979174461723876
210 1.006134738110236
211 0.990154685038353
212 0.990698081799495
213 1.012706509140081
214 0.989283500887901
215 0.988999797243205
216 0.989762511059230
217 0.978097997230491
218 1.011889073817925
219 0.994160027893807
220 0.992789607324812
221 0.989596856424489
222 0.996023786734589
223 1.006632477985488
224 1.019181120430339
225 0.997076312362781
226 0.983238014263575
227 0.992073343728145
228 1.019139754650968
229 0.998434173230612
230 1.014291617943307
231 0.997456843507819
232 0.985584468817520
233 1.004278097085837
234 1.014858449167651
235 0.985689498998021
236 1.003904581025656
237 0.997257200901238
238 0.981975724081966
239 1.010257510717635
240 0.995128381005024
241 0.994225923997081
242 1.014572125913088
243 0.995398793992182
244 0.994319028480011
245 0.996482880408446
246 1.003143549816012
247 0.992729991644504
248 0.986746198325662
249 0.989073303020371
250 0.993770199189816
