0 4096.000000000000000
1 0.291492415390073
2 0.596356260081653
3 1.101943155267648
4 0.394449927635418
5 1.562079017633341
6 1.002398993560382
7 0.844601792104952
8 0.931117933333667
9 0.675429119624415
10 1.129208314710697
11 1.069080151374415
12 1.148979275761623
13 1.134581289619243
14 0.998095195670440
15 0.858430371545132
16 1.058641542509807
17 1.049190367222545
18 1.048557596794106
19 0.798590703592857
20 0.720583317163636
21 1.152880786340714
22 1.035628641383884
23 0.865587780643615
24 0.684552574537759
25 1.164927922545364
26 1.027671198109372
27 1.010386118542437
28 0.984186419698035
29 1.025979255541354
30 1.029481335388129
31 1.013162025545431
32 0.887644674301249
33 1.111440572909837
34 0.925977146621968
35 0.972363379090243
36 0.989208987599527
37 1.051886970418624
38 0.897912838019735
39 1.034038204249256
40 1.015370884781830
41 0.955442556127519
42 0.842751329318169
43 0.873834732907551
44 1.083048157186368
45 0.978149003978386
46 1.042233450056483
47 1.048490866558049
48 0.971177603279457
49 1.180882475047467
50 0.920007172164295
51 0.912416962314346
52 0.934222786739211
53 0.940887425832856
54 0.972651061166156
55 0.920153794147781
56 0.918624441385269
57 1.035959502355513
58 0.987741491302996
59 1.016582822182830
60 0.986173726425311
61 1.139536101685905
62 1.081912710192123
63 0.937310048142658
64 1.107402903447032
65 1.023707528547323
66 0.988374582394358
67 1.105311178752867
68 0.863136604976496
69 0.920150180207950
70 0.995269816085244
71 0.978362593993021
72 0.992253005335526
73 1.006769817784544
74 1.081708732516907
75 1.052162513705187
76 1.025757639810109
77 0.966655508088796
78 0.957374734102944
79 0.822547659691755
80 0.881776131941213
81 1.010051392837437
82 1.150680833827229
83 0.999450784381250
84 1.005220593434319
85 0.885210621675864
86 0.999366933906110
87 1.027522109731369
88 0.975457735248743
89 0.957910119918450
90 1.083254473978970
91 0.907929549865933
92 0.918343464915344
93 0.888786520128300
94 0.979247923343336
95 0.989195264921112
96 1.063727862666573
97 1.033742381083040
98 0.967436048495287
99 0.947445075458999
100 1.029751235673543
101 0.998123557216111
102 1.013893148563022
103 1.063795945698801
104 0.971852080326424
105 1.050575004143957
106 1.006095051897079
107 1.090515698552867
108 0.919434801333532
109 0.980671041470665
110 0.940992794628633
111 0.908415140337924
112 0.922235121037558
113 1.052414253052191
114 1.039500328145140
115 1.064962062346792
116 0.903918658885569
117 0.960735267313302
118 0.956585543245252
119 1.075300890367684
120 1.051386284059123
121 0.987936178699569
122 1.060242278002733
123 1.054851122220787
124 0.976802374627988
125 1.014306005908183
126 1.044063603884289
127 1.014237674260282
128 1.001254810513292
129 1.011537850691814
130 1.053227050864977
131 1.071978624142982
132 1.049817053604145
133 1.017889529114179
134 1.001203413179753
135 1.023534798725123
136 0.911632169754446
137 0.986470896137368
138 1.013859688529150
139 1.027727045088539
140 0.946549973416208
141 1.007394387581045
142 1.014932002384757
143 0.870242884303412
144 1.013400228127640
145 0.989004223008361
146 0.993851095154098
147 1.023933764541020
148 0.939922950305055
149 1.029734816893993
150 0.994864126160467
151 1.062301050241357
152 1.003388417483936
153 1.016221310840308
154 0.922284443173411
155 0.984085872392604
156 1.007535101070414
157 0.949055005374245
158 0.942781510843112
159 0.967371876155132
160 0.997887287318667
161 1.019987669781429
162 0.972403876253956
163 0.973924295539926
164 1.034182948295926
165 0.981843352882049
166 1.028329456966721
167 1.044198957860767
168 0.994169501676677
169 1.035928257865181
170 1.053637376108841
171 0.945261780037420
172 1.000077581188747
173 1.016127426492331
174 0.990794227368692
175 0.977275040927000
176 0.986690394902144
177 1.048878153977083
178 0.986596273684274
179 0.994678773003898
180 1.076333347520731
181 1.023497738839334
182 1.005439476209582
183 0.983629829189947
184 1.012825638046722
185 1.002648006595911
186 1.014624412856404
187 1.012517503552490
188 0.958301606901415
189 1.058397336549464
190 0.942874294418720
191 0.983239843768522
192 1.007959168331027
193 1.000919449571962
194 0.976371909120239
195 1.053533926830061
196 0.980534298886622
197 1.018090783192812
198 0.995830226036687
199 0.966632341010365
200 1.016163798055834
201 0.971732163223005
202 0.949165561379444
203 0.995945820822948
204 0.996262387457257
205 0.988296766339669
206 1.024241918844590
207 0.923788676357141
208 0.968170056373811
209 0.922157038460881
210 1.053960439369458
211 0.975023903705087
212 1.021633944373654
213 0.993908205105950
214 1.044137840292864
215 0.969767463173567
216 1.012693682380038
217 0.974281464490865
218 0.990988304757274
219 1.080363047230148
220 0.945981761561549
221 0.965330547779077
222 1.015358270040901
223 0.998250670658689
224 1.030410746093299
225 0.990254462156288
226 0.905573407363853
227 1.011951560733568
228 1.028414962833948
229 1.007381191042955
230 1.018996604456944
231 1.033169478229390
232 0.946169721651618
233 1.021361244764466
234 1.027388923357264
235 0.970313174372040
236 0.994756673099509
237 1.029506032323724
238 0.965715300970496
239 1.017364413789910
240 0.965476557964588
241 0.957494466059053
242 1.028507656757493
243 0.947580444266470
244 0.935865988171197
245 0.985850004245933
246 1.083413936439558
247 1.052209358545028
248 1.018882475674561
249 1.013136098389904
250 0.949750624636422
