0 4096.000000000000000
1 0.420381740478361
2 0.580004210295791
3 0.742283018149085
4 0.681413003958452
5 0.888688231008577
6 0.935147753285546
7 0.829424018721507
8 0.947936920255720
9 0.904607527148660
10 0.974964525921423
11 1.007127783990748
12 1.024694465360902
13 0.914372054896414
14 0.914490020584861
15 0.881751765091055
16 0.922006244980628
17 0.888309238625353
18 0.990605086266764
19 0.903218202510079
20 0.993561131672782
21 1.034226476557638
22 0.918058926466110
23 0.988762002092909
24 0.969548083897378
25 1.044737778370323
26 1.002576941434926
27 1.008966355922187
28 1.005582999417556
29 0.975162091594176
30 0.913445857357563
31 0.983157887405125
32 0.942434611338119
33 0.997918174750251
34 0.938409773987498
35 0.993389664012129
36 0.967133164333351
37 0.967388509849984
38 0.948958743849244
39 0.950455991889471
40 1.000834274332012
41 0.953812549172248
42 0.931221476743525
43 0.985158189330837
44 1.038839615752231
45 1.009062561436447
46 0.992544194322686
47 1.020900670611978
48 0.977339326484175
49 1.032339581387462
50 0.990092144734967
51 0.955779438290793
52 1.013017622176527
53 0.984382811969709
54 0.993722742629795
55 1.008311395172458
56 0.978944819709707
57 0.987682086705645
58 1.005982517322866
59 1.007057459649167
60 0.964602182883808
61 0.969830878842755
62 1.025415149616405
63 1.005885218655814
64 1.036857420924348
65 1.017679716378162
66 1.001083557285743
67 0.978284108659379
68 0.945602573079058
69 0.973976421683235
70 1.013439072874467
71 0.980877969143146
72 0.976557053010478
73 1.007314764658924
74 1.018484507876588
75 1.006879713425035
76 0.986099600113529
77 0.938937239034348
78 0.999141374884921
79 0.927882856847016
80 0.983913775854746
81 0.974547508176248
82 0.991556351505892
83 1.014507874938883
84 1.004580911792392
85 0.972187340904940
86 1.006783385939473
87 0.988059871979526
88 1.022797302373419
89 0.987352993452169
90 0.987732749582252
91 0.988576981249315
92 0.965042007998692
93 1.018004627684627
94 0.962541436833153
95 0.996488972299536
96 1.028431197257677
97 1.010273760070772
98 1.003748233392040
99 0.987795379680117
100 0.976339541862136
101 1.006043985028039
102 0.969111788537222
103 0.985833571162755
104 1.020511661244064
105 0.997783925640516
106 1.024004519239260
107 1.023842535128910
108 0.984322473707802
109 1.004459567816009
110 0.985060351052821
111 0.989471830797962
112 0.940075708288239
113 1.011891801482750
114 0.988692816588919
115 1.036475965650101
116 0.990890139572467
117 0.993802510128209
118 1.011138234604269
119 1.007804243034172
120 1.007699754130779
121 0.969763619241761
122 0.974539421448342
123 0.995449181479012
124 0.986589856887085
125 1.021572486935234
126 1.044098932315134
127 1.000386017740266
128 0.973483975839303
129 1.008315817496291
130 1.002746746562695
131 1.024511657574141
132 1.016511586406559
133 1.002864521427748
134 0.955137478003677
135 0.996311958251295
136 0.963212394762796
137 0.967168597271993
138 0.988926716133294
139 0.997260268193089
140 0.989316824251249
141 0.985691554857395
142 0.980747877318201
143 0.980230871387599
144 0.993398355888587
145 0.993276536082502
146 1.005813768901316
147 0.997343009554477
148 1.012006226449319
149 0.989565160006481
150 0.991324496142663
151 0.993821910275974
152 0.983493521877298
153 1.020703897382045
154 0.991951130309568
155 1.009150190372605
156 0.979690082929640
157 1.012675224507846
158 0.988300281330469
159 1.015956537713610
160 0.997171749741237
161 0.983738420846347
162 1.004910765318354
163 0.998418592876758
164 1.027704413627658
165 1.018685037605446
166 1.012451609281333
167 1.019918229462299
168 0.971913712219823
169 0.999136077959380
170 1.012272609599826
171 0.983933429856472
172 0.992852291536014
173 0.980557268613629
174 1.009641219170447
175 1.012574234500457
176 0.997454843068908
177 0.993665761547453
178 0.984990639288574
179 1.001212561031513
180 1.004746865539270
181 0.996131839954445
182 0.994875583333113
183 1.000968631618605
184 0.989337230322866
185 1.009737095203646
186 0.972524792011427
187 0.991179963345818
188 1.004268587921299
189 1.002371886066606
190 0.981282947722429
191 1.003554548528772
192 1.006206176076153
193 1.003116477547286
194 0.988302607470921
195 1.013519862109588
196 1.004350982160784
197 0.969677641848720
198 1.005493721541709
199 0.996254225428745
200 1.001777557116335
201 1.007969849282433
202 0.977186429937516
203 1.005051885150700
204 1.018597551636762
205 0.955355905108110
206 1.009285422750322
207 1.002803692189307
208 1.000791578538145
209 0.974658630878313
210 1.010726259308760
211 0.992119237989769
212 0.988991684935794
213 1.012505750598170
214 0.984497569010017
215 0.988473090631433
216 0.989849874900635
217 0.971522975820646
218 1.007969247477284
219 0.997780090309510
220 0.993097698022779
221 0.991597934164413
222 1.001566166020585
223 1.003384971069341
224 1.015297618502353
225 0.998205405513175
226 0.972917289827437
227 0.987608858648165
228 1.018968677410614
229 1.000069221228287
230 1.011510893779367
231 1.002008446840095
232 0.981825933917078
233 1.002964431109357
234 1.016509753832608
235 0.984270610987516
236 1.002283998732177
237 1.003964826607375
238 0.976525920105808
239 1.008615209626796
240 0.998072942701343
241 0.991491810669454
242 1.013397857872429
243 0.994726046320887
244 0.996496724147348
245 0.991416831183388
246 0.996180253953322
247 0.991117544377209
248 0.988490494753391
249 0.992841183774491
250 0.999588397863750
