0 4096.000000000000000
1 0.849506123575211
2 0.198728473970143
3 1.000140323450947
4 0.536507326455942
5 1.206370971257384
6 1.017026622451850
7 1.151918414570196
8 1.520989805805035
9 1.211795645692055
10 0.852384731889246
11 1.098950660315875
12 0.945325911286072
13 0.972113574331999
14 0.867409017064460
15 1.212081394230417
16 0.915674501749336
17 0.883444239369177
18 0.936273104985316
19 0.979304334707307
20 1.186230457570379
21 1.069433483672059
22 0.920175845587459
23 1.109925224905949
24 0.899069415265933
25 1.045418068999379
26 1.124451890348100
27 1.081092937766669
28 0.980321424565722
29 1.013317543926618
30 0.938866163858010
31 1.028612068757260
32 0.921736430695302
33 0.839095001109279
34 0.863368383498728
35 1.037527925944456
36 1.009219973390623
37 0.905297948478435
38 0.903200408221975
39 0.830238314383732
40 1.034587141093354
41 1.117878680042072
42 0.949591118156397
43 0.849687870591850
44 0.938274340912795
45 1.030957353152148
46 1.042354426831007
47 1.045384670310085
48 0.880701780061074
49 1.042352010546602
50 1.015265301604017
51 1.012360480520729
52 1.053895856852746
53 1.020564519177258
54 1.060556157107802
55 1.037924587165931
56 0.864527521065107
57 0.977419800283072
58 0.962365788144016
59 1.032694399199847
60 0.992643527639975
61 0.909051890052475
62 0.910059667774439
63 0.997606943515415
64 1.150237864042824
65 0.980586511596972
66 1.108634175439384
67 0.845267059275055
68 0.807996969835759
69 1.002127437044037
70 1.056686559971461
71 0.930070124413554
72 0.947913172660294
73 1.082028367384543
74 1.051532911042147
75 1.018733509005708
76 0.931496543920494
77 0.920339287544486
78 1.025836955608520
79 0.937739728656097
80 1.004496739284749
81 0.996601831409420
82 0.986151771053902
83 1.027504654573205
84 0.925098815720449
85 1.009847484147299
86 0.955428764868036
87 1.009010579883701
88 1.044051426810729
89 0.972057286460710
90 1.086359025527529
91 0.917274892577252
92 0.937758291852515
93 0.984377674522913
94 0.989444993315973
95 1.000085989673276
96 1.047848387996090
97 0.975890575103092
98 1.005959017910935
99 1.064725143251476
100 0.963667351364817
101 1.011500019121405
102 0.925398089186043
103 0.882469571296554
104 1.036600148028523
105 0.967424143759724
106 0.981774696904911
107 0.952991246607682
108 1.038605448771377
109 0.972940776183359
110 1.008806506788494
111 0.962757137619658
112 0.962832134326803
113 0.907803328725572
114 0.962504226180693
115 0.989001950762101
116 1.088617328824281
117 0.996408765961427
118 0.945648658248307
119 0.991308667507927
120 1.044929595687603
121 0.923741717198169
122 0.951467010478598
123 1.019605493030286
124 0.913946262036141
125 0.980471295775139
126 1.137866393972601
127 1.014135468684971
128 1.030725276628219
129 1.016402252494594
130 0.980184796737883
131 0.988683551526368
132 0.943131127913585
133 1.029255799381823
134 0.951865357383404
135 1.015488220448356
136 1.022289267392143
137 0.889561126982419
138 1.012167968447864
139 0.994076899211520
140 1.056033432464412
141 0.951264849813014
142 0.951240946456497
143 0.988898310204388
144 0.988701558802072
145 0.969909568154616
146 0.992284685037209
147 1.011512340724687
148 0.968268617638131
149 1.017786935277428
150 0.995431184801977
151 1.015648914583459
152 0.889981707502164
153 1.055317613163864
154 1.041566862835369
155 1.017610473771146
156 1.013183377613221
157 0.955373666365127
158 1.052655893019220
159 1.035735480817674
160 1.006245590446095
161 0.946801675323061
162 0.975639517391260
163 1.022408977756468
164 1.049035556800356
165 1.100387144064775
166 1.035059431163627
167 0.920357381010030
168 0.948961921214622
169 0.953834051314723
170 0.983670517399753
171 1.022259424503253
172 0.954392119734600
173 1.008894839033705
174 1.002457112801258
175 1.055455901524083
176 1.024631837989169
177 0.964824917777796
178 1.017479430732481
179 0.993797327788583
180 0.891656989208650
181 0.972006070860317
182 0.918136408804639
183 1.053333144366047
184 0.993950369899043
185 1.060423900024529
186 0.972427671366580
187 0.980604552178422
188 1.003695259695958
189 0.984388076264766
190 0.980290699765995
191 1.024108824213833
192 1.101798955330221
193 1.019875222300776
194 1.060625898391642
195 0.988850466912699
196 0.993579232306070
197 0.976801739391825
198 0.992530631840289
199 1.052258819064882
200 0.963415914842732
201 0.971299379334682
202 0.977878431289721
203 1.045387365296588
204 1.046251703478885
205 0.926258800488715
206 1.026268571218590
207 1.018910308920697
208 0.991943399189376
209 0.992543736537412
210 1.028953193584026
211 0.996546610175290
212 1.045444160278814
213 1.018134484871303
214 0.945131882609498
215 1.027923631533173
216 1.011340212069976
217 0.915305147280815
218 1.041805869584900
219 0.942972495106320
220 1.012019690573481
221 1.030044699437272
222 1.023457033732621
223 0.992799089244244
224 0.981844878173190
225 1.006841658811500
226 0.949001520874304
227 0.966133879616600
228 1.017418226306309
229 0.972003651461946
230 0.983856411008002
231 1.001111996300682
232 1.013952202527076
233 0.958891891128793
234 1.039160937432419
235 0.980254149134548
236 0.963411677639324
237 0.997760468175647
238 0.982337974015046
239 1.000017152901304
240 1.009791155190316
241 0.998551515084314
242 1.021991169536479
243 1.053162142677930
244 1.010326670780068
245 1.003751351608105
246 1.024740461938709
247 0.995346749389352
248 0.930121806280825
249 0.969496500569102
250 1.014194546759337
