0.764001 0.527917
0.107537 0.0275162
0.264008 0.269157
0.979669 0.968357
0.566085 0.423725
0.592581 0.306856
0.710733 0.194395
0.334391 0.953512
0.807127 0.717373
0.455758 0.466459
0.133474 0.771621
0.260958 0.515783
0.62266 0.92366
0.0248509 0.519653
0.421944 0.759998
0.951061 0.302909
0.944171 0.74369
0.536098 0.867747
0.458348 0.251147
0.134568 0.413712
0.0480015 0.262032
0.826623 0.341625
0.328215 0.0629386
0.618837 0.0469686
0.886951 0.0564601
0.961487 0.435649
0.201011 0.932279
0.294652 0.664972
0.309911 0.376132
0.887292 0.838711
0.414631 0.622704
0.478805 0.0182464
0.551411 0.716432
0.687743 0.386511
0.791173 0.908896
0.911071 0.533157
0.478212 0.14101
0.160927 0.262615
0.782557 0.0362783
0.55703 0.539472
0.842205 0.231869
0.693613 0.761532
0.962461 0.184469
0.416036 0.879774
0.0871031 0.620672
0.0166122 0.846782
0.610867 0.157031
0.444908 0.362448
0.198629 0.100756
0.652972 0.64272
0.161916 0.549108
0.277859 0.835321
0.0221902 0.0914856
0.365401 0.196412
0.181617 0.672531
0.665361 0.494771
0.942308 0.63823
0.10894 0.155257
0.100071 0.910192
0.840721 0.454722
0.364635 0.517469
0.83786 0.605203
0.0448208 0.716416
