0 1024.000000000000000
1 0.003251990701440
2 0.014537794783001
3 0.030282392525531
4 0.048728476551680
5 0.083834984344501
6 0.113339770797686
7 0.153004095391897
8 0.198178497491554
9 0.240068030129932
10 0.287788368263875
11 0.336657755996861
12 0.390948800565540
13 0.445043391003563
14 0.499149090212331
15 0.543079143043656
16 0.597289193808088
17 0.649503363641122
18 0.692655771824857
19 0.733977015255197
20 0.764028995749434
21 0.811234281688325
22 0.844374101535364
23 0.868502740155562
24 0.898771999039345
25 0.922023397019732
26 0.943513739010751
27 0.949921461536198
28 0.964629587720218
29 0.980010136271786
30 0.987880478819191
31 0.988204207137515
32 0.993282732416459
33 0.999455924401480
34 0.999812883158457
35 0.995468393723436
36 0.991417740651769
37 0.993985518085219
38 0.986004320186273
39 0.992716052695656
40 0.986412696519500
41 0.987853652577110
42 0.986322416182232
43 0.982121078566669
44 0.978942971414449
45 0.980191035596944
46 0.980486045237102
47 0.979988698212086
48 0.983983855592740
49 0.982949831197555
50 0.983714596685567
51 0.987350633448337
52 0.985818693971719
53 0.989806106178009
54 0.988174481822680
55 0.993203045979790
56 0.989756910845706
57 0.992942420382076
58 0.995786256041099
59 0.995047463488315
60 0.999418126170261
61 1.001455843464522
62 0.999344465561700
63 0.995812888716812
64 0.998035709632177
65 0.999345779118304
66 1.001151445011779
67 0.998779858993992
68 1.000640797261046
69 0.998626338944874
70 0.997755328407982
71 0.998945933729463
72 0.996853676345869
73 0.996007120657691
74 0.997371578966605
75 0.995927788276860
76 0.992762094211521
77 0.994382574074363
78 0.996211068124985
79 0.999030873955497
80 0.996827774299981
81 0.995603619575619
82 0.994069905379482
83 0.997763953250033
84 0.995428531988856
85 0.996406750587055
86 0.996085821558070
87 0.998350279545128
88 0.998851413498159
89 0.999408497977465
90 1.000212429420766
91 0.998614195308132
92 1.000933040117570
93 0.999408258637113
94 0.996100584196935
95 0.998497042061509
96 1.001910490381492
97 1.001882627984080
98 0.998455527436720
99 0.999705587249959
100 1.001248005250716
101 1.001431425753750
102 0.999635031968233
103 0.996120240936311
104 0.998592472514270
105 0.996933995283226
106 1.002389093537619
107 0.997285043870886
108 0.997035687627507
109 0.998928339639607
110 0.997517256527808
111 1.001965931714903
112 0.997714765319779
113 1.001766565532520
114 0.999063693840756
115 0.996463824382743
116 0.996830866814303
117 0.996329440239366
118 0.999748284805472
119 0.997442668958418
120 0.998568519310316
121 1.000272650913260
122 1.001070819021525
123 1.001325175913360
124 1.002275237506931
125 0.999621585933202
126 0.997185164315209
127 0.999252934706867
128 0.999188248299160
129 1.001289673631300
130 0.996753563758075
131 1.001137887209696
132 1.000570315548034
133 0.999646385990771
134 0.997996049366700
135 1.000624242060219
136 0.998533422889177
137 0.999633687709504
138 1.000689141099705
139 0.998166325959596
140 0.997929505670985
141 0.998957696219788
142 1.000788524223215
143 0.997980911283870
144 1.001383752870238
145 0.999677514976593
146 1.000055368173631
147 0.997435742788613
148 1.000332798077168
149 0.999989848154327
150 0.998120768235402
151 0.998749462510404
152 0.997679775918100
153 1.002312066626409
154 1.000163508441608
155 1.000156615199356
156 0.998129832725467
157 0.998997299984049
158 0.998956043536968
159 1.000377226994666
160 0.998423150765851
161 0.999113716551333
162 1.000715858208581
163 1.001487480105256
164 1.001022119473882
165 1.002647977611583
166 1.002520910550457
167 0.998953175260226
168 1.000538138819273
169 0.997743428977946
170 1.000427687864921
171 1.001056295704155
172 0.999166379668534
173 0.999420050120164
174 0.999868077452814
175 0.999330955765628
176 0.998870466479162
177 0.997679524554568
178 0.999846348602764
179 0.997542557594784
180 1.001363588190940
181 0.997778326995791
182 1.000925531912124
183 1.000281256130707
184 0.998768989539215
185 1.001341111543303
186 0.999512315317945
187 1.001779243324110
188 1.001138089922132
189 1.000667508176559
190 0.998553895068285
191 0.999629258459321
192 0.999657967433222
193 0.998449028191397
194 0.999794902221899
195 1.000482078774030
196 0.999497106110748
197 0.998616795704679
198 0.998778618413849
199 1.001175883103540
200 0.998113190531975
201 1.001180087111726
202 1.000540309600878
203 0.999260478420015
204 1.001457652604651
205 0.999875602280530
206 0.999890179947123
207 0.999140771336455
208 0.997006602720091
209 1.001007099134237
210 1.001247168693940
211 0.999705865359716
212 0.999172924654896
213 1.000609850893855
214 0.999781918284424
215 0.998848342181987
216 1.000524396975425
217 0.999165757357654
218 1.000773688921365
219 1.000165094829701
220 0.999391859825508
221 1.000999687117601
222 0.999892212000180
223 0.999507986340736
224 1.000374078594484
225 1.001053509412473
226 1.000603403584003
227 0.999529814562853
228 1.000706669677014
229 0.998612177698943
230 0.999197866054742
231 0.999846236610258
232 0.998202047230657
233 1.001125242854602
234 0.999941075661182
235 1.000656392338576
236 1.000554285342520
237 1.000288959355152
238 1.001719493631330
239 1.001330629947737
240 0.998545253523833
241 0.998855586355248
242 0.998948485769871
243 0.998999969340283
244 0.998383978381417
245 1.000435539144613
246 1.000435782185078
247 1.000392826685195
248 0.999528891785363
249 1.001428711278239
250 0.998517875174166
251 1.000135623652469
252 0.998103212309093
253 0.999103435427037
254 0.998706694648747
255 0.885530881211269
