0 1024.000000000000000
1 0.003238372285618
2 0.014490646588327
3 0.030378525527255
4 0.048886742656750
5 0.083925737493215
6 0.113443467896078
7 0.153008743338035
8 0.197426981158559
9 0.240226714275552
10 0.287519802867142
11 0.336332298683187
12 0.390672632200979
13 0.445017473754014
14 0.499026020670448
15 0.543347411430493
16 0.596566342193308
17 0.648998278428223
18 0.692976553584375
19 0.733527763046393
20 0.764469330270964
21 0.812126425849293
22 0.844165796007428
23 0.868280216019691
24 0.899097053641012
25 0.922115595288671
26 0.942784080845307
27 0.951088152323593
28 0.964949268680515
29 0.978013144077726
30 0.989466348370436
31 0.988414112885328
32 0.993103957714994
33 0.997874032506973
34 0.998885903460139
35 0.995265573818167
36 0.992194586210612
37 0.993410834987791
38 0.986528072528260
39 0.991605249555700
40 0.985690811597793
41 0.986708375811259
42 0.987044494033344
43 0.983341797012948
44 0.977721619380850
45 0.980624445585319
46 0.980754686773756
47 0.979960793167849
48 0.984533102736736
49 0.984129101949685
50 0.984391284935506
51 0.987507365681433
52 0.985724305549861
53 0.988584550955135
54 0.988190190441904
55 0.993575436549509
56 0.990659276402879
57 0.993374888108097
58 0.995642222815751
59 0.995194747864285
60 0.998863884771926
61 1.001835963585014
62 0.998859141084298
63 0.995643095180547
64 0.997405786704447
65 0.998236602634427
66 1.001448610516223
67 0.997825231673422
68 1.001548775867679
69 0.998477100485186
70 0.997318797384124
71 0.998925170235172
72 0.997467601835568
73 0.996259905731140
74 0.998375562288789
75 0.995928199415551
76 0.992343709768769
77 0.993886231945869
78 0.996348731481743
79 0.996741922701660
80 0.996376357484358
81 0.995909381085902
82 0.994540188008883
83 0.997356589226909
84 0.996271337731037
85 0.997043403574334
86 0.996210276888389
87 0.998542991668695
88 0.999956115800630
89 0.999242323522297
90 1.000260433282516
91 0.999213823031031
92 1.000416330221579
93 0.999707755030804
94 0.996231382104452
95 0.998662867196867
96 1.001735280281465
97 1.002690089867137
98 0.998447098253857
99 1.000051273123459
100 1.001029842531358
101 1.001143533723726
102 0.997926006584072
103 0.996339003394295
104 0.998557396632372
105 0.997436074007216
106 1.001431947518427
107 0.998054079510982
108 0.996766325880464
109 0.999031916421853
110 0.998641617172421
111 1.002215821642710
112 0.997949009026311
113 1.001892113832070
114 0.998607237463224
115 0.996585805616309
116 0.996908798910245
117 0.996691286032031
118 0.999591399907407
119 0.997780408409634
120 0.999227635521998
121 1.000497156838118
122 1.000441622570504
123 1.001263337172066
124 1.001702733111791
125 0.999239958432142
126 0.997243025292514
127 1.000036770358290
128 0.999139261400427
129 1.001613631213626
130 0.996828563718131
131 1.000527312096753
132 1.000106458501401
133 0.999474867054215
134 0.998435051839575
135 1.000801769430050
136 0.997830764087318
137 1.000657452973307
138 1.000559042521335
139 0.998180267040451
140 0.998460345238087
141 0.999059808580566
142 1.000167885113141
143 0.998175987887484
144 1.000224592873543
145 0.999848648639434
146 0.999688079956230
147 0.998657588301028
148 0.999835682677620
149 0.999829552108459
150 0.997828592432324
151 0.998552162970742
152 0.997874398011472
153 1.001852660170609
154 0.999599662565254
155 1.000775873572350
156 0.997888803935402
157 0.999271692479400
158 0.999112254884361
159 1.000265003141551
160 0.998688210577031
161 0.999491481466064
162 1.000347045738982
163 1.000713776412365
164 1.001445388469512
165 1.002737261875707
166 1.001951379353135
167 0.999566764798153
168 0.999896433116700
169 0.997649001837763
170 1.000205648928752
171 1.000975706125302
172 0.999514240129964
173 0.999735028858411
174 1.000279646029760
175 0.999333495051498
176 0.998701191310485
177 0.997769061716481
178 1.000019516083396
179 0.997865539675161
180 1.001432383633762
181 0.998080616703121
182 1.000822745520312
183 0.999815160258417
184 0.999604546541324
185 1.001090616813084
186 0.999098183141437
187 1.001514152623692
188 1.000721743095902
189 1.000454537599690
190 0.998127852318428
191 0.999966286148566
192 1.000689295849469
193 0.998626734912100
194 0.998650661814741
195 1.000262533287409
196 0.999654534765943
197 0.998669294939234
198 0.998726708568133
199 1.001400322526451
200 0.998164952727091
201 1.001004648223576
202 1.000702072627091
203 0.999457927022586
204 1.000499956896768
205 1.000115600347326
206 1.000320636135745
207 0.999131962999012
208 0.997973897374387
209 1.000855889481593
210 1.001441810112481
211 0.999807597497106
212 0.999716906511080
213 1.000498733503760
214 0.999697248831512
215 0.998945674345109
216 1.000259353411823
217 0.999415342015576
218 1.000404759111627
219 0.999713973133225
220 0.999568979210488
221 1.001276260096923
222 0.999828064636254
223 0.999862422592354
224 1.000325631732780
225 1.000886923999691
226 1.000778311412367
227 0.999412914588250
228 0.999858802031285
229 0.998624215454603
230 0.998333008872466
231 0.999927800140751
232 0.998372112137643
233 1.000904326971956
234 1.000268203234850
235 1.000147158178836
236 1.000595886420044
237 0.999799625891799
238 1.000468864110290
239 1.001296037155471
240 0.998880066296786
241 0.999303609372935
242 0.998763314704693
243 0.998819378317181
244 0.998208225441724
245 1.000542349585221
246 1.000323645177453
247 0.999746122608519
248 1.000179933341406
249 1.001494579798314
250 0.999105080722550
251 1.000665098974056
252 0.998453282270772
253 0.999144279767272
254 0.998511417486598
255 0.885349763846109
