0 1024.000000000000000
1 0.003209052723580
2 0.014626191325185
3 0.030281697842699
4 0.048827108691034
5 0.084447673188487
6 0.113848062887351
7 0.152652441921242
8 0.198189559107446
9 0.239401467768449
10 0.289167269646697
11 0.337040713345915
12 0.389002274606951
13 0.445302874701443
14 0.497118323630661
15 0.543328265937053
16 0.594537384884994
17 0.649809302201309
18 0.694096376295559
19 0.732704538740281
20 0.764987597712173
21 0.809829506696642
22 0.843123157427042
23 0.867984427772068
24 0.902063804165765
25 0.921056975998698
26 0.944029345597926
27 0.951827814123973
28 0.963925041613972
29 0.982781185118116
30 0.986518101766788
31 0.989987029790214
32 0.994005392433699
33 0.998529239437647
34 1.001470654840624
35 0.994000027011182
36 0.990928812305923
37 0.997726812849583
38 0.987636693229073
39 0.989403562079323
40 0.988107268427366
41 0.987421342214010
42 0.985635999439671
43 0.984158765359284
44 0.977833289412752
45 0.977010625610930
46 0.981063472388844
47 0.981557454454625
48 0.985996307876075
49 0.981882183778252
50 0.982008750761126
51 0.988473303009305
52 0.988017121593860
53 0.989763239978588
54 0.990167941490240
55 0.992549084173515
56 0.988267048465054
57 0.989292904060869
58 0.994134045555592
59 0.994721601819009
60 0.997300645158011
61 1.001768276553889
62 1.000725342332909
63 0.994575738033824
64 0.998629330810954
65 1.000698682783439
66 1.000856864284232
67 1.001673529574089
68 1.003249906003432
69 0.995814324436869
70 0.999282870051114
71 0.999073508367193
72 0.995910864531332
73 0.996113160327136
74 0.995554964340896
75 0.997137523432076
76 0.992056391250880
77 0.993521774716771
78 0.995557026093665
79 1.001174782550925
80 0.997457127421157
81 0.994304701847424
82 0.992412038824179
83 0.997417456655126
84 0.994197448151599
85 0.994553280061139
86 0.994829444123799
87 1.001393817677373
88 0.999392594254179
89 1.001258890266095
90 1.001670935631168
91 0.995562373097060
92 1.001658968129956
93 1.002847185737364
94 0.996036871375148
95 0.999167722293581
96 1.003373002011148
97 1.001121136934897
98 0.999696887265469
99 0.998406461064390
100 1.001394128667498
101 1.002128771070472
102 0.998617495152538
103 0.996723729875269
104 0.998025912607481
105 0.993639174268735
106 1.002714016165848
107 0.999343071055541
108 0.996871648563975
109 1.000413933318652
110 0.997316960458955
111 1.003039953720167
112 0.995916057593493
113 0.999413857245707
114 0.998257039452991
115 0.997724212385116
116 0.996140678901471
117 0.994801949829345
118 0.999193953653200
119 0.998005355604207
120 0.998539983419168
121 1.000881903868302
122 1.002459252753745
123 1.001054738736890
124 1.003972932668655
125 1.000973313576125
126 0.994810682050522
127 0.999857983279680
128 0.998985575576068
129 1.001706256457015
130 0.995222868270371
131 1.002170674215324
132 0.998361049112651
133 1.001816723331349
134 0.998816616722344
135 1.000879388476931
136 0.998931829964773
137 0.998432079760860
138 0.998235558481625
139 0.996930227583008
140 1.000229966412412
141 0.999688631912025
142 1.002131866208112
143 0.997668581782937
144 0.999633251886458
145 0.999800679243969
146 0.999892996678897
147 0.997256715807736
148 1.001235738222199
149 1.000275573213118
150 1.000078267927640
151 0.998935765078425
152 0.999905927135268
153 1.002612497438276
154 0.999946017713260
155 0.999798626612996
156 0.998112168287237
157 0.997375999582759
158 1.000013768564601
159 0.998696822885964
160 0.997559749987948
161 0.999250645274744
162 1.002038570521730
163 1.002987190320615
164 1.000557647359648
165 1.004185089287913
166 1.002213675155969
167 0.998493343987382
168 1.000705821714063
169 0.998428925973491
170 0.999971603625520
171 0.999735158933934
172 1.000192377216001
173 1.001555875244249
174 0.998783835325277
175 0.998684492480415
176 0.999106889707307
177 0.996909006081137
178 0.999586305410772
179 0.997650390377194
180 1.000380817488465
181 0.998870498231352
182 1.000747673833081
183 0.999632269970801
184 0.998696914344891
185 1.000428457387460
186 0.998948948193143
187 1.001055404811896
188 1.000879659799058
189 0.998851732323686
190 0.998312524509446
191 0.999436561450917
192 0.999106971974916
193 0.997358581043756
194 1.001147218918465
195 1.001928158536461
196 0.998876876978712
197 0.998957383776385
198 0.998257963931985
199 1.000432093195030
200 1.000831034492510
201 0.999811189405390
202 1.000032913950556
203 0.999319389383977
204 1.001294860671580
205 0.999325778358845
206 1.000311128676801
207 1.000004401558156
208 0.997652484304472
209 1.002760895740021
210 1.001095499358169
211 0.998333192679055
212 0.999144250341288
213 1.000668385085488
214 0.999855796843646
215 0.998378643045355
216 1.000536700655230
217 0.998964096042709
218 1.002036837523315
219 1.000268668791436
220 0.998802086424295
221 1.001733850927735
222 0.999482047991776
223 0.998999950337376
224 0.998800693698465
225 1.000389882873776
226 0.999783189607326
227 1.000253621690102
228 1.002075188618293
229 0.998339800007571
230 0.997689873787945
231 0.998971717670940
232 0.999239721648574
233 1.002914934578453
234 0.999562555279388
235 1.000614422461957
236 1.000580526421023
237 1.000070256544893
238 1.000482168651793
239 1.000815634731146
240 0.998916934702370
241 0.999195776860966
242 1.000377066617726
243 0.998753753066777
244 0.997619526125226
245 1.001861565449764
246 0.999898647324270
247 1.001091211639550
248 1.000247655992337
249 1.000454936620113
250 0.998504190368753
251 0.999545281931156
252 0.997782229969846
253 0.998472312371054
254 0.997561372230659
255 0.874621578696712
