0 1024.000000000000000
1 0.003246666762942
2 0.014600225322163
3 0.030361978563802
4 0.048937505835615
5 0.084209119431454
6 0.113848873526159
7 0.153046902159186
8 0.198012761153894
9 0.239076955021803
10 0.288385215446992
11 0.336559610482806
12 0.389428220329384
13 0.445126536684657
14 0.496962979330207
15 0.543770122079140
16 0.595182095753105
17 0.649908245386106
18 0.693443785762005
19 0.734747518944782
20 0.766269714800838
21 0.810212359109892
22 0.843357966973736
23 0.868971820883801
24 0.901470826770967
25 0.921700773108664
26 0.945000952276426
27 0.952889782156582
28 0.963427858576529
29 0.981256363030236
30 0.986530765945715
31 0.988648443154066
32 0.994530612967152
33 0.998313062987992
34 1.001010942339741
35 0.994019050937209
36 0.991411765184682
37 0.996587986818286
38 0.986506882222651
39 0.989702004343893
40 0.988501782826967
41 0.986815320194470
42 0.985767144271705
43 0.982542232866528
44 0.978224816607338
45 0.975897061274447
46 0.980939606211164
47 0.981130763174569
48 0.985495905673068
49 0.982670515962005
50 0.982691674135417
51 0.987236593705530
52 0.986815536865367
53 0.989283359702311
54 0.989694225756531
55 0.994064298323566
56 0.988614936681671
57 0.991494197856856
58 0.994998902823321
59 0.995245349461425
60 0.998739518190000
61 1.002445309195015
62 1.000174186581954
63 0.994512101757801
64 0.998855582515302
65 1.001264840451776
66 1.000709501322524
67 1.000734561543064
68 1.001278033802094
69 0.997893355805730
70 0.997129875942850
71 0.998609695971592
72 0.996065264354425
73 0.996123114797733
74 0.995737527249507
75 0.997899583441089
76 0.991909306799165
77 0.993472353974904
78 0.994862432413574
79 1.000010315025390
80 0.996915394120990
81 0.994838874688564
82 0.994711532780810
83 0.996169919732206
84 0.994341665197208
85 0.995383924887071
86 0.995657462063449
87 0.999109090334354
88 0.998632250933240
89 1.001204998436307
90 1.001137043667292
91 0.997122714702000
92 1.001299575874054
93 1.002106741752601
94 0.995581655391186
95 0.998829158062813
96 1.002500048617324
97 1.001025960493221
98 0.999462416175961
99 0.999970024847904
100 1.001052258117898
101 1.001500143466763
102 1.000011621310293
103 0.996704509288360
104 0.998275963329895
105 0.995826320816247
106 1.002585778097394
107 0.998700374991152
108 0.996228799344048
109 0.999931917170421
110 0.996426669165649
111 1.002858216431808
112 0.997810917853518
113 1.000621755149202
114 0.997895373012170
115 0.997537978114448
116 0.996601271320711
117 0.994437946153551
118 0.999655059220599
119 0.998238569568425
120 0.998712406987841
121 1.000850850877548
122 1.001316379439703
123 1.000964343938444
124 1.002163424590665
125 1.000796589893589
126 0.996141434913581
127 0.999591496399826
128 0.999299951794122
129 1.001868976289175
130 0.995860057354906
131 1.001650961995519
132 0.998780785093138
133 1.000950935272416
134 0.999102059411236
135 1.001706760941153
136 0.998715757082969
137 1.000097288192160
138 0.998678405577096
139 0.996647010163941
140 1.000098381745521
141 0.999486648950006
142 1.001679192349623
143 0.997585386461122
144 0.999567745289788
145 0.999259321773384
146 1.000260678891312
147 0.996699607818485
148 1.000868150804303
149 1.000143567158524
150 1.000377578550626
151 0.998705965679189
152 0.998754925646734
153 1.002827593076962
154 0.999227615175964
155 1.000823811378444
156 0.998311215420863
157 0.998556952376431
158 0.999338554082719
159 0.997931967104847
160 0.997694169054652
161 0.999365741368993
162 1.001119604200546
163 1.003006003514085
164 1.000407816862314
165 1.003485018348465
166 1.002478915040232
167 0.998956545732215
168 1.000161206072465
169 0.998868629754606
170 1.001114130613038
171 0.998856290560938
172 1.000124234442693
173 1.002109451911519
174 0.999493142728799
175 0.999107675385358
176 0.998522806235005
177 0.996918308918506
178 0.999599071676748
179 0.997895179607429
180 1.000844095882429
181 0.998570070551012
182 1.001161877040588
183 0.999762382768625
184 0.998725254798881
185 1.001487310857654
186 0.998825302073407
187 1.000721293864678
188 1.000555300866303
189 0.999610536180706
190 0.998483746622158
191 0.999392564970699
192 0.999326607045305
193 0.998423027929731
194 1.000496098190555
195 1.000583052606206
196 0.998714005343237
197 0.999011081984814
198 0.998357703213075
199 1.000929304370511
200 0.998956702808208
201 1.000237310577310
202 1.000770496231443
203 0.999069655295940
204 1.002323274163394
205 0.999820330227764
206 1.000033235225124
207 0.999890327867132
208 0.997276658620357
209 1.002150293185428
210 1.001237282204380
211 0.998985821311343
212 0.999118078912077
213 1.000525095171284
214 0.999550251034422
215 0.999384360347363
216 1.000820827145441
217 0.999355947267987
218 1.001781159361510
219 0.999653758666053
220 0.999550699481607
221 1.000649010759276
222 0.999167729553746
223 0.998773663261830
224 0.999479527408274
225 1.001316723661084
226 1.000429330611379
227 0.999743486857465
228 1.001557680781694
229 0.997654718102819
230 0.997252050466739
231 0.999784381945397
232 0.998328389113107
233 1.002174319868616
234 0.999428007793523
235 1.000667842882062
236 1.001269136001085
237 0.999377315884331
238 1.000856828669366
239 1.001799817013025
240 0.998763710855218
241 0.999223985946956
242 0.999832002702181
243 0.999007909596494
244 0.997921017865011
245 1.001126060600917
246 0.999738632113009
247 1.001254117841574
248 0.999515037912579
249 1.001509737718849
250 0.998085998688289
251 0.999483149851219
252 0.998573622583680
253 0.998809559856099
254 0.997135925375242
255 0.874611301389541
