0 1024.000000000000000
1 0.001263979967916
2 0.017152304819319
3 0.039201531396247
4 0.030896604421287
5 0.071915724477731
6 0.109830103736992
7 0.157699893034684
8 0.226244512147137
9 0.249373001478879
10 0.281116998918793
11 0.333041870711895
12 0.494765057950281
13 0.466197386687702
14 0.508881687377156
15 0.498856138598057
16 0.649992628178249
17 0.590855500564493
18 0.815430040184098
19 0.637840889984121
20 0.787211760698307
21 0.926605426059622
22 0.987744908064141
23 0.769925963918545
24 0.931965085424293
25 0.806963406780380
26 0.986388781721788
27 0.958520737709478
28 1.097813222901009
29 1.201911822659895
30 0.978798243118093
31 1.068756335020925
32 0.839225676171482
33 0.923016199304794
34 1.144124181679728
35 0.937198916542631
36 0.940866232434175
37 1.039610638863227
38 0.970562681181946
39 0.975568317642976
40 1.033010915655769
41 0.948236730990603
42 0.873988180929287
43 0.920320055027130
44 0.920459480416300
45 0.987766607161200
46 0.995433665613795
47 0.900477773265129
48 0.950921115387852
49 0.924669395335705
50 1.129826601067526
51 0.850098711568546
52 1.057584351000304
53 1.068631736290923
54 1.029586252141284
55 0.924946857702998
56 1.024010186273128
57 0.935899019365509
58 0.813328898276438
59 0.980788462764315
60 1.116985131645509
61 1.007172749630420
62 1.022334194143436
63 1.140079121745657
64 0.936119292727095
65 0.999125222606515
66 1.048020492962096
67 1.068120254888990
68 1.094994990338481
69 1.007539866335439
70 1.005408410352954
71 1.049465895970961
72 0.938285969288942
73 0.887753139097687
74 1.055748345896377
75 0.961105499035060
76 1.029390177141795
77 0.931005432027381
78 0.974719478562866
79 0.965496086516425
80 0.906541105330241
81 0.995027570340782
82 1.015799999214038
83 1.082366580446620
84 0.862365673224914
85 0.864637783880645
86 1.049493295407635
87 1.014098132505804
88 1.054686115053682
89 0.974766546743922
90 1.098055375261617
91 1.005912089185181
92 0.969277715666926
93 1.107254848381734
94 0.913300718885012
95 0.944989317201544
96 0.930496192920643
97 1.011141039227000
98 0.887119329118593
99 1.023809393487512
100 1.026269210692590
101 1.013068669517956
102 1.046715435368061
103 1.055389586501779
104 0.945257642359052
105 0.989531878632152
106 0.984101158034206
107 0.957825904170542
108 1.050250140389046
109 1.046086178005983
110 0.961635664899637
111 1.051114100267296
112 0.953356552514181
113 1.001212162188035
114 0.927551432522558
115 0.978398680569242
116 1.098570960417764
117 1.012718497712226
118 0.859411986402305
119 1.009892129851752
120 0.987523416271483
121 1.045182091111201
122 1.048925862127042
123 1.057235605789765
124 0.952364566836935
125 0.983999757954302
126 1.043655528754696
127 0.958682758751035
128 1.087152052032128
129 0.960623446665822
130 0.939278852316507
131 1.082532962763424
132 0.984954446472666
133 1.045498387760348
134 0.984390748036676
135 0.966181153066414
136 1.055608633858646
137 0.936801646651733
138 1.027991755339338
139 1.040221931290935
140 0.958668080643851
141 1.046119363897335
142 1.013162700792171
143 1.006165704146649
144 1.044196133890389
145 0.963134846079803
146 1.030831178475893
147 0.961488732770433
148 0.959357633891060
149 1.022205072860095
150 1.062142567216902
151 0.966003933175781
152 0.950041300224972
153 1.007914090075212
154 1.048467690961901
155 0.995157033368984
156 1.033006852249148
157 0.941470513420463
158 1.018811621434967
159 0.952636135356501
160 0.983496487960897
161 1.024514704059446
162 1.007666331868336
163 1.036720553232917
164 1.047493764350488
165 1.028789478582474
166 1.004518861356364
167 0.970019676009146
168 1.022440137725425
169 1.005874176489284
170 0.998308916783098
171 1.071604136636274
172 0.939266257819970
173 0.984607156422852
174 0.968146132670481
175 0.980304894721377
176 1.017668447963326
177 0.918646945653318
178 1.033184122903145
179 0.939716258091670
180 1.000147531952500
181 0.989826748718286
182 0.957708768054112
183 1.047588546534875
184 1.056752005288954
185 1.006511374098833
186 1.017510521967318
187 1.015953895276724
188 1.066695824215040
189 0.959855984850174
190 0.930149756522035
191 1.090435078804545
192 1.037034593614315
193 1.020692669576443
194 1.014488933742553
195 1.029502748033874
196 1.025991428154297
197 0.991437449150361
198 0.979371620399789
199 1.048500177666017
200 0.968420443854821
201 0.978513710623216
202 0.999063585043299
203 0.998547828820266
204 0.975905960874755
205 0.997834723850423
206 0.959831786158501
207 0.967671194408400
208 0.980005281222678
209 0.927586326862691
210 1.038532981114613
211 0.991947630443558
212 1.031006375886430
213 1.047723123990831
214 0.981406604609133
215 1.021022872435874
216 0.979353367062312
217 0.961698783328376
218 0.921500195248758
219 0.987990591118348
220 1.041300801557254
221 0.994420258878539
222 0.948790775030411
223 0.990728208772854
224 1.044233937206023
225 0.976864494775695
226 1.024435370176209
227 0.953604381949783
228 1.053038205749730
229 1.001034590675568
230 1.002781962164778
231 0.967628797427743
232 1.024263367181280
233 0.970902828867111
234 0.986662654483336
235 0.990383043942552
236 1.057091853430344
237 0.983924070686120
238 1.032422271846266
239 1.026920430176688
240 1.004623746151843
241 0.976389165795459
242 0.970539243415495
243 1.029913767307157
244 0.991575527104511
245 0.988898608457464
246 0.908314627723331
247 1.040743501203218
248 0.994721467319647
249 0.982704025046962
250 0.974487789484106
251 1.010292900616041
252 1.005847008475043
253 1.003541764919061
254 1.035307668547002
255 0.853667658443252
