0 1024.000000000000000
1 0.003160035037490
2 0.013853527939373
3 0.033085333654582
4 0.049556143870658
5 0.085907013449614
6 0.114100511878690
7 0.153119679607116
8 0.205792150076221
9 0.239900414272291
10 0.291815690451660
11 0.325888470242878
12 0.407239736545591
13 0.445371305621160
14 0.482537755924539
15 0.549585680721194
16 0.597170591863451
17 0.642498357565444
18 0.703053494309056
19 0.725875994381745
20 0.758301285680303
21 0.820218185072833
22 0.857607228517493
23 0.876712553248051
24 0.876261309485887
25 0.912880216875852
26 0.947398354193736
27 0.962340262280183
28 0.976229379468519
29 0.992484356943744
30 0.987476991356044
31 0.994656529759019
32 0.978573012571841
33 0.979485888624476
34 1.000572999274491
35 0.993885952525834
36 0.985815105270629
37 0.996965800379006
38 0.989398625974305
39 1.003860235890019
40 0.979051455487647
41 0.986996282424227
42 0.984417172099461
43 0.979397158085278
44 0.971231624425045
45 0.970555662878715
46 0.983435438406096
47 0.976908022833204
48 0.995445697737687
49 0.977859271746714
50 0.986114254889220
51 0.996786325199262
52 0.978784050544524
53 0.999696779849038
54 0.988341359830024
55 0.976081397016705
56 0.994483722508080
57 0.995598301932290
58 0.988619436010360
59 1.000919100738485
60 1.004426735375576
61 0.995601436588676
62 0.994580911633414
63 1.001420955463596
64 0.990959543939947
65 0.997375572970198
66 1.016089968935050
67 1.008684458055955
68 1.003111674352738
69 1.000828027117181
70 0.997523965996667
71 0.996527006983715
72 0.997482772710718
73 1.006063072153454
74 1.003563836907480
75 0.997142829091313
76 0.998741045143080
77 1.001731829483617
78 0.980414591540139
79 0.999777124790134
80 1.000248825889503
81 0.997260988586612
82 0.989354648378830
83 1.002959907776021
84 0.985791713105519
85 0.994551322292323
86 0.994713558394690
87 0.991299954200787
88 1.001595513958184
89 1.005432539259809
90 1.006503423611133
91 0.992703046568502
92 1.002562242847421
93 0.991972650370471
94 0.998135997684599
95 1.004233840455337
96 1.006385304776396
97 1.002430897931702
98 0.997484119562947
99 1.003765563571565
100 1.000730022567984
101 1.010737651658687
102 1.002398475356575
103 0.994548869118417
104 0.997963163149898
105 0.992568000128704
106 1.010233188037330
107 1.002964624183775
108 0.996295985702981
109 1.001229173495823
110 0.991402264241849
111 0.987129839166229
112 0.995480488448987
113 1.001353963677834
114 1.003829894506352
115 0.994982032833186
116 0.991097372974861
117 0.992570239338750
118 0.996676338623512
119 0.993234008839654
120 1.003253210780426
121 0.997352726413218
122 1.008384390100797
123 0.997889586110559
124 1.002407231645047
125 1.000845337558496
126 0.998100011184508
127 1.002356519292130
128 1.002737887745532
129 1.003013552527172
130 0.991042779374879
131 1.001083372587793
132 1.003129716825285
133 1.001525084732890
134 0.998624061053438
135 0.998601474810673
136 1.004101294948106
137 0.994685296601518
138 0.990477704275058
139 0.997384979263206
140 0.994274129088729
141 0.998065261061961
142 1.003013146727820
143 0.995216273777326
144 1.011623320374868
145 0.995611696448170
146 1.002698677365305
147 0.993408780252760
148 0.997162013139987
149 0.998878649733016
150 1.003620228179773
151 1.005019692614648
152 0.999568000158755
153 1.005250035810602
154 0.998472712832941
155 1.004002145471684
156 1.008196589255543
157 1.002600414457409
158 1.000297227591279
159 0.996551735661436
160 0.991282710398304
161 1.001168106657621
162 1.005118365856212
163 1.000375342868982
164 1.002351609144530
165 0.997500162366216
166 1.001022542313964
167 0.998912536303578
168 1.006236434255630
169 0.993162535922850
170 0.994047647092415
171 0.999299551039852
172 1.005758808131846
173 1.002741579559845
174 0.995903912087301
175 0.994926123676700
176 1.000861394377842
177 0.999221428066982
178 1.001482162651880
179 0.988929561743972
180 0.997624036337970
181 0.997805203034245
182 0.999230029687875
183 1.004301861104472
184 1.007375033010021
185 1.005132947740512
186 0.997438159837641
187 1.000109081047030
188 1.006428237136151
189 0.996116739403944
190 0.999994347510147
191 1.004129106582877
192 0.996498387594899
193 0.995938047186329
194 1.002728231810480
195 0.999410696941127
196 1.004638245386223
197 1.000636088321620
198 0.993661088669623
199 1.000402847725410
200 1.003665273669415
201 0.998331353699159
202 0.999509045984308
203 0.999842861591099
204 0.999506071135490
205 1.002997294713515
206 1.002377794820213
207 0.999577648984373
208 0.996876414519336
209 0.996580460819324
210 0.998768862433483
211 1.002119534667516
212 1.001121470652489
213 1.000486883883587
214 1.003076185766912
215 0.996770969901795
216 0.997980559632388
217 0.991565297952884
218 1.005978633798723
219 0.997712262297234
220 0.994523679922338
221 1.006568219648354
222 0.999923630208601
223 1.003586087005584
224 1.002352973223807
225 1.000583012438005
226 0.993520863612578
227 0.993420686512292
228 1.010237575893406
229 1.000889212313566
230 0.994677133449580
231 0.996811168814433
232 0.995550629166084
233 0.999580009409539
234 0.999427946260535
235 0.999535200910461
236 0.998935114581913
237 1.000469005141611
238 0.999276029610359
239 1.000814099452352
240 1.000016518710162
241 0.997904722052480
242 1.008380065777397
243 0.990716940684207
244 0.999731169387908
245 1.001019501384326
246 0.998816740593940
247 0.999216310172184
248 0.998500754764846
249 0.995864909526741
250 0.998907282948932
251 0.998657149520919
252 0.997870136606472
253 0.997742392603493
254 0.994949961303951
255 0.885870504182207
