0 1024.000000000000000
1 0.003312403615552
2 0.014507032285295
3 0.030430606446212
4 0.048498139547428
5 0.085199790931482
6 0.116054320096343
7 0.153295902729389
8 0.200548836138599
9 0.238592258565877
10 0.289755220324320
11 0.338089085861019
12 0.394980788331011
13 0.442286695711813
14 0.493937737249002
15 0.543447039833516
16 0.601116472315173
17 0.647277465226363
18 0.697697082041276
19 0.727901471038999
20 0.758449300587353
21 0.814950692365686
22 0.847907622906795
23 0.874671440935653
24 0.894234990707019
25 0.919754164403116
26 0.951476982289746
27 0.953785279461618
28 0.967059247945396
29 0.981804103454719
30 0.990836873354984
31 0.986293457473409
32 0.988870906689075
33 1.000701823428565
34 1.007863644408868
35 0.992725406263002
36 0.992633111791624
37 1.001233556270652
38 0.982771688483151
39 0.992313053348697
40 0.986312791243590
41 0.985151300979903
42 0.989643465737005
43 0.985757248151030
44 0.973794069565339
45 0.976718682185547
46 0.978597695054307
47 0.982950451376565
48 0.987528436273344
49 0.981713830559838
50 0.977110929250384
51 0.990974418268912
52 0.981596081700808
53 0.994327741999520
54 0.993797164600793
55 0.994199795625609
56 0.993036431181091
57 0.984433444897188
58 0.992270002952594
59 0.996820431127891
60 0.999489136974684
61 1.001593565522999
62 0.999094287268908
63 0.994039747554021
64 0.992397020371066
65 0.996941255953647
66 1.001407973728576
67 1.004484892108990
68 1.001308774706469
69 0.998211957133248
70 1.006700310315875
71 0.999909482758579
72 0.994908594936528
73 0.998225690990554
74 0.993885575100381
75 0.995308569962714
76 0.994336721491206
77 0.996684997860815
78 0.989857736999632
79 1.000226778287479
80 0.999589950890451
81 1.000033348903440
82 0.989058173023689
83 0.997876864536390
84 0.991513184181671
85 0.992349296190134
86 0.995961447528916
87 1.000329609180994
88 0.998432142807348
89 0.999949417168182
90 0.999951112977697
91 0.996614313348776
92 1.001923834018737
93 1.001937601380375
94 0.997164007289472
95 0.997625643141526
96 1.002503224895143
97 1.002546280893628
98 1.001016246550038
99 0.999256774319774
100 1.001300872733067
101 1.002571841784485
102 0.997279630279375
103 1.001561835962241
104 0.995428883620516
105 0.991015704515048
106 1.004562608982258
107 1.001442651484589
108 0.995270543844260
109 0.998653262141481
110 0.994121306594180
111 1.000170827106186
112 0.995869720296148
113 0.997483188237775
114 0.997654570778865
115 0.998018487019727
116 0.992141458090375
117 0.995763690978342
118 0.999015393663213
119 0.995522423521253
120 1.001454998766656
121 1.003875644091302
122 1.008572473826273
123 0.999606085864097
124 1.002641313825266
125 1.001762313316222
126 0.995622900851174
127 1.002233133880468
128 1.001576533685547
129 0.999041348967052
130 0.993215247803654
131 1.003086122042310
132 0.998006653438411
133 1.003220139185356
134 0.999847762286289
135 1.000483118419629
136 1.003243754005263
137 0.995790319642526
138 0.994881546176158
139 0.997898045889444
140 1.000066942552075
141 0.999573424431329
142 1.001709820130762
143 1.000088188356310
144 1.003428227893284
145 0.997504705245373
146 1.001727237988923
147 0.995971784808803
148 0.996776851612760
149 1.001460632076106
150 1.002309623363651
151 1.001882160213895
152 0.997162082282272
153 1.003403203497264
154 0.998198423353089
155 1.002086340183458
156 0.995132175837867
157 0.998975380896148
158 1.001932772538861
159 0.998189304429231
160 0.994832036189213
161 1.000193822850969
162 1.003829997608037
163 1.005075837142241
164 1.000278952527558
165 1.001717528004794
166 1.000610973703544
167 0.996579222242076
168 1.000543681565153
169 0.995001042596251
170 1.001949854036600
171 1.001679761305307
172 0.998643726970982
173 1.001624619180302
174 0.999551734124697
175 0.998422394078435
176 0.999590063729431
177 0.996027815010142
178 0.998183338594901
179 0.995573227701482
180 0.998215818029124
181 1.000557614156962
182 0.999113837712795
183 1.000182418874246
184 1.002762631015788
185 1.000215935734667
186 0.998923661971126
187 1.000193514865989
188 1.000383250306190
189 0.997558168461425
190 0.999300998498227
191 0.999948099836044
192 0.996303742564297
193 0.995223095084166
194 1.002574225674378
195 1.001095605917626
196 0.999265421432865
197 1.000516076425159
198 0.997012411309786
199 0.999379201168017
200 1.002878355828632
201 1.001075120961947
202 1.000885907626517
203 0.999314524049265
204 1.004286321812448
205 0.998882929262118
206 1.001602950300562
207 0.998591511736510
208 0.995676985208221
209 1.002814700923644
210 0.999756113884530
211 0.999153478691594
212 0.999045384537392
213 1.001250051754423
214 1.002526562427593
215 0.998734026653726
216 1.000899111225620
217 0.997546581303388
218 1.003644746433173
219 0.999759418523948
220 0.998479840875888
221 1.002916348035893
222 0.999899268584610
223 1.000224661605944
224 1.000637251167060
225 1.000149950299411
226 0.997004166199093
227 0.996711055983068
228 1.004080913284225
229 1.000124409875433
230 0.997171415637788
231 0.998997960548213
232 1.000011739360742
233 1.002316372414760
234 0.997585792315992
235 0.999030161512812
236 0.998324220739584
237 1.002511049951574
238 1.002419859689518
239 0.999770403158120
240 0.998823056349216
241 1.000774308829701
242 1.001884822594423
243 0.996570598089922
244 0.999176818941209
245 1.003273589390954
246 0.998990677334718
247 1.002175427609884
248 0.997068324375150
249 1.001798779066422
250 0.998967856102714
251 0.998001207567374
252 0.997352047859264
253 0.996966084296455
254 0.997008869270933
255 0.881722082137270
