0 1024.000000000000000
1 0.003198900524421
2 0.014712726199941
3 0.031119338998672
4 0.048784966916828
5 0.086537635269000
6 0.114554331507700
7 0.154604081129050
8 0.203050944122529
9 0.239066876112660
10 0.291187332089124
11 0.332627967664138
12 0.398287856611571
13 0.440476440215172
14 0.490413450248923
15 0.544633260038349
16 0.604546996036701
17 0.645083597657509
18 0.695645642584239
19 0.727398400813553
20 0.761862861353666
21 0.815176642890243
22 0.847130689318008
23 0.874819702581022
24 0.896333670422855
25 0.919572357738594
26 0.947344455073906
27 0.951627187899460
28 0.965143670066584
29 0.986740881646013
30 0.988074373794691
31 0.988360756271648
32 0.987956975654629
33 0.995132469076265
34 1.008566579356837
35 0.996818412260291
36 0.993528691966680
37 1.000451624423412
38 0.978939998734036
39 0.995740309081749
40 0.983389223268027
41 0.988509660370714
42 0.981563725486032
43 0.984574245208749
44 0.977270270627836
45 0.980855970795492
46 0.980614191771149
47 0.978178079384425
48 0.987029324234611
49 0.976054512736615
50 0.979316875807264
51 0.989779891300873
52 0.980261705679066
53 0.996031520157724
54 0.987495143715116
55 0.992156586056796
56 0.992901918081971
57 0.988930836127916
58 0.992160443737980
59 0.997933587548184
60 0.998308633258198
61 0.995541021480359
62 1.000341581352310
63 0.998643329375938
64 0.989972053429355
65 1.000758651994979
66 1.006168553837209
67 1.008218646275145
68 1.003237163150380
69 0.997631083273080
70 1.001088988329748
71 0.997042057721739
72 0.994048382857318
73 1.002214794937558
74 0.997937383816298
75 0.993386768096380
76 0.994252671782333
77 0.994847583067505
78 0.988135665066787
79 1.000364975611398
80 1.002306182421177
81 1.002583727190148
82 0.989274568173396
83 0.997173976561576
84 0.992693612579525
85 0.996398156488914
86 0.992741425194059
87 0.997606970955214
88 0.996883859407483
89 1.001829078346213
90 0.998790482185483
91 0.996775592997019
92 1.000301944690899
93 0.995919685464395
94 0.997027170779071
95 1.002284487962342
96 1.005150726198087
97 1.004361388909994
98 0.998128606093970
99 1.000786958928974
100 1.001468192984541
101 1.005161204915938
102 0.998341533334477
103 1.001968672421787
104 0.996022459861003
105 0.992675747222709
106 1.004653385206180
107 1.004234207127680
108 0.991129565984673
109 0.998068098601861
110 0.996917443911278
111 0.997943253783007
112 0.996680012715722
113 0.997785537957988
114 1.001341452153311
115 0.997006762538217
116 0.989829694412293
117 0.994762855490975
118 0.995366523432587
119 0.990567366963735
120 1.000419833171499
121 1.002067711497226
122 1.010087825877393
123 1.001676906673239
124 1.004263903884374
125 1.002287221549118
126 0.997583198933049
127 1.003943954911233
128 1.003574344793973
129 0.999571707492944
130 0.991592560750812
131 1.001331821202717
132 0.997342740090047
133 1.000986455161823
134 0.998173630620061
135 0.998977482879351
136 1.002653771204477
137 0.992494753723753
138 0.993021498823336
139 1.000878115836967
140 0.999984962784356
141 0.998469239680101
142 1.002564687250378
143 0.998915042162694
144 1.006103489210506
145 0.994991354047590
146 1.002800204132412
147 0.995873168824315
148 0.995951280369718
149 1.002960373224386
150 1.000231001813906
151 1.002984517789164
152 0.999526973199407
153 1.002847192271835
154 0.998582320975588
155 1.001480030228064
156 0.995450246577258
157 1.002224963748108
158 1.000290480247774
159 0.997310115560234
160 0.998319958328559
161 1.003337436578801
162 1.003329353916078
163 1.004033842485609
164 1.000696169357765
165 1.001034643323921
166 1.000764395247333
167 0.998480109851883
168 1.004033994586685
169 0.993259419221282
170 0.999011058408641
171 1.002570308104165
172 0.998837999045543
173 1.002669642418765
174 0.995995638835647
175 0.996574085124085
176 0.998897752777749
177 0.996480120899251
178 0.997209327357997
179 0.993939338864806
180 0.999229074194825
181 1.001553655677022
182 1.000153890218379
183 0.999559738493471
184 1.002815887933447
185 1.000860913362173
186 0.997076494217913
187 0.998325310090287
188 1.000731674249368
189 0.995949658539472
190 0.999392415779755
191 0.999486651284345
192 0.995108000092843
193 0.995112182058751
194 1.003941798836229
195 1.000970280218504
196 1.001308474137971
197 0.998828721732993
198 0.997686193831538
199 0.999572756338502
200 1.004622243777660
201 1.002196378563560
202 0.999352657286284
203 1.000145767135572
204 1.004711500651027
205 1.002303605775206
206 1.005020035806762
207 0.999043556451172
208 0.995938095834868
209 1.000692886873588
210 0.999085780281012
211 1.001538200510933
212 0.997822894397235
213 1.001462960644715
214 1.002005344458221
215 0.998184621100342
216 0.999978579147178
217 0.997552523401004
218 1.004904720102644
219 0.998626794527037
220 0.995989304396764
221 1.001286615933587
222 1.000026901771836
223 0.999827972138579
224 1.002324213952462
225 0.998606516976810
226 0.997279495178818
227 0.995833833731887
228 1.004994703722609
229 1.000212880054008
230 0.996015429338543
231 0.999879070376865
232 0.998664167376769
233 1.001048419043170
234 0.996762941430084
235 1.000095167092913
236 0.998635323065463
237 1.002140037762131
238 1.001136021369922
239 0.999623118321234
240 0.997917425837712
241 1.001334356483939
242 1.000979976430091
243 0.994394118250458
244 0.999636669467192
245 1.003857565725345
246 0.997361233914175
247 1.001208175888746
248 0.996992537579659
249 1.001295752989668
250 1.000566191390292
251 0.999716405384299
252 0.999332778962185
253 0.997504523527061
254 0.996030145604882
255 0.881744432667652
