0 1024.000000000000000
1 0.003297826012645
2 0.014840311921441
3 0.030438182074429
4 0.048796021864191
5 0.084827693629137
6 0.114097298887261
7 0.151743860105675
8 0.197164918607598
9 0.238518997651075
10 0.291245514322930
11 0.338936093660669
12 0.390864729731715
13 0.441959649467562
14 0.497132275094566
15 0.545226128540385
16 0.593766137073077
17 0.648524086093266
18 0.696868817192506
19 0.726575577587258
20 0.763591300236946
21 0.813908795487821
22 0.848096417604932
23 0.872757396813728
24 0.897898104394059
25 0.921750234350855
26 0.945980223410457
27 0.949086653511133
28 0.965664450502121
29 0.984441346799733
30 0.990014629657867
31 0.985796118007963
32 0.996280324815528
33 0.999213446212838
34 1.001679843240828
35 0.995775858483407
36 0.993568842558264
37 0.998518098862389
38 0.984189960462600
39 0.992741289499868
40 0.986075428539099
41 0.986133362850464
42 0.984693434468746
43 0.987084755567904
44 0.977695189866215
45 0.978594757574083
46 0.978124582908057
47 0.984049574772245
48 0.988378310508017
49 0.985210343655108
50 0.982666160142731
51 0.991267518483685
52 0.982738814448419
53 0.990894297722135
54 0.989499489818526
55 0.991930407621877
56 0.992270637276427
57 0.985140956870231
58 0.993538623924919
59 0.995910509060854
60 0.997305503523216
61 1.002173636633621
62 1.000526704310003
63 0.995388149331574
64 0.993493645100259
65 0.997098628160369
66 1.000759890843018
67 1.003646387300480
68 1.003395618327715
69 0.997651389468008
70 1.003936294174750
71 0.999754310127275
72 0.994228883913378
73 0.995921083989198
74 0.994581742215501
75 0.997433039724350
76 0.992664268256072
77 0.994386670563350
78 0.992606396425556
79 0.999161709018894
80 0.998432671505703
81 0.997927568615894
82 0.990048933279220
83 0.998006174118084
84 0.992285032125159
85 0.994717254968238
86 0.994269270520272
87 1.000598090140523
88 0.998050610238775
89 1.000278993994653
90 1.001056870468951
91 0.996874439059429
92 1.000736967800599
93 1.002699934407597
94 0.997632590329280
95 0.998498562094855
96 1.003073784153785
97 1.001124489627683
98 1.000736716336793
99 0.999902791353021
100 1.002467881921551
101 1.002066008930687
102 0.997739292080657
103 0.999218105467243
104 0.995874103658372
105 0.991213454990001
106 1.002340606522596
107 1.001013249556866
108 0.994647389065963
109 1.001460467844296
110 0.996170769587378
111 1.000747167719649
112 0.996723302099643
113 0.997185171579149
114 0.999200209950498
115 0.998448516445598
116 0.995850426623515
117 0.997085269830500
118 0.998685941520405
119 0.998810047984810
120 0.998994171257742
121 1.002815943577894
122 1.005936419484639
123 0.998493133690874
124 1.002951057432165
125 1.002042556943224
126 0.993927773320412
127 1.001281360797009
128 1.000926643560610
129 1.000340029012782
130 0.995153428645993
131 1.001871168979300
132 0.998704435898693
133 1.002800662893248
134 1.001262856910900
135 1.001204680654291
136 0.998522751549106
137 0.997080370780540
138 0.997108706806612
139 0.995203871602260
140 1.000804640142862
141 1.000348952576094
142 1.003142692030175
143 0.995696134136290
144 1.000457561104786
145 0.998373026072864
146 1.000687233117900
147 0.996210407576127
148 0.997745251803441
149 1.001465144882519
150 1.000520900267222
151 1.000118150130254
152 0.999347971452883
153 1.001412255086293
154 0.998472488363728
155 0.999534245408026
156 0.997309598407369
157 0.997381059978629
158 1.001437669361448
159 0.998983266071584
160 0.995119364414564
161 1.000580256482898
162 1.002532205675927
163 1.003464627308295
164 1.001418003006098
165 1.002010663268900
166 1.002681513495933
167 0.996168082241267
168 1.003605634397898
169 0.996975812714567
170 1.002072380692770
171 1.001248927561545
172 0.998378985812912
173 1.001190612691241
174 0.999106583100175
175 0.998857996864751
176 0.999383064720078
177 0.996249590004802
178 0.998016790219864
179 0.995379793271721
180 1.000272515683909
181 0.999872725922888
182 1.002399159949381
183 1.000932543098853
184 1.003004917814833
185 1.000233787555135
186 0.999002479090187
187 1.000527460337803
188 1.001391333444438
189 0.998145410364639
190 0.999356063838615
191 0.998487267909321
192 0.996576915915313
193 0.995781538927075
194 1.001265157636070
195 1.000632729944300
196 0.998339343830922
197 0.999965457011483
198 0.996273937634645
199 0.999712734771185
200 1.002571884454191
201 1.000906168696180
202 1.000467856205769
203 0.999843979284788
204 1.003026764998147
205 0.998526731744654
206 1.000941828912983
207 0.997081337856334
208 0.996161814537432
209 1.002886970598168
210 1.000818955177618
211 0.999986178893620
212 0.999811714023752
213 1.000122670764749
214 1.001594063689330
215 0.998551437665819
216 1.002366277494990
217 0.998373172852151
218 1.002953561737433
219 0.999742275193233
220 0.998124391063087
221 1.003040261587339
222 1.000301940204564
223 0.999233694657602
224 0.999658547311020
225 1.000507689001443
226 0.998278157414358
227 0.998783382922152
228 1.003276467668253
229 0.999431959840168
230 0.996824889787063
231 0.999266393629778
232 1.000399488817608
233 1.001555360768008
234 0.997580257185898
235 0.999566003665191
236 0.999440995645594
237 1.001607388766820
238 1.001035973346106
239 1.000053842157059
240 0.998395819301657
241 0.999806813034902
242 1.000155241562222
243 0.997105548826960
244 0.998835869029337
245 1.002561893929240
246 0.999527758605441
247 1.002644024865483
248 0.998968514182831
249 1.001487415790786
250 0.997856708385682
251 0.999438395143802
252 0.997470669767616
253 0.997661217819192
254 0.996464671213118
255 0.875082996115938
