0 1024.000000000000000
1 0.003274187762080
2 0.014529096384317
3 0.030316753549357
4 0.049010031004986
5 0.083864811146575
6 0.113451812973004
7 0.152981345386788
8 0.198174144924415
9 0.239378073101441
10 0.287484410817727
11 0.336748201758911
12 0.390977993036076
13 0.445505259730313
14 0.498829236989381
15 0.544567552937835
16 0.594888754813975
17 0.649405919521530
18 0.694600118018685
19 0.734235583852969
20 0.766082605656572
21 0.811159091438213
22 0.843132850617346
23 0.868072349863427
24 0.900411488431554
25 0.922260439363306
26 0.945556393276539
27 0.949791223601382
28 0.965832953216977
29 0.980481523582318
30 0.988929579539304
31 0.987222942053617
32 0.993703504252134
33 0.999632427671584
34 0.999734810371282
35 0.995040760226266
36 0.988922944026449
37 0.995076192382058
38 0.985974612638395
39 0.991797630281129
40 0.987076067965270
41 0.987976846511946
42 0.986041854633624
43 0.981849878484921
44 0.979418811136102
45 0.977699483237151
46 0.980182823917945
47 0.980160991884570
48 0.984263197478699
49 0.983324037874789
50 0.982387015258470
51 0.987445497585359
52 0.986288683162335
53 0.989421513806711
54 0.990446295922607
55 0.993493012064206
56 0.990480554187058
57 0.992070904826000
58 0.995437027026229
59 0.995351937393968
60 0.999689599259838
61 1.001819456711373
62 0.998871845670924
63 0.995422193793317
64 0.999398722054553
65 1.000587790908517
66 1.000827986448600
67 0.999921941431718
68 1.002037866381457
69 0.998436089343196
70 0.996093304121868
71 0.998316362819143
72 0.996044466217688
73 0.995808309645187
74 0.996686605242231
75 0.996773572539362
76 0.992313075769799
77 0.993986460268870
78 0.995632127853417
79 0.999448768559328
80 0.996922478524844
81 0.994939298937953
82 0.994364241880702
83 0.996639072999984
84 0.994430798299873
85 0.996108504501180
86 0.995546548347877
87 0.998255438915687
88 0.998349645976247
89 1.000489883096293
90 1.001563347990776
91 0.997791432799857
92 1.001259174355936
93 1.000678937814025
94 0.996239552112862
95 0.997687020736724
96 1.002207418152015
97 1.001529292362338
98 0.999088023080789
99 0.999967390992656
100 1.001298002336964
101 1.001637712531967
102 0.999376678731896
103 0.996198541985083
104 0.998520270860487
105 0.996288413160659
106 1.002049833006592
107 0.998240049028575
108 0.997625257236940
109 0.998632280784094
110 0.997382423941471
111 1.001602220725621
112 0.998020859983613
113 1.001284929431825
114 0.997606891071885
115 0.997453655988965
116 0.996616994225311
117 0.995321616797786
118 0.999116242880453
119 0.997884255567683
120 0.999008647276247
121 1.000510571177890
122 1.000764160218985
123 1.001863587030208
124 1.002368051652690
125 1.000426261512007
126 0.996763929759229
127 0.999926839651008
128 0.998651354867679
129 1.001269822571597
130 0.996628673044771
131 1.001250177293638
132 0.999317107033498
133 1.000323101627260
134 0.998288213971313
135 1.002130565437273
136 0.998437444517994
137 1.000222112303635
138 0.999626621921468
139 0.997449363003797
140 0.999296302310957
141 0.998510327072422
142 1.000625737847493
143 0.998034308539994
144 1.000413231470702
145 1.000201576401162
146 0.999574525009281
147 0.997367304407657
148 1.000568764368351
149 0.999644622424529
150 0.999551449830886
151 0.998790316424749
152 0.998038223837148
153 1.002670855544832
154 0.999373405181033
155 0.999936522132602
156 0.998601075816565
157 0.998075863809526
158 0.999827957369206
159 0.999086583380659
160 0.998560116751564
161 0.999252478068758
162 1.000642225411171
163 1.001427681964248
164 1.000901092459303
165 1.002970504738874
166 1.003639303509956
167 0.998582626743902
168 1.000735088708128
169 0.997871292830332
170 1.000850794391954
171 0.999977093077984
172 0.998953607245521
173 1.001327140569453
174 0.999790404322588
175 0.999746804197170
176 0.998280909600853
177 0.997321916973391
178 0.999709964823028
179 0.998433837596355
180 1.001361868797421
181 0.998338528785176
182 1.000567727955003
183 0.999481113884691
184 0.998810692699339
185 1.001012593636114
186 0.999061659224578
187 1.001810488366150
188 1.000722022707089
189 1.000261930320310
190 0.998074570659386
191 1.000108690709428
192 0.999623993337105
193 0.998800525512284
194 1.000397110960064
195 1.000767327588097
196 0.999699613768630
197 0.998684886328230
198 0.998161390943739
199 1.001010509608473
200 0.997680159525828
201 1.000199398789680
202 1.001009918413143
203 0.999035545073611
204 1.001915013930627
205 0.999858825861957
206 1.000081959186151
207 0.999333275454782
208 0.997406413705469
209 1.001577251435764
210 1.001277792039429
211 0.999510862673596
212 0.998701332300994
213 1.000000989426260
214 0.999824737620781
215 0.998985924794664
216 1.000807774957936
217 0.999469364692325
218 1.001048422332737
219 0.999648899113380
220 1.000220841774159
221 1.000555277852386
222 1.000081401862328
223 0.999091410669018
224 1.000436984724468
225 1.000985501627826
226 1.000532776700047
227 0.999745720949892
228 1.000887064020844
229 0.998293642256926
230 0.998494549172324
231 0.999572241485515
232 0.998228548322240
233 1.001386169089368
234 0.999623949120893
235 1.000961648357382
236 1.000562138897833
237 0.999423960394379
238 1.001353967412308
239 1.001894264403232
240 0.999096576437126
241 0.999090044115843
242 0.999523452941283
243 0.999114730325744
244 0.998203480465279
245 1.000741237718301
246 1.000087371983460
247 1.001127729159236
248 0.999317642980389
249 1.000911327519215
250 0.998665830150677
251 1.000142610484757
252 0.998112566919517
253 0.999108657966558
254 0.998117901765985
255 0.879792929390572
