0 1024.000000000000000
1 0.003249515379276
2 0.014777092302782
3 0.030205152197097
4 0.048962571875135
5 0.084349674973831
6 0.114039783507368
7 0.152468476339378
8 0.197725310226931
9 0.239446211173969
10 0.289831660916053
11 0.339307667499510
12 0.389646236786306
13 0.442688742546732
14 0.498448284118887
15 0.544808271565143
16 0.593934527557386
17 0.648396702868312
18 0.695950152027662
19 0.731347394981579
20 0.765449843317295
21 0.809620044973996
22 0.844921439193341
23 0.868315849216573
24 0.903634502230691
25 0.922270242213052
26 0.944545167128371
27 0.951229072807478
28 0.965913878253393
29 0.983500793340760
30 0.985441563530152
31 0.987779375436342
32 0.994759601527434
33 1.000329580277404
34 1.001366373165358
35 0.993466083336042
36 0.992110430638145
37 0.997168534659262
38 0.984680635394868
39 0.991612122992977
40 0.989312326787746
41 0.986738642181995
42 0.983245811748290
43 0.985829505784827
44 0.977504997875463
45 0.979110660012703
46 0.980422028923582
47 0.982052309303108
48 0.986036393375620
49 0.983019024529869
50 0.981555168334088
51 0.989315130748754
52 0.985745104392027
53 0.990207443001717
54 0.989278124754532
55 0.992212825757083
56 0.990212107108026
57 0.988771893232825
58 0.995511349394543
59 0.994588508562723
60 0.996920514321199
61 1.000880663874497
62 1.000350441096306
63 0.994103378874051
64 0.997178906587499
65 1.000038070249067
66 1.001832134619923
67 1.001554214504400
68 1.002611675491024
69 0.996662960756889
70 0.999375457752671
71 1.001349482313899
72 0.995068446156992
73 0.995701784552225
74 0.996033445627545
75 0.998937965220095
76 0.991113360632548
77 0.993398700712705
78 0.993719029666912
79 0.999547929911190
80 0.998482199827168
81 0.995631124473420
82 0.991314662916924
83 0.995817182632426
84 0.994039430738253
85 0.995751843295446
86 0.995299410702122
87 1.000085679979071
88 0.998540222941525
89 1.000707944290161
90 1.002193900553324
91 0.996075693555174
92 1.002649192960626
93 1.004212669756417
94 0.995411743091664
95 1.000337260732591
96 1.002804447037261
97 1.001069184420115
98 0.999936155530160
99 0.998364532968670
100 1.002316532750711
101 1.001993070423511
102 0.998687333792189
103 0.996718111763855
104 0.996600232955446
105 0.990789401304534
106 1.001948485258538
107 0.999425453143822
108 0.995155392063172
109 1.001149967877829
110 0.996928762312847
111 1.002203476894501
112 0.996566209429729
113 0.999206474061010
114 0.998842670617358
115 0.998817994319794
116 0.995917976283518
117 0.994448778776478
118 0.998526985515082
119 0.999162118849266
120 0.998059876004185
121 1.002166762214113
122 1.003849952121237
123 1.000548388347397
124 1.004018118997638
125 1.001744785195136
126 0.994869817344071
127 1.000455560905884
128 0.999788473158797
129 1.001885169153856
130 0.996533383406181
131 1.001678069939671
132 0.998033496837544
133 1.001202094217419
134 0.999318693215302
135 1.000881325898601
136 0.998795721683011
137 0.998627943510174
138 0.997944602116429
139 0.995384887195492
140 1.000274234722244
141 0.999134865729962
142 1.002512090879364
143 0.997037904771427
144 0.999962194371029
145 0.998700531921521
146 1.001138721626884
147 0.997143162041854
148 0.999533477336270
149 1.001655604793212
150 1.000139077328326
151 0.999721351132234
152 1.000559339131431
153 1.000855090757365
154 0.999646356464622
155 0.998856796803427
156 0.996243110361049
157 0.997318393897071
158 1.000775868498550
159 0.999852886965548
160 0.996450624492533
161 0.998881391145581
162 1.002594673295636
163 1.003688434462429
164 1.001585284434474
165 1.004021219843901
166 1.001556717088479
167 0.997414002140358
168 1.001365223212480
169 0.998210643142567
170 0.999357823498348
171 1.000642969020366
172 1.000459386386431
173 1.001875333543689
174 0.998023690607816
175 0.998736617792942
176 0.999122053774213
177 0.995898238801103
178 1.000198590590818
179 0.996734345946923
180 1.001350585263301
181 0.998729385490297
182 1.001323769819064
183 1.000203385510421
184 1.000730653077375
185 1.000012652135547
186 0.999474402110515
187 1.002056381563883
188 1.000946409540066
189 0.998868695841115
190 0.999625434289390
191 0.998719731016051
192 0.998535953428154
193 0.996872120423106
194 1.001235867570992
195 1.001709931454380
196 0.998449066060731
197 0.998387182926118
198 0.997131169936179
199 1.000712577500045
200 1.001651911516922
201 1.000238370522913
202 0.999498106196814
203 0.999822389862308
204 1.001479052925560
205 0.999289088271105
206 0.999668364133830
207 0.998616050697563
208 0.997453921959923
209 1.001882891822187
210 1.001530431407764
211 0.999498939035700
212 1.000103299466278
213 1.000583328037284
214 1.000418351370777
215 0.997757432594077
216 1.001233710410781
217 0.998733085728917
218 1.001926606520559
219 1.000164930016030
220 0.997860293392927
221 1.002303823125864
222 0.999544535402697
223 0.999250503768933
224 0.998390976724434
225 1.001044048089672
226 0.998956746548369
227 1.000174893058918
228 1.002809437786575
229 0.999037253377155
230 0.997701661723479
231 0.998091137439929
232 1.000197990137163
233 1.002897518157291
234 0.998595322937605
235 0.999925992664549
236 1.000105228513185
237 1.001089532673589
238 1.000866958128410
239 1.000020518627912
240 0.999580596334265
241 0.999229558201126
242 1.000744247264830
243 0.998380754862397
244 0.997174258883538
245 1.001686905071438
246 0.999732348389216
247 1.002025899017370
248 1.000051888525012
249 1.001450858534221
250 0.998919417231151
251 0.999539988541469
252 0.997552064556809
253 0.998370633663489
254 0.997077134493520
255 0.872812799130179
