0 1024.000000000000000
1 0.004969433533782
2 0.017959972038686
3 0.035306372533012
4 0.056613356625077
5 0.085958761823021
6 0.119880373068477
7 0.160200662181075
8 0.204431207968085
9 0.250953701707047
10 0.294716699129395
11 0.345893898662834
12 0.398167668360397
13 0.453395856344606
14 0.506891692242558
15 0.563981953981912
16 0.596690364719865
17 0.651614785721273
18 0.695205324436622
19 0.735409752857445
20 0.776478092808692
21 0.819200215694426
22 0.843841086325415
23 0.874005495909488
24 0.903602346806933
25 0.922426458376247
26 0.940762630684688
27 0.955227381552101
28 0.965027549451766
29 0.987108076198929
30 0.991883581003712
31 0.989089683502712
32 0.998566152456479
33 0.989253527854689
34 0.999938883739788
35 0.989626156877345
36 0.998000531098531
37 0.988763681501108
38 0.991516772165670
39 0.992577395688011
40 0.985102824427564
41 0.982347361964575
42 0.978138542895788
43 0.983241007596625
44 0.985038679771513
45 0.978594872220597
46 0.982541765478319
47 0.988078254369925
48 0.987440717280818
49 0.987064667352677
50 0.984279875508017
51 0.992677983739856
52 0.987305081699573
53 0.989894501189615
54 0.988394839930750
55 0.987976984391780
56 0.993505449663658
57 0.994166087013529
58 0.995860004384668
59 0.993715751230988
60 0.998534777935698
61 0.997229051011985
62 1.007232420934368
63 1.001974156152849
64 1.000045184463307
65 1.000782709813709
66 0.992678879714096
67 1.001662580556089
68 1.000011698715529
69 0.995354020803705
70 0.993439366302722
71 0.995804537051997
72 0.997921167725437
73 0.997551947239851
74 0.994581988215665
75 0.996141247818936
76 0.998343655281961
77 0.990808051108865
78 1.002822742734038
79 0.994535705373430
80 0.990579678918170
81 0.995978025672692
82 0.999503170123532
83 1.000322900454691
84 0.997427468173747
85 0.996039010715178
86 1.000614870408846
87 0.997366978816608
88 0.998904720523279
89 1.000279108930190
90 0.998554936206753
91 0.998424037458753
92 1.002140795339477
93 0.999939774748421
94 0.997666799726646
95 0.996952511933554
96 0.999221841477071
97 1.001038441206846
98 0.995611270532813
99 0.999327537178384
100 1.002504388351235
101 0.996135313681385
102 0.996621019797312
103 1.000511614315146
104 0.999505693668149
105 0.999238875057551
106 1.001290465996460
107 0.995122941929590
108 0.997527844007762
109 0.997448995025417
110 0.995721766899087
111 0.996325020777939
112 0.996167230331951
113 1.001386500481006
114 0.998889486111659
115 0.995642917501208
116 0.994473611770659
117 0.996207484240343
118 1.001165746902064
119 0.995983111142220
120 0.992138477912651
121 1.001793889593409
122 1.000605060860466
123 0.997193951140200
124 0.998966238217617
125 0.998397506370533
126 1.000185908537038
127 1.003823056954047
128 1.003742951260211
129 1.004634507426764
130 0.999532428737625
131 1.003732233479777
132 0.996436708968902
133 1.001620029526316
134 0.999864073463849
135 0.997420915675340
136 0.996701346064444
137 0.998408561648777
138 1.002147451986591
139 1.001967670117216
140 0.999904660483353
141 0.998625501648873
142 0.996852717753486
143 0.994637642779499
144 1.002852511903771
145 0.998137533936438
146 0.999944060772566
147 1.000358192581126
148 0.997365456495598
149 1.008199955069377
150 1.000064975853789
151 0.997714261731583
152 1.003433509354229
153 0.998724374637072
154 0.999540524533114
155 0.992184375700353
156 1.000255817020123
157 1.000967909613036
158 0.996455881341853
159 0.999110204765149
160 1.001104159766725
161 1.000944748359674
162 1.000303976908781
163 0.999174596339787
164 0.999144582639277
165 1.000505533968603
166 1.002297454403074
167 0.996558442729251
168 1.005121826417128
169 0.996287102399351
170 0.998722513027870
171 1.004119365116909
172 1.000997236135858
173 1.001625274467038
174 0.996469778283267
175 0.999128494692831
176 1.001148241582568
177 1.000579295509563
178 0.999849821554212
179 0.998277004800653
180 0.998913056497374
181 0.998388218198993
182 0.998750274439896
183 1.002288099058640
184 0.998361310241016
185 1.000439843102144
186 1.000537992336128
187 0.999907550868354
188 0.998511547630029
189 0.996991415317974
190 0.996720552003248
191 1.003182421736384
192 0.998328909571171
193 1.000012411284677
194 0.998961197455297
195 1.001666601762566
196 1.001012715659597
197 0.998328051744211
198 1.000534431828902
199 0.999955675882664
200 1.004567050946163
201 0.999647022310804
202 1.000166157972225
203 0.999768905016618
204 0.999826773504729
205 1.000595097544675
206 0.999604526376824
207 1.004980484056169
208 0.997650635345063
209 1.003507146494155
210 0.995767412563951
211 1.001972422432443
212 0.996741175499579
213 0.997348602127720
214 1.003234083153718
215 0.999360857308627
216 1.000226444463259
217 1.001871584709476
218 1.000595632485434
219 0.998008438446584
220 1.000469137756113
221 1.000664560398068
222 1.005796215438704
223 1.005433157255819
224 0.998368603285103
225 0.999513475078471
226 0.997067573143619
227 0.997039015185067
228 0.999857434256240
229 1.003176807402001
230 1.001715541207857
231 0.999208484087731
232 0.997595344144143
233 0.997462058801578
234 0.997130925796956
235 0.999442211252404
236 0.997516098263835
237 0.998042590095552
238 1.001512455512370
239 0.995801007295356
240 0.998725791845156
241 0.998277781706910
242 0.994950017578578
243 0.996335469504640
244 1.004948241495548
245 1.000970083639986
246 1.002520835369547
247 0.999173142008043
248 1.000539798984379
249 1.003795302223887
250 0.999465662955442
251 1.002338734369445
252 1.002471376734897
253 0.997496386893598
254 0.999171303886992
255 0.989105275369004
