0 1024.000000000000000
1 0.004848617780459
2 0.017951880792301
3 0.034771915043038
4 0.056917554433683
5 0.086550573557931
6 0.120341233181745
7 0.161197425356487
8 0.204306398080925
9 0.251404515480946
10 0.293964094424390
11 0.347644025472264
12 0.397593788731970
13 0.454948993192624
14 0.505278849253003
15 0.560037045496718
16 0.603399386492516
17 0.650695068229621
18 0.694237251662796
19 0.733334842551657
20 0.774481800954558
21 0.817098098349920
22 0.842310668593049
23 0.877603651935323
24 0.902678664292954
25 0.920679540753509
26 0.934889073095372
27 0.955099037512337
28 0.964844889571417
29 0.982539212044873
30 0.993547607252071
31 0.990610264525417
32 0.997283976225806
33 0.992326741667807
34 1.001083158869551
35 0.992956322109679
36 0.996016557522207
37 0.990360350583827
38 0.992416395213920
39 0.991977431923649
40 0.985113600699958
41 0.984505731294625
42 0.976707688670957
43 0.984810680394245
44 0.980284012486045
45 0.979870209666826
46 0.983928757290079
47 0.987983299656502
48 0.989650598418965
49 0.988108620570659
50 0.987597908123300
51 0.992455474988568
52 0.986316135897537
53 0.987460497777364
54 0.987260968628888
55 0.989360095195027
56 0.994052130321539
57 0.993900594033668
58 0.994069828124651
59 0.999153621644223
60 0.997163289401125
61 0.996121319302826
62 1.005039570715848
63 1.003939813116150
64 0.998767045453559
65 1.000994617501119
66 0.992667403687059
67 1.002945880596476
68 0.999791773194863
69 0.994715926949695
70 0.993257724963744
71 0.994260020399714
72 0.998873284998880
73 0.997542847860133
74 0.995044885714503
75 0.993707843108294
76 0.995647743169733
77 0.992797628588640
78 1.000834439698213
79 0.994592530286883
80 0.993012963197402
81 0.992989001982739
82 0.997913851861184
83 0.999483892371673
84 0.999669120282289
85 0.998371645757921
86 1.000601667488473
87 0.997560109149305
88 0.997534025226826
89 0.999920484058334
90 0.999380746751218
91 0.999432440240120
92 1.001040786735890
93 1.000386789303226
94 0.999321548686177
95 0.994227421610312
96 1.000981863304246
97 1.000123719933308
98 0.997388736070091
99 1.001520828797490
100 1.000456825065535
101 0.995790279307778
102 0.997419417032015
103 1.000524310822828
104 0.999177106179423
105 1.000891054217940
106 1.002186732807132
107 0.996238898799550
108 0.998084928079695
109 0.997558727778230
110 0.996738616216436
111 0.995039170847475
112 0.997813316017340
113 1.000780386457324
114 0.997764830937727
115 0.996333888889777
116 0.995704253757761
117 0.995367290624138
118 0.998954919887023
119 0.996041532618570
120 0.994821583874256
121 1.002945040829762
122 1.000135517009664
123 0.997220864818909
124 0.999117819034072
125 0.997111141240352
126 1.001430315547226
127 1.002994840574750
128 1.003630831521087
129 1.002929056967840
130 1.001757480638135
131 1.000437349059314
132 0.996878664044475
133 1.002052438062812
134 0.999544087547860
135 0.997159936640896
136 0.997202481239183
137 0.999657064698793
138 1.001928471521445
139 0.999306348205020
140 0.999294348533645
141 0.999122017498218
142 0.997695430906172
143 0.993678035209188
144 1.004328849796530
145 1.001619314221395
146 0.999834458470814
147 0.999432451166469
148 0.996120900709125
149 1.006082017097152
150 0.999653407862170
151 0.998761296589136
152 1.002401024459129
153 0.999300841185142
154 0.997971618675044
155 0.993980311381890
156 0.998619534604954
157 1.002639375640992
158 0.995419249230946
159 1.000814413797599
160 0.999006785465005
161 0.999701104618588
162 0.999226021145124
163 0.999534226081316
164 0.998880187617495
165 1.001951320368769
166 1.002697887090366
167 0.997308826865087
168 1.003603433140841
169 0.996543476316271
170 1.001415425057631
171 1.003660596258847
172 1.003319891875076
173 1.002473881597014
174 0.996599638204449
175 1.001058954655188
176 1.000355487443779
177 0.999898408892811
178 0.999461912660988
179 0.997694116564231
180 0.999164900057613
181 0.999306401369416
182 0.998064180064087
183 1.000508837819160
184 0.996915629110603
185 1.001514221814697
186 1.000289033821453
187 0.999430752766600
188 0.999280624665449
189 0.997800919145915
190 0.996504627792272
191 1.002644520632477
192 0.998564848217782
193 1.000881827039060
194 0.999969740271025
195 1.001991829542860
196 1.000692949545113
197 0.999015792100174
198 1.001365620609005
199 0.998569975526110
200 1.004238167950785
201 0.999135172921485
202 1.000231699958269
203 0.998467541404667
204 0.999947785921852
205 1.000071638402411
206 0.999077112263936
207 1.003039179441596
208 0.997526790544798
209 1.000253743788786
210 0.996061418292553
211 1.001334595978719
212 0.998286089030617
213 0.997155805782479
214 1.002840014425366
215 0.999332057824663
216 0.999221401143834
217 1.001432325024964
218 1.001307031187343
219 0.998626872175927
220 0.999233109842097
221 1.002745601448977
222 1.003882017006695
223 1.004301933879794
224 0.998896965805289
225 0.999441844548937
226 0.999187263185123
227 0.996498543212837
228 1.001488660799210
229 1.002400513822056
230 1.000473364804825
231 0.999713706591158
232 0.997392026326359
233 0.998339685226547
234 0.996862439417612
235 0.998255015772649
236 0.999185888127024
237 0.998613426254447
238 1.001358228659494
239 0.997529889376862
240 0.999699918120240
241 0.998010659306120
242 0.996045687410286
243 0.996417919057544
244 1.001901651885401
245 1.000253949007708
246 1.000246546823398
247 1.000251366515537
248 0.999764471413187
249 1.003534922219480
250 0.999694135217812
251 1.001632025515314
252 1.002133078417611
253 0.996947412279544
254 0.998975845884474
255 0.992401555310439
