0 1024.000000000000000
1 0.004848474275037
2 0.017956293290705
3 0.035324074079478
4 0.056210510449912
5 0.085326443244190
6 0.121068800490978
7 0.159311774502033
8 0.202817023323405
9 0.251778757745659
10 0.293526227556892
11 0.344289344089696
12 0.398476754179394
13 0.455257547036885
14 0.513100988356334
15 0.564796381526877
16 0.606613939089915
17 0.653363547056888
18 0.695215286126212
19 0.732562668080309
20 0.778305501821045
21 0.816117025361890
22 0.839829793615836
23 0.877296332486919
24 0.898688081385642
25 0.929030812781244
26 0.939991116215765
27 0.955486723980327
28 0.964815033841597
29 0.992403713313251
30 0.993515657571123
31 0.987302986781121
32 0.998909374591284
33 0.989698747291676
34 1.000346930571123
35 0.993260980662341
36 0.995526356618319
37 0.991068477021696
38 0.989324238591524
39 0.992448908702391
40 0.985389910081772
41 0.982764083033222
42 0.978087361858946
43 0.985754444015351
44 0.982371576973419
45 0.985518570601570
46 0.983686642717068
47 0.991835764391859
48 0.983406445312886
49 0.984759796594747
50 0.984877820150983
51 0.991385978911509
52 0.981759852360006
53 0.989004514267545
54 0.987809199561350
55 0.990365114230099
56 0.990516827812533
57 0.995390332811804
58 0.999071677347939
59 0.995020261601223
60 0.995955801632292
61 1.000789363915196
62 1.006603183135594
63 1.001242670324756
64 1.000142353490391
65 1.004918801300630
66 0.993783859685367
67 1.000106754053318
68 1.003081158626377
69 0.989391542273731
70 0.988314876091219
71 0.992328388745168
72 0.997910560695202
73 0.997933048589670
74 0.994846527269967
75 0.992523868095188
76 1.001535134106537
77 0.992215626905828
78 1.005782433048275
79 0.988637369116453
80 0.993237453756301
81 0.989082282180509
82 0.996944002149441
83 1.003610381850708
84 0.998328927983812
85 0.997931478053945
86 0.999494421877148
87 0.998395725328997
88 0.996390541283132
89 0.999820287113417
90 0.995214179442110
91 0.999219711233499
92 1.001548586369029
93 0.999852521748548
94 0.993572304161720
95 0.999068967112034
96 0.998981382096041
97 1.005427747335244
98 0.995648487841829
99 1.000346019306936
100 1.000790428580195
101 0.995843685645141
102 0.995763070138306
103 0.999712483684687
104 1.001964163030537
105 0.998183246521117
106 0.999582442180239
107 0.993874321785491
108 1.000077935642271
109 1.000998147569750
110 0.996686658774937
111 0.992212931281654
112 0.999434889690545
113 1.001758959225719
114 0.995711697183173
115 0.993890637089540
116 0.992846923682955
117 0.998096505769908
118 1.004998593337054
119 0.996692575243931
120 0.990361778548629
121 1.001263845741125
122 0.998619040980615
123 0.998848488763001
124 0.999480258187149
125 0.997922027247740
126 1.002735208010259
127 1.005692433818412
128 1.004369552818515
129 1.004782228226555
130 0.996723230861987
131 1.004380140098692
132 0.998520866860693
133 1.000508980827510
134 1.000406569595687
135 0.994836211072561
136 0.997281272129953
137 0.999619180789878
138 1.000823557207625
139 1.001988753865520
140 0.999356796088421
141 0.998081927806003
142 0.996716050846766
143 0.999322005074906
144 1.001602512920738
145 0.998949563706911
146 0.998426718351095
147 0.996785334737432
148 0.999180634407797
149 1.007755332834492
150 1.000439022667992
151 1.000412869945936
152 1.000666506330241
153 0.999503053925782
154 0.998754913517995
155 0.991366161574377
156 1.000491817349310
157 1.004161549968037
158 0.996509757691068
159 0.996210786165374
160 1.000553073806555
161 1.002285824013756
162 1.001594588601008
163 1.000689134331505
164 0.997858334864020
165 0.999885656815076
166 1.002699471369883
167 0.995543841715799
168 1.004476272410211
169 0.995832024515250
170 0.999547823769169
171 1.007691082651382
172 0.996880970206494
173 1.000206844168353
174 0.995932394843837
175 0.995884516033285
176 1.002041826756929
177 1.000987470148511
178 1.000251202589767
179 0.996249944969060
180 1.002322862503827
181 0.996456491822183
182 0.997380280664320
183 1.004461538028761
184 0.998224438808804
185 1.004483412292484
186 1.003186554312372
187 1.001725461893256
188 0.998278604673393
189 0.997630624624539
190 0.999681335173251
191 1.001455979811783
192 0.997859750678342
193 1.000043347173558
194 1.000710375962240
195 0.997520079475411
196 0.998590661718134
197 1.001085035470198
198 1.002247800553241
199 1.000004205632504
200 1.004005799454714
201 0.998663533444519
202 1.000516591384275
203 0.999901126914693
204 0.998834353729374
205 1.002407362479351
206 0.999271999009501
207 1.007394658530705
208 0.997485044469011
209 1.003870167607943
210 0.996063724534660
211 1.003265169717776
212 0.998721901246820
213 0.994562974365872
214 1.002970127028020
215 0.998182668530425
216 1.001690908381175
217 1.003578681524032
218 1.000297909946137
219 0.997826284850796
220 1.000208192173682
221 1.001219526091956
222 1.004298255714060
223 1.004681367159352
224 0.996887434061218
225 0.999083824601693
226 0.998103862979635
227 0.995662980878298
228 1.000449737020116
229 1.002585467200899
230 1.002503379102086
231 0.997967882192702
232 0.998248467534109
233 0.998285869477988
234 0.997133710156690
235 0.998483715638828
236 0.995047976809667
237 0.998331172802232
238 1.000005908429791
239 0.996259962521358
240 0.998861677372993
241 0.998110092856845
242 0.997019314585539
243 0.996765152289461
244 1.002860169417397
245 1.002688789904608
246 1.001276638786566
247 1.000013136059789
248 1.000333342903500
249 1.005155976961173
250 0.999725081820241
251 1.000413329869918
252 1.001316153508941
253 0.998183184879819
254 0.999244626810821
255 1.005554675449949
