0 1024.000000000000000
1 0.004818919667535
2 0.017672249519859
3 0.034993909730577
4 0.056491616651138
5 0.087903156687585
6 0.119984357536279
7 0.161537190979647
8 0.205925293600455
9 0.249649665427084
10 0.293902168615791
11 0.346311570036071
12 0.396868632248238
13 0.450754550826718
14 0.504068323706004
15 0.552512644306177
16 0.602300866197040
17 0.647427939922379
18 0.698803329659546
19 0.737323809819474
20 0.770554901152693
21 0.813550860115386
22 0.843807407816192
23 0.876250444713377
24 0.900867713924207
25 0.920702868115985
26 0.939182174074593
27 0.955307743957600
28 0.966339279788275
29 0.983379084417987
30 0.991987112874806
31 0.988089120471336
32 0.994113292786860
33 0.993464437013213
34 0.997692291150684
35 0.996579712063136
36 0.993405668507110
37 0.995158634567999
38 0.995030730691346
39 0.987655151430009
40 0.986031522519854
41 0.986805764351150
42 0.979842562220260
43 0.984597315459249
44 0.979051461017571
45 0.977504967127605
46 0.982105729682811
47 0.986509101417417
48 0.985149040609370
49 0.987478014017410
50 0.988082399077002
51 0.988978303879531
52 0.986256355832521
53 0.988262567719116
54 0.987474099941024
55 0.987201151228786
56 0.995049939879317
57 0.993508576244492
58 0.995335010719813
59 0.997132869229045
60 0.998819439489118
61 0.996548020310606
62 1.001095806129060
63 1.001160217779935
64 0.996285476262248
65 1.001491930557297
66 1.000032758602877
67 1.001292598476487
68 0.999529156324320
69 0.999398006569903
70 0.995706587664128
71 0.994933358366840
72 0.997643997466026
73 0.998284942698973
74 0.998201253112035
75 0.992802337820116
76 0.994853388259031
77 0.994258255537032
78 0.997122870803456
79 0.992860064475033
80 0.995040923764948
81 0.997855999537445
82 0.996935228876296
83 0.998364392955766
84 0.995929123488891
85 0.999168440650661
86 1.001520526033381
87 0.999391961810758
88 0.997333738339152
89 0.999758462214722
90 0.999684449732512
91 1.000685897216472
92 0.998026327575105
93 0.999469232016717
94 0.999689194014986
95 0.993775194187971
96 0.998892561604668
97 0.998507529914501
98 0.997579332739883
99 1.000916164511218
100 0.999943609729727
101 0.996137022103511
102 0.999672835071991
103 1.002519569561891
104 0.998653430513496
105 1.000666027631643
106 0.997594104143298
107 0.997217273550004
108 1.001199173404193
109 0.997074298045113
110 0.997066531262640
111 0.996752761403016
112 1.002688629042697
113 0.998740609386048
114 0.997069069655050
115 0.997164250686224
116 0.998150242600655
117 0.998679994569804
118 0.999557226299094
119 0.996702044077703
120 0.997510078681674
121 1.002359143520437
122 0.996278289768241
123 0.998699016733414
124 0.997298233074754
125 0.997749327087856
126 0.999989285314344
127 1.001225701793161
128 1.000301063066991
129 1.001608128323951
130 1.003444953258773
131 1.001476570147298
132 1.001498467970896
133 1.001938663008884
134 0.998958144908845
135 0.997416544989535
136 0.996717872890051
137 0.998122584006778
138 1.001886439678277
139 0.997951050684837
140 0.999425017073916
141 0.998517432396915
142 0.998284903694780
143 0.995391712622472
144 1.002718479373379
145 0.999216010330747
146 0.998596480936100
147 0.999393333750607
148 0.998524470428408
149 1.002490996994919
150 0.999347191346333
151 0.999407203995107
152 1.001177174858959
153 1.000774140346433
154 0.997591623629467
155 0.995948865285745
156 1.000346472720147
157 1.002001004098065
158 0.998228540461311
159 1.001219104349215
160 0.998418934426566
161 0.999859701740577
162 1.000369944846473
163 0.998280499468589
164 1.000343470414336
165 0.999406056866883
166 1.000773433306724
167 1.000172289740476
168 1.002324742645582
169 0.998781627264415
170 0.999630798768974
171 1.000730411478455
172 0.999593408599800
173 1.000902323576091
174 0.997238435005837
175 0.998473677962168
176 1.000414697445418
177 1.000407498266086
178 0.999123252632163
179 0.999172977858066
180 1.000689394751947
181 0.999506911044264
182 0.999241320138358
183 1.000671554736194
184 0.997025168128982
185 0.999467975914756
186 1.001224995382255
187 1.000004499167833
188 1.000442100772422
189 0.997683321623941
190 0.998864161422344
191 1.001335507126578
192 0.999893479538836
193 0.999356859534214
194 1.000417833601798
195 1.000161908302231
196 0.999166589135081
197 1.000172437739174
198 1.002264025205897
199 0.999326631140790
200 1.003773037352167
201 0.999392633615480
202 1.001546379522613
203 0.998952749234492
204 0.999716172268017
205 0.999464718875114
206 0.997774785273089
207 0.999980796883518
208 0.998426515791991
209 1.000072938557047
210 0.998320521339136
211 0.999863193302052
212 1.001547948371859
213 0.998072333372774
214 1.000564347792813
215 0.999756216234265
216 0.999608311533395
217 1.001282658029945
218 0.999932511435119
219 0.998484631526939
220 0.997777260942128
221 1.000262657609227
222 1.002475122031216
223 1.002920638117808
224 1.000452542908451
225 0.998826156872042
226 0.998913968293398
227 0.998113551295276
228 1.001022052123870
229 1.001249969643248
230 1.000121523004575
231 1.000503348262888
232 0.999229972211436
233 0.998293360118429
234 0.999127165409824
235 0.999909698408059
236 1.000516506985192
237 1.000588468115972
238 1.000525779694384
239 0.999486729932586
240 0.997756439360573
241 0.999818562108427
242 0.995807572709572
243 0.996777551828757
244 1.002286859021535
245 0.999482268547608
246 1.001291459067420
247 0.998996412618925
248 0.999718307244263
249 1.002734626354084
250 1.001543064415368
251 1.000161642850308
252 0.999898484139251
253 0.998266849990268
254 0.999103889454142
255 1.004305076058276
