0 1024.000000000000000
1 0.004847289254860
2 0.018433135068659
3 0.035140870047643
4 0.056480474072312
5 0.086240848647638
6 0.115409719231636
7 0.160408747745191
8 0.199289490349780
9 0.248650580750036
10 0.295742929167520
11 0.342913261800536
12 0.396898092814847
13 0.461771557843084
14 0.510602112100088
15 0.565233407599559
16 0.596923351122887
17 0.659900509681134
18 0.696406338296927
19 0.737255167522653
20 0.786488682276723
21 0.811997693022042
22 0.838921769646424
23 0.878509859124117
24 0.899120770716652
25 0.932321205855898
26 0.931330655695151
27 0.957260909748060
28 0.966542368220183
29 0.996658186650691
30 0.988454017392734
31 0.995353553086497
32 0.998283565411091
33 0.986076237732179
34 0.988355355901478
35 0.996486689208906
36 0.999068277719765
37 0.987021611558931
38 0.986767297839079
39 0.997728808151600
40 0.990058056191397
41 0.988714537097170
42 0.979868948305481
43 0.980995955800606
44 0.974658637850390
45 0.986294878337728
46 0.974445591596027
47 0.992549902333458
48 0.978988772945132
49 0.988599880377677
50 0.992115382193161
51 1.001286903574761
52 0.991098777625466
53 0.986890132900236
54 0.984375475225772
55 0.985669103343622
56 0.994208787380728
57 1.002288150396925
58 1.004141010322443
59 0.983009953918366
60 0.996982590179521
61 0.995775388506666
62 1.005100924124454
63 1.003733321767340
64 0.997096747477949
65 1.002188747001006
66 0.993219772019366
67 1.001069273790452
68 1.000090007174258
69 0.981712448683869
70 0.993280702313358
71 0.991403426533905
72 0.994255379127927
73 0.996564479995810
74 0.995462571866613
75 0.989131291505582
76 0.998702059787460
77 0.999781937944759
78 1.010827800362907
79 0.989592408811257
80 0.990929682535534
81 0.989729516754499
82 0.999146239228481
83 1.004665297377381
84 1.003898934946303
85 0.999540542139086
86 1.005702878511267
87 0.993537783638014
88 0.998769498901780
89 1.001197259576744
90 0.998933573232916
91 0.994644935137913
92 0.999487521641176
93 1.001976586747988
94 0.990510254595879
95 1.002000584691749
96 0.994308799646402
97 1.000378777825905
98 0.998211408150924
99 0.999808985916167
100 0.996810783596689
101 1.001879026114777
102 0.998826356754255
103 1.000011833720224
104 1.001233322052589
105 0.994437048311735
106 1.008598090513594
107 0.992192884073306
108 0.992315472543203
109 1.006008952284800
110 0.995478138781491
111 0.989633228806142
112 1.005749522288425
113 1.000481612132433
114 0.988717963040716
115 0.996714726134045
116 0.989516689121124
117 1.003637320641585
118 1.013121772013811
119 0.996539826218364
120 0.988182227729329
121 1.003223455773153
122 0.996355853401228
123 1.005666734013294
124 1.000245392735454
125 0.995711302032783
126 1.003612070759041
127 1.004966641823723
128 1.012136872184157
129 1.003400335383339
130 0.994917408164168
131 1.005846923908471
132 0.994201196775240
133 1.005978957295735
134 0.997492547596441
135 0.997914675557970
136 0.994915095097245
137 0.996632638520177
138 1.000140172871145
139 0.997640437807592
140 0.996032914860972
141 0.999999547230040
142 0.990788735661967
143 0.995685616654646
144 1.002848150735086
145 1.002206456637590
146 0.998688815264365
147 1.001189653593179
148 0.998427714266989
149 1.004412071831373
150 0.999645671517730
151 1.005140503223695
152 0.999889653052023
153 0.993640082557595
154 1.000017255978193
155 0.989709907090567
156 1.003626609350770
157 1.000519693758162
158 0.993996255216078
159 0.999332018669705
160 0.998412143849540
161 1.000714145377094
162 1.007057269230297
163 1.001197264556890
164 0.997346453777901
165 0.999973657511153
166 1.001970297754289
167 0.993597405888393
168 1.005520964321597
169 0.996015696762824
170 0.995008301226451
171 1.003922729553504
172 0.998363108202305
173 1.002028090294521
174 0.996583623254929
175 0.992483836248845
176 1.001116322973937
177 0.997509156948659
178 1.006314484986176
179 0.995339459457131
180 1.009425965100328
181 0.997806686417766
182 1.000134677797846
183 1.003086152259158
184 1.001052719996736
185 1.003072349038475
186 1.006588491803293
187 1.001750418374301
188 0.997748061349344
189 0.993265219164676
190 0.996445440848140
191 0.998123899891382
192 0.996947163358131
193 0.999685332160500
194 0.998735586618154
195 0.994618118452625
196 1.004969174614125
197 1.001442629468383
198 1.004935647679681
199 0.995517224813971
200 1.000547964659575
201 0.998950405443346
202 1.001076838242090
203 1.000964102047651
204 1.001096425831099
205 1.001829306106251
206 0.999179791544638
207 1.008791163838094
208 1.003164954589703
209 1.002942807936649
210 0.999306933480757
211 1.002762473290301
212 1.004025741624847
213 0.995541922304565
214 1.002524563152801
215 0.998554961885880
216 0.996638349974879
217 1.003215401416275
218 1.001297368443960
219 0.998354641178246
220 0.999370957920637
221 0.998994984165397
222 1.005855427897209
223 1.004921025478182
224 0.993111670122554
225 0.996229368372115
226 0.995961425790215
227 0.994031262505321
228 1.004799996556654
229 1.006823796480991
230 1.002654193288353
231 0.998745501397780
232 0.999161237236272
233 0.998737882653287
234 0.994585124043003
235 1.000342984502342
236 0.989981547896760
237 0.997827605207611
238 1.002046257361966
239 0.995117132306740
240 0.996967598731234
241 0.996295647351915
242 0.996122987984589
243 0.996815665122714
244 1.000755858010038
245 1.002635948119297
246 1.002968086571366
247 0.999216775627553
248 1.000306691824842
249 1.008220507061261
250 1.003776116858226
251 0.999731712104135
252 1.001918060999390
253 0.999813838296986
254 1.000101900844367
255 1.010408356696035
