0 1024.000000000000000
1 0.001198295911308
2 0.009713977291540
3 0.028333509201184
4 0.061932792576651
5 0.073170619923621
6 0.119234707232358
7 0.153923420590824
8 0.136704383068718
9 0.323250207384782
10 0.246579374285990
11 0.324820403533522
12 0.398284167546080
13 0.399277372741262
14 0.550980115269671
15 0.605980426131282
16 0.645194640460735
17 0.675368987862824
18 0.752584495674819
19 0.729216554419448
20 0.754247586363025
21 0.743659790191386
22 0.719700330030184
23 0.820226678252220
24 0.731910947341117
25 0.994585111310395
26 1.049934166779911
27 0.814875877405540
28 0.804090989740438
29 1.033447998420646
30 1.100537496074004
31 1.058978627337358
32 1.011397727498552
33 0.912733199146505
34 0.944768097569243
35 0.907356609178420
36 1.108674142437441
37 0.978031516228312
38 1.163155212278070
39 1.009855401499437
40 0.887406483093292
41 1.015427588121812
42 0.828143655969832
43 0.910406554897135
44 1.020799243006099
45 0.956410576291519
46 1.121827411353651
47 0.947470889345437
48 0.909335061209276
49 0.864152896330588
50 0.990645442241311
51 0.992747880649224
52 1.108836939259886
53 0.897360990946804
54 0.959305447950258
55 1.060867851422177
56 0.988255859635226
57 1.021323031517871
58 1.000272836584142
59 1.013155929538026
60 1.007171278385706
61 0.969269919331598
62 0.930444941238253
63 1.085084810242988
64 1.047910809195264
65 0.927213100439716
66 1.084360606977716
67 0.887137069656812
68 0.944962087120300
69 1.082042040191412
70 1.043982030600871
71 0.959902755807319
72 1.063949460892278
73 1.018605775324275
74 0.881376464941523
75 1.024147746080783
76 1.024666977147960
77 1.124881857108008
78 1.018888074473993
79 0.919432152652242
80 1.067744045081781
81 0.934685381502844
82 1.088792152520367
83 0.980060588440947
84 0.987214494287536
85 1.022459047183576
86 0.916006637569380
87 1.053643734284602
88 1.069626047826934
89 1.015564085398801
90 1.056074080653016
91 0.950053881546005
92 0.920923225934906
93 1.056535870941955
94 0.972167727892826
95 0.978212515866095
96 1.010844184562254
97 1.020772962351300
98 1.014301292089696
99 1.004529714438289
100 0.927804469884569
101 1.051166603740737
102 1.040136015096170
103 1.148261015767602
104 0.959726060596516
105 1.028778500177650
106 0.946434071863568
107 0.892350305370720
108 0.980042839974042
109 1.059634196647063
110 0.932688009657161
111 0.949376775196935
112 0.848016399563556
113 1.062107641369580
114 0.976513503684527
115 1.055213440097092
116 0.937022685580601
117 0.956871991572647
118 0.898403663488314
119 0.955465763881211
120 1.051654642497368
121 0.966776876537789
122 1.012093675481168
123 0.980269042333250
124 1.068147024523375
125 0.933791234305083
126 0.996257942737814
127 1.039492730085376
128 1.045854019171228
129 1.038977976587038
130 0.959284703450699
131 0.999976786013720
132 0.995071640741015
133 1.007737366836965
134 0.994390879461425
135 1.050741460347358
136 1.004344908359074
137 1.031117437549022
138 0.987317405475618
139 0.983329270598420
140 1.001241454234492
141 1.013599647000782
142 0.987405639088463
143 0.983193933436026
144 1.111093653474726
145 1.035350419865507
146 0.992415432648996
147 1.031098106303130
148 0.959187621199878
149 1.053336376002551
150 1.026929706676278
151 0.953666489160336
152 1.017071195570828
153 0.972312273351055
154 0.988531127109018
155 0.961850799673387
156 1.072065678652716
157 1.009539443808471
158 0.950563079494653
159 0.931368345811497
160 1.062051584347906
161 1.002503483385116
162 0.989356412718053
163 1.015901292458244
164 1.033975352473884
165 1.034703171171714
166 1.034034618452683
167 0.936641475437947
168 0.982829777068218
169 0.992884959861760
170 0.993571068502125
171 1.097374208148944
172 1.032756823681098
173 1.013404589933645
174 1.001217902074854
175 0.955251828377799
176 0.980038793924853
177 0.929109389662706
178 1.028751008424378
179 1.055206524571371
180 1.023032110373553
181 1.009739823808114
182 1.012452549048921
183 0.952467116935505
184 1.041311317773145
185 0.978180080565324
186 0.975683704327093
187 1.004165614753288
188 1.015494406195766
189 0.976101553581666
190 0.943151565452830
191 1.068308939986463
192 0.943870916848584
193 1.010251607260076
194 0.981260929764389
195 0.947863052367841
196 1.034701778017104
197 1.081660504157661
198 1.072916660363054
199 0.976862651928685
200 0.980942260912680
201 0.983845127612529
202 0.867470969412581
203 1.006625292240467
204 1.009366849239689
205 0.964285381473460
206 0.950928266950046
207 0.928411466879070
208 1.012727377269010
209 0.984865979976689
210 0.980676035906959
211 1.035683750073465
212 1.048703455326373
213 0.975002142604007
214 1.061612414264909
215 0.938874468864548
216 1.003676602599902
217 0.974290123505810
218 1.012777034335706
219 1.033977388634280
220 0.907190968144572
221 0.977397627289104
222 1.015698957615171
223 1.016050512559623
224 0.965488956165149
225 1.016668935423828
226 1.031688185612643
227 1.000814981772982
228 1.031526549995159
229 0.981567979060651
230 1.057994649985007
231 1.010939517535088
232 1.002944261413876
233 1.022937616999590
234 1.028337202979533
235 1.032766656357720
236 0.964217894956921
237 1.010231595895694
238 0.992297477975613
239 1.027447753189335
240 0.946747622301949
241 0.995504456674395
242 1.000943202292772
243 1.052009443816373
244 0.982001990968184
245 1.031209486090605
246 0.999906776332738
247 1.030695473456558
248 1.008836785804649
249 1.007975662049130
250 1.008585444793088
251 1.063086376532046
252 0.950183005626476
253 0.987181775403970
254 0.940116483134063
255 1.021509440408813
