0 1024.000000000000000
1 0.004795199274254
2 0.017589534790278
3 0.035139036882885
4 0.056528259296921
5 0.087911612440752
6 0.120193594845390
7 0.161037644777975
8 0.205725514070554
9 0.250317450180090
10 0.293795504452290
11 0.346093182179148
12 0.397550920887788
13 0.450006465964902
14 0.504372197477719
15 0.551699084406602
16 0.603984784523363
17 0.647369633008417
18 0.698730563712803
19 0.738557278457462
20 0.772869197875528
21 0.813066611926203
22 0.845045180116175
23 0.875240712353898
24 0.900957258500675
25 0.919334761590412
26 0.939101308707143
27 0.956447082390954
28 0.966398082905693
29 0.982264904850652
30 0.992482108356493
31 0.986804152610193
32 0.993078539591477
33 0.994016080111480
34 0.995385314132607
35 0.997590681407592
36 0.992933446916080
37 0.994225416446507
38 0.994960583335893
39 0.987650699622641
40 0.986143692349337
41 0.987489267394055
42 0.981250206213948
43 0.984668018986322
44 0.979331377065787
45 0.977263324056790
46 0.981320678967013
47 0.984803832801027
48 0.985348772036367
49 0.986917037035648
50 0.987756680246645
51 0.988550954439516
52 0.985531744767440
53 0.988224833641307
54 0.988085529756935
55 0.987695427210133
56 0.995270268995718
57 0.992910564982453
58 0.994281449215850
59 0.997548077937121
60 0.999563448277375
61 0.997128162321360
62 1.001242919870853
63 1.002055845568505
64 0.996455835995645
65 1.000631566433205
66 1.000104092511218
67 0.999383499605657
68 0.999903506123469
69 0.999359289507099
70 0.997180526293440
71 0.994250577547293
72 0.996622233394991
73 0.997871262577080
74 0.999070461419497
75 0.991981726605156
76 0.995972508127523
77 0.994154967869966
78 0.996839684029997
79 0.993189144860037
80 0.995625834090023
81 0.998188091273000
82 0.996249794067949
83 0.998170253341806
84 0.995961956882712
85 0.999116205231672
86 1.002294657775896
87 0.998382304995544
88 0.998648746068061
89 0.999361444073371
90 0.999770442854105
91 1.000388649116243
92 0.998348326552458
93 1.000323464650289
94 0.998710528834168
95 0.993889950460274
96 1.000233767659955
97 0.997913293049595
98 0.998479704875072
99 1.000773395920748
100 1.000270373543715
101 0.995859424113679
102 0.999588112190619
103 1.003711408653014
104 0.998351594387125
105 0.999365942705166
106 0.998456713893563
107 0.997682141299270
108 1.001309989677840
109 0.996618581555112
110 0.996952800897461
111 0.997313260357667
112 1.001884147923798
113 0.999442089118836
114 0.997699940422599
115 0.997842157852411
116 0.998337076376659
117 0.997973058693320
118 1.000735668761675
119 0.996431095637429
120 0.998375727546983
121 1.001315789454270
122 0.995976786232041
123 0.998584703606425
124 0.997988515064351
125 0.998302517599084
126 1.000579815706638
127 1.000517131265588
128 0.998995673497200
129 1.000919770919089
130 1.002537559256503
131 1.001765452652017
132 1.000605064999497
133 1.001124301477585
134 0.999568271489897
135 0.997555439352571
136 0.997443365253592
137 0.998086332652328
138 1.001638683279150
139 0.997617642754160
140 0.999443570792601
141 0.999271756872706
142 0.998944081336367
143 0.995420849646790
144 1.002618299729030
145 0.998565730309717
146 0.998706528766049
147 0.999693983026689
148 0.998452576465529
149 1.002972406322914
150 0.999585646850653
151 0.999369836933803
152 1.000833026935947
153 0.999911962022748
154 0.996753159269008
155 0.996507816456839
156 1.000855404739451
157 1.001819862007187
158 0.998284090504841
159 1.001193566923722
160 0.998464141837264
161 0.999927829496184
162 1.000631389979610
163 0.998870287268189
164 0.999916452257438
165 0.999675899149812
166 1.000149988395300
167 0.999731233243557
168 1.001529420776635
169 0.999068893983021
170 0.999577328668644
171 1.000484973195820
172 0.999607219634274
173 1.000629394307346
174 0.997647132068235
175 0.998859907892006
176 1.000201151757480
177 1.000730014414089
178 0.999697628802009
179 0.998830524782770
180 1.001016744189879
181 0.999261393503270
182 0.999196224882612
183 1.001162117183833
184 0.996343162344793
185 0.999706227358347
186 1.000347669109460
187 1.000225361251333
188 1.000229088149220
189 0.997591164315841
190 0.998741552835572
191 1.001002296068047
192 0.999485908367496
193 0.999299017795498
194 1.000413683688065
195 1.000481588593592
196 0.998509054584818
197 0.999771671394861
198 1.002731903015136
199 0.999390849164870
200 1.004512003940104
201 0.999074318909687
202 1.001822333421667
203 0.998866135045905
204 1.000094294422537
205 0.999546426541922
206 0.998194145276164
207 1.000562625677442
208 0.999043860789633
209 0.998963130401716
210 0.998988566153505
211 0.999574122626364
212 1.001499192688399
213 0.997738933339994
214 1.000004966847076
215 0.999906307136704
216 0.999553950204622
217 1.000997011875923
218 0.999977802354099
219 0.998597274254066
220 0.998257590244405
221 0.999802356560962
222 1.001900608537505
223 1.002326270801037
224 1.000505121679914
225 0.998856142530013
226 0.999075973547523
227 0.998422075182873
228 1.000882662079702
229 1.000668569216226
230 1.000991704494811
231 1.000198051879762
232 0.999570481495968
233 0.999072317543732
234 0.999031435243457
235 0.999875698458774
236 1.000685343702502
237 1.000650547986770
238 1.000303970667677
239 0.999760932135697
240 0.999128697350194
241 1.000142573568146
242 0.995547088788723
243 0.996146526972766
244 1.001871131675394
245 0.999123163146100
246 1.001022087327078
247 0.999172969019833
248 0.999887637941763
249 1.003061314618086
250 1.001691674053443
251 1.000207940197775
252 0.999580598662687
253 0.998202308874902
254 0.999796264022074
255 0.999909993821675
