0 1024.000000000000000
1 0.004803363825242
2 0.017996673865295
3 0.034975616122075
4 0.056581956341088
5 0.088177660598028
6 0.119838494856544
7 0.161595968453658
8 0.205286843802771
9 0.251069527062503
10 0.293055964362465
11 0.344919235574844
12 0.396935541084294
13 0.452548534019185
14 0.504475374072841
15 0.557939935301445
16 0.605964269960225
17 0.647727738601354
18 0.695603153797979
19 0.734687965474671
20 0.769836626557825
21 0.814391156661846
22 0.845273451544104
23 0.880114344252968
24 0.902358384134678
25 0.920957274885699
26 0.936866368316915
27 0.955359688615608
28 0.965923966627087
29 0.985918409492553
30 0.989590857179396
31 0.988699047587625
32 0.999644313395390
33 0.992953759526996
34 1.000818573476885
35 0.995817462270971
36 0.998534296617784
37 0.992367882556129
38 0.992896145507583
39 0.989717371843812
40 0.983875448885229
41 0.982838159310643
42 0.978573024818303
43 0.987036006533907
44 0.979234109734986
45 0.978221624590162
46 0.980646288659197
47 0.985515619398307
48 0.985310014922624
49 0.988555586480164
50 0.986722363070202
51 0.991429899977834
52 0.987931867633960
53 0.987258880169211
54 0.988678148016058
55 0.987380737918317
56 0.994826100790646
57 0.994337411185040
58 0.994126418802984
59 0.997726075729590
60 0.998283959724136
61 0.995690422188576
62 1.003626377489030
63 1.001399682020254
64 0.998963296758986
65 1.000124940234206
66 0.995122790918079
67 1.002010993278102
68 0.999169482290154
69 0.994755358339490
70 0.995135155712628
71 0.992930099986712
72 0.999433968583918
73 0.998940922120454
74 0.994838607023715
75 0.993453780747153
76 0.998630986189186
77 0.993807526243625
78 0.999236475579637
79 0.993510128707364
80 0.993546097633046
81 0.994534306842807
82 0.997650806662356
83 0.998992145476043
84 0.999268989711832
85 0.999346576262768
86 1.001951938554176
87 0.999847776284320
88 0.998371986592363
89 0.999284039631220
90 0.999091716631498
91 0.999215356844648
92 0.999484800379761
93 0.999637183667942
94 0.999841500720380
95 0.995273391843916
96 0.999472116476559
97 0.999765254501076
98 0.996547760422440
99 0.999610608591215
100 1.001096821900450
101 0.994567927541146
102 0.999309263444512
103 1.000563740461008
104 0.997910002062738
105 1.001344756164416
106 0.999887246950695
107 0.994457889750944
108 0.999755318717405
109 0.997967573441811
110 0.997469133810992
111 0.994382893548127
112 1.000450435930687
113 1.000631083700016
114 0.995738651103738
115 0.996817585545964
116 0.996370305613152
117 0.997971943398576
118 0.999597167726891
119 0.997184176802304
120 0.994728192386695
121 1.004241793142219
122 0.999528577163434
123 0.997965280405451
124 0.998835217385417
125 0.995300240568621
126 1.001276296128359
127 1.003082907980263
128 1.002699645633058
129 1.002696214050446
130 1.002656526221062
131 1.000602728589951
132 1.000097960985628
133 1.002103057554030
134 0.999511760786118
135 0.996022692493842
136 0.995968680903167
137 0.997346100383068
138 1.002059715830712
139 0.998178683814452
140 0.999603980737652
141 0.999582905659059
142 0.997760961932126
143 0.993855849184696
144 1.004648236671914
145 0.999933187783097
146 0.997524664913416
147 0.999196749640546
148 0.997388981229367
149 1.004160697048876
150 0.998724327172000
151 0.998097888866580
152 1.000736370641379
153 1.000342051461333
154 0.998970656857500
155 0.994160887208058
156 1.000434762720664
157 1.002755821168727
158 0.996545131280584
159 1.001735953119576
160 0.997530596497280
161 0.999199522507522
162 0.998547144829076
163 0.999016723019360
164 0.999945120391799
165 1.000194586642177
166 1.002291497453921
167 0.998716720122237
168 1.003075940704850
169 0.997535560849190
170 1.002814279541939
171 1.002699170729750
172 1.002126235779370
173 1.003299279743751
174 0.997001334089185
175 0.999439540519153
176 1.000782028861862
177 0.999862550159096
178 0.999344502887177
179 0.999850035449850
180 0.999776428657056
181 0.998916266779184
182 0.998517290698766
183 1.000836669534678
184 0.997773567110940
185 1.000188370000555
186 1.000755251470221
187 1.000472023051593
188 0.999821399500644
189 0.997970243220718
190 0.998298103578814
191 1.001355549598520
192 0.996863217581428
193 1.001374370320044
194 1.000259361668110
195 1.001605211281263
196 1.000491282079280
197 0.999946050399842
198 1.002691646119228
199 0.998286566422238
200 1.004143378130567
201 0.999743528354179
202 1.000840746929387
203 0.998396862159046
204 0.999053472171789
205 0.999187493698520
206 0.997152463976464
207 1.001355466639918
208 0.996648938958909
209 1.001623517121212
210 0.996345135306080
211 0.999810995353376
212 0.999900597815331
213 0.997719332019606
214 1.002438536687060
215 0.999697211993025
216 0.999117168732022
217 1.002610769583823
218 1.000987445690147
219 0.998992484448313
220 0.998543633936773
221 1.002275773144310
222 1.003615144031173
223 1.002688421948586
224 0.999259354941492
225 0.999847180016837
226 0.999222155368781
227 0.996191641529335
228 1.001237143199210
229 1.002029926632185
230 0.999846100183135
231 1.000354876376795
232 0.997491337461149
233 0.997706861916173
234 0.996908444517446
235 0.998007668627180
236 0.998921952984631
237 0.999621540217567
238 1.002433883106002
239 0.998133949772516
240 1.000054684922089
241 0.998555773511203
242 0.997436844339159
243 0.997005521335245
244 1.002881250133957
245 1.000535632785408
246 1.000671215519239
247 0.999284338998197
248 0.999685993359658
249 1.003923524045454
250 0.999631287333546
251 1.000691206884229
252 1.000910714404417
253 0.997280296980325
254 0.998088109517854
255 0.995805509944553
