0 1024.000000000000000
1 0.004750735674714
2 0.017916932057797
3 0.034958997891950
4 0.056355996268667
5 0.087789956623969
6 0.119555058391452
7 0.161607717232452
8 0.206239996611498
9 0.249399629329314
10 0.293565275660068
11 0.345788808224762
12 0.396808938306739
13 0.449724613372358
14 0.503770522854466
15 0.555468914954247
16 0.606642097195987
17 0.645658986036699
18 0.696657825350402
19 0.733578777056861
20 0.772313590323000
21 0.813969492710887
22 0.844880227406707
23 0.878596753407177
24 0.903368327624314
25 0.923005287510738
26 0.934804737052883
27 0.955611784581334
28 0.964718235282293
29 0.985636168195592
30 0.991320305649866
31 0.988585060457593
32 0.998560857835002
33 0.993321542519892
34 0.999791869658785
35 0.996065864348677
36 0.996788024652765
37 0.995226705777750
38 0.993288175045329
39 0.991513741410505
40 0.986059087293897
41 0.982086108289706
42 0.977886217458151
43 0.985727451190963
44 0.979390113074928
45 0.978801450711223
46 0.980879790133569
47 0.984739770178975
48 0.986040110468042
49 0.988214440487891
50 0.986214201508958
51 0.990439614557048
52 0.985167110729831
53 0.987975876884804
54 0.987554269933670
55 0.985309854247093
56 0.992861998859374
57 0.993472151241338
58 0.993650884451510
59 0.998478636193497
60 0.998842060118625
61 0.995696176423268
62 1.002516079197649
63 1.000780159971411
64 0.997884595230401
65 0.999924756130237
66 0.997897536211942
67 1.001236287416286
68 0.999237829051674
69 0.998241966263952
70 0.996363225294471
71 0.995448041483705
72 0.999516101491567
73 1.000700677955931
74 0.995336405417447
75 0.993714298677299
76 0.996016236959104
77 0.993200954128830
78 0.998049888654982
79 0.993860706355232
80 0.994512928978311
81 0.996252301589169
82 0.997108827784943
83 0.998622530816658
84 0.997125506932129
85 0.999506460969373
86 1.002152893626710
87 0.999201090290952
88 0.999089009847657
89 0.999321910777283
90 0.999041451124954
91 0.998651839627903
92 0.999803080963910
93 0.999751782049979
94 1.000612422906087
95 0.994720673935764
96 0.998322842572717
97 1.000479888348979
98 0.997059898496952
99 1.001195010218124
100 1.001122703250592
101 0.995079801282937
102 0.999480622214928
103 1.000305300364217
104 0.997713147495883
105 1.001982546367590
106 0.998193017624157
107 0.996492396866502
108 1.000840957535719
109 0.998175558114398
110 0.997361931063651
111 0.995321935132602
112 1.000615312999378
113 0.999822808686402
114 0.996474632548075
115 0.996787930442185
116 0.997240345346316
117 0.998440243739392
118 1.001006494109697
119 0.997264324818749
120 0.995606510868145
121 1.003473495981907
122 0.997542413375506
123 0.998120053053539
124 0.998977016004427
125 0.996670252246962
126 0.999291243854541
127 1.002649151489526
128 1.000704647787116
129 1.002215865359626
130 1.002989346165667
131 1.000705116510159
132 0.999374995600975
133 1.002286300549716
134 0.999462998955786
135 0.996544097549331
136 0.997057466904079
137 0.997152504303216
138 1.002051808634304
139 0.997600398543814
140 0.998794774214114
141 0.999464999777026
142 0.998049774751311
143 0.993460741005498
144 1.004500241195517
145 0.998869885585806
146 0.997937609990782
147 0.998751629301767
148 0.998245324501267
149 1.003838677247296
150 0.998302338640901
151 0.998320038371454
152 1.000507586436063
153 1.000235778816626
154 0.997999280078256
155 0.995935852299874
156 1.000506037747067
157 1.001972390800638
158 0.997281990757207
159 1.001663427042321
160 0.998107313314391
161 0.999244539709585
162 1.000185829424796
163 0.998291897722080
164 1.000802633303375
165 0.999244559711336
166 1.001722210091262
167 0.999673110942752
168 1.002869239387318
169 0.998843209557647
170 1.002038483746637
171 1.001467078063539
172 0.999951581172414
173 1.002170182211205
174 0.997229707062279
175 0.998632260644377
176 1.001373584357023
177 0.999579285216452
178 0.999207474172524
179 0.998934600419390
180 1.000785118587084
181 0.998750651057441
182 0.998650077850819
183 1.000703031668988
184 0.997038550974383
185 0.999208722289339
186 1.001621264976547
187 1.000771946935558
188 1.000334121298221
189 0.998385705376055
190 0.998457618140687
191 1.001090072441682
192 0.998182852146458
193 0.999624436007398
194 1.000414127760492
195 1.002063268540974
196 0.999833362397528
197 0.999665381753038
198 1.001845464589100
199 0.999339459124773
200 1.003020113355639
201 1.000118731761741
202 1.001969601484557
203 0.999157112034570
204 0.998978771725705
205 0.999162979788469
206 0.996591938106415
207 1.000606329635860
208 0.997172826505098
209 1.001118485079925
210 0.996768576015230
211 0.999544882129602
212 1.000298035314562
213 0.997757829964995
214 1.002271015401501
215 1.000293592338597
216 0.999510098246602
217 1.001932019373063
218 1.000505800578945
219 0.999316555798884
220 0.998367380012077
221 1.001948968887286
222 1.002872718021785
223 1.003416145289090
224 0.999902409498550
225 0.999431000565995
226 0.998909334198587
227 0.996835384169333
228 1.000740807270959
229 1.001290022475195
230 0.999689920893130
231 1.000411831161683
232 0.998074022411316
233 0.997739580463686
234 0.997758460362450
235 0.999033510977770
236 1.000431182473575
237 1.000270999112500
238 1.002314477297578
239 0.998465212070980
240 0.999302632097808
241 0.998228501048346
242 0.996966974058420
243 0.996995659046650
244 1.002022836822859
245 1.000591464044692
246 1.001034861181095
247 0.999528776440756
248 1.000445925849539
249 1.003767266029501
250 0.999964959327344
251 1.000666457147253
252 1.000733119261296
253 0.997470208365400
254 0.998291824540818
255 1.001055563632175
