0 1024.000000000000000
1 0.004832464299670
2 0.017525058505980
3 0.035222917521814
4 0.056676817282994
5 0.087701961451875
6 0.120606797838491
7 0.160920999575703
8 0.205870100544427
9 0.250280078354478
10 0.294158459794908
11 0.346317750290033
12 0.396970088135424
13 0.451291365688651
14 0.504662210202165
15 0.552981108946618
16 0.602770526908249
17 0.648411118603148
18 0.698627324791222
19 0.739340679584840
20 0.773633429890294
21 0.812366081750119
22 0.843838508047078
23 0.874949763539616
24 0.901572647033758
25 0.921577501004106
26 0.937954744216622
27 0.956233994863382
28 0.967283826477918
29 0.983261235503545
30 0.991073125494430
31 0.986246654404877
32 0.993849583589412
33 0.994780815629138
34 0.995993354501594
35 0.997689726220570
36 0.993664649858176
37 0.993696184232168
38 0.995560050736452
39 0.988715787930926
40 0.985652774957001
41 0.987713757592065
42 0.981820946051024
43 0.984059260050104
44 0.980650764971744
45 0.976630859695699
46 0.980788765306065
47 0.984207855721050
48 0.984746413428013
49 0.985598668439714
50 0.986937667581129
51 0.988173209270983
52 0.985951926313530
53 0.989007677572409
54 0.988142330316440
55 0.987686728107188
56 0.995604928684396
57 0.993876034773135
58 0.993544956924244
59 0.998173206309831
60 0.999330040259552
61 0.996587079429186
62 1.000578491266857
63 1.001844314949748
64 0.997049672344530
65 1.001063400188310
66 0.999911652227955
67 0.999592920092760
68 1.000453783264088
69 0.999470860618790
70 0.997655448498578
71 0.995042846367969
72 0.996241103276748
73 0.998203670089648
74 0.998453553822837
75 0.991926165226543
76 0.995050339991852
77 0.993465191656047
78 0.997467244943095
79 0.993850095662314
80 0.996068415588258
81 0.997970261497044
82 0.996329371651806
83 0.996822625266671
84 0.996593795323956
85 0.998556481925564
86 1.003045701826187
87 0.997115394666962
88 0.999093045725561
89 1.000074050816346
90 1.000156845661234
91 1.000457952594661
92 0.998522246972157
93 1.000211847373280
94 0.998044904837085
95 0.992896834489126
96 0.999466792100664
97 0.998310216088161
98 0.998941870862689
99 1.000535840580648
100 1.000646144329241
101 0.996864218802250
102 0.998687797970646
103 1.002487826504279
104 0.998674542449725
105 0.999254866982428
106 0.998755308044221
107 0.998435592641420
108 1.001473062622904
109 0.995865753669796
110 0.996048907965214
111 0.998164496490321
112 1.000286782739881
113 0.999958274876728
114 0.997469918353438
115 0.997567755486314
116 0.998509228135042
117 0.998889028785292
118 1.001028322983003
119 0.996972320636594
120 0.999127108012531
121 1.000756768456673
122 0.995850171219332
123 0.999028332397524
124 0.998422570166783
125 0.998979892871983
126 1.001016649529253
127 1.000835173070401
128 0.998777608421999
129 1.000216418419459
130 1.002427595685458
131 1.002038134703218
132 1.000017278971473
133 1.001492163995769
134 0.999091688345933
135 0.997892844662601
136 0.997229058744753
137 0.997094909418719
138 1.001635140427167
139 0.998515605181749
140 1.000593742465586
141 0.999680785566123
142 0.998464052220055
143 0.995704969140534
144 1.002194878557906
145 0.998334841776755
146 0.998219395506255
147 0.999903868169960
148 0.998765524801953
149 1.001833540320951
150 0.999927912774888
151 0.999450370632538
152 1.000828751215239
153 1.000202243824198
154 0.996986946744642
155 0.996885667116704
156 1.000665462780814
157 1.001592321135806
158 0.998826928548103
159 1.001985382662326
160 0.998126371919701
161 0.999194117512465
162 1.000480585524751
163 0.998505012579945
164 0.999610986876715
165 0.999562869911983
166 1.000498103560008
167 0.999709539798762
168 1.001250414027294
169 0.999012513114786
170 0.998805542404876
171 0.999977943999290
172 1.000221170282541
173 1.001012754737634
174 0.997309281412440
175 0.999085346390200
176 1.000184910964018
177 1.000761135669633
178 0.999894009603030
179 0.998359554725303
180 1.000866048470423
181 0.999244901337374
182 0.999168773607582
183 1.001170568990799
184 0.996886555172493
185 0.999820329535298
186 1.000278963298456
187 1.000606667642469
188 1.000166018088266
189 0.998052689542501
190 0.999011073941273
191 1.001358151172899
192 0.999856023935148
193 0.998820707559850
194 1.000110124336311
195 1.000571996714153
196 0.998494798907486
197 0.999302389113664
198 1.001727797718664
199 0.999944939580215
200 1.003627359060676
201 0.998863865373253
202 1.002263329251136
203 0.998697885968336
204 0.999372580453442
205 0.999625411112137
206 0.998583871761462
207 1.000664607891982
208 0.999350512637484
209 0.999695644277156
210 0.998967662571042
211 0.999774149094728
212 1.000860050966313
213 0.997897041107838
214 0.999968365490940
215 0.999831597024222
216 0.999369358609603
217 1.001140880848358
218 1.000770460136135
219 0.998192168069860
220 0.998589830685744
221 0.999247119285483
222 1.001809194420256
223 1.002060561046510
224 1.000610858897552
225 0.999386947357642
226 0.999226706336384
227 0.998497250702549
228 1.001167895363154
229 1.000728530629356
230 1.001328888192940
231 0.999447256241419
232 0.999446872541003
233 0.999608700305807
234 0.999070480078306
235 1.000056712773769
236 1.000270000757326
237 0.999455705591236
238 1.000341170459316
239 0.999393683289131
240 0.999022398503931
241 0.999782243540591
242 0.995999359134616
243 0.996848118949112
244 1.001570679220456
245 0.998812762204766
246 1.001224308110513
247 0.998726119056580
248 1.000299944434382
249 1.003176754070797
250 1.001608093184873
251 1.000445790221944
252 0.999067638735535
253 0.998402131821366
254 1.000102714754453
255 1.001994284965629
