0 1024.000000000000000
1 0.004795718384303
2 0.017703373177126
3 0.034905647777042
4 0.056252449944209
5 0.087660851856224
6 0.119759699207136
7 0.161926935830137
8 0.204947092910226
9 0.249771918451818
10 0.293982615406902
11 0.346422190473135
12 0.396486936626813
13 0.450374139420138
14 0.503388236668261
15 0.554243716355763
16 0.603269047091870
17 0.646848700404205
18 0.698458371489190
19 0.736831785531964
20 0.772068131502220
21 0.813840459086620
22 0.843521258203869
23 0.877380822845780
24 0.900523395237924
25 0.921604643236848
26 0.937436306521499
27 0.953812309306158
28 0.965068845227988
29 0.985196977661755
30 0.991719115512748
31 0.987358168243054
32 0.996125405714680
33 0.993893326303062
34 0.998168792670146
35 0.995891084213999
36 0.994966268873598
37 0.994501529189187
38 0.996074447989307
39 0.988403542570102
40 0.987203194043424
41 0.985297623983130
42 0.979034086410889
43 0.986258161870367
44 0.978857511703728
45 0.979235987053278
46 0.983080517080640
47 0.985538227246735
48 0.984680624457740
49 0.987958303020142
50 0.986170876191956
51 0.989953656557850
52 0.984940197358877
53 0.987287257122653
54 0.988427784835766
55 0.986799568943156
56 0.994631670133235
57 0.994737372161351
58 0.995660567250325
59 0.997024763568076
60 0.998943330005699
61 0.994800541194703
62 1.000849047289069
63 1.001090036815072
64 0.997268142011329
65 1.000602322689440
66 0.998583434075713
67 1.002360006940144
68 0.999111115807074
69 0.998709623244910
70 0.996195760994041
71 0.995703409853539
72 0.999061381387077
73 0.998701405307553
74 0.997331708928722
75 0.994037273427089
76 0.995343970188834
77 0.994168072378761
78 0.997308470636521
79 0.993490905578155
80 0.994151761619926
81 0.996891450057612
82 0.996914528164846
83 0.998399903097743
84 0.997184635383806
85 0.999312244962433
86 1.001094993523058
87 0.999470513836862
88 0.998382447755689
89 0.999186645759349
90 0.999478480109993
91 0.999738635465223
92 0.998639503138842
93 0.999578814749492
94 1.000718433049080
95 0.992858070941379
96 0.999021478196843
97 0.998694067454577
98 0.997377085609666
99 1.001070488084315
100 1.000748255148723
101 0.995558489283870
102 0.999802440155715
103 1.001407459935237
104 0.998508797190471
105 1.002242521353512
106 0.997517970285741
107 0.996690152049203
108 1.000856689444835
109 0.997422934800826
110 0.997557148873331
111 0.996963133471673
112 1.001233096444321
113 0.999066837924240
114 0.996558847699494
115 0.997140946934859
116 0.996656965501871
117 0.998735439017756
118 0.999766851774307
119 0.996884881919868
120 0.996940594584191
121 1.003049381583116
122 0.997424229399695
123 0.998539252478796
124 0.998202417716440
125 0.998599511563616
126 0.999200285820055
127 1.001486463587610
128 1.000146811502925
129 1.001893797224864
130 1.002858809994877
131 1.000858130412963
132 1.001483239466703
133 1.001282117355975
134 0.998894585558455
135 0.996950867876585
136 0.995901040440118
137 0.997913780073942
138 1.002700679499148
139 0.998099912955594
140 0.999256277292909
141 0.999314685472231
142 0.998060468032601
143 0.994545348688108
144 1.002935038674253
145 0.999167080694763
146 0.999273090928522
147 0.999039132252059
148 0.999034590535023
149 1.003120600880712
150 0.998722413294367
151 0.999032951118691
152 1.000023005241820
153 1.000811304623598
154 0.997332292894964
155 0.995827078093712
156 0.999476243078031
157 1.002171881725937
158 0.997867850558950
159 1.001882274036294
160 0.998375458884451
161 0.999292158474118
162 1.000205907663133
163 0.998399010837072
164 0.999735478104588
165 0.999286611752848
166 1.000710768598482
167 1.000817615422093
168 1.002436941256339
169 0.998363813326679
170 1.001162016119726
171 1.000625005629348
172 0.999507427534928
173 1.001099755572296
174 0.997315269465025
175 0.998461314920499
176 1.001155418184375
177 1.000204582521470
178 0.998595570122005
179 0.999044319453171
180 1.000470779175983
181 0.999179090162917
182 0.998161786196899
183 1.001072343409103
184 0.997303294642357
185 0.999802796100545
186 1.001209751814615
187 1.000039201828537
188 1.000361276421764
189 0.998485036397648
190 0.998267184290570
191 1.000916646407571
192 0.999029657769675
193 0.999363534335822
194 1.001352009786558
195 1.000992135880178
196 0.999846840043869
197 0.999817175557975
198 1.001642927431644
199 0.999916338908896
200 1.003626295863139
201 0.999691254273913
202 1.001659250735391
203 0.998681814421300
204 0.999373796412108
205 0.999618933735152
206 0.997175360024002
207 1.000616479418520
208 0.997279830163970
209 1.000791426293140
210 0.997717917476275
211 0.999172838913204
212 1.001482134394696
213 0.998128948482374
214 1.001686548260350
215 0.999538746910322
216 0.999826866004490
217 1.001736711410358
218 1.000500013913682
219 0.998954772823326
220 0.998535841765648
221 1.000969432751823
222 1.002863117571353
223 1.002450282171451
224 1.000303031365588
225 0.998221785158532
226 0.998726480314629
227 0.997794129784869
228 1.001986699829390
229 1.001888743560208
230 1.000183475849675
231 0.999935177634494
232 0.999122864273938
233 0.997867248743465
234 0.999131709857816
235 0.999438285033609
236 1.000903858226907
237 1.000285119766499
238 1.001488314991641
239 0.999608473352211
240 0.998246861931446
241 0.998833852250434
242 0.995573397301186
243 0.996843983440552
244 1.002079151952509
245 0.999865964850456
246 1.000505873629290
247 0.999067160370803
248 0.999971359630375
249 1.003124828355109
250 1.000879644869065
251 1.000796203874620
252 1.000048074090373
253 0.997483958473179
254 0.999035712342667
255 1.002166392349729
