0.718248 0.620276
0.529693 0.106817
0.331684 0.358124
0.496065 0.719373
0.80612 0.702437
0.935484 0.0876013
0.843508 0.886685
0.235901 0.71912
0.0940689 0.337052
0.637067 0.0435396
0.213333 0.321584
0.0415101 0.194443
0.415037 0.533099
0.52082 0.972154
0.716642 0.135678
0.0169459 0.780567
0.229386 0.856385
0.58017 0.64377
0.505445 0.823669
0.932463 0.296299
0.826168 0.50828
0.399771 0.756496
0.639061 0.918232
0.388177 0.142324
0.189614 0.0938513
0.951288 0.44948
0.309464 0.962233
0.782161 0.996884
0.222078 0.54772
0.0993002 0.568855
0.87431 0.605785
0.463728 0.336982
0.611109 0.316998
0.159666 0.464046
0.650874 0.221369
0.660794 0.716025
0.118815 0.842812
0.610734 0.433193
0.707356 0.39671
0.750858 0.812009
0.780466 0.227776
0.337128 0.600443
0.280477 0.167252
0.99493 0.952338
0.116164 0.968005
0.414481 0.0385754
0.317771 0.464602
0.715954 0.50732
0.110605 0.672632
0.909197 0.784211
0.407244 0.930118
0.530782 0.231732
0.884152 0.201943
0.0590995 0.087946
0.569304 0.534191
0.997995 0.626129
0.381024 0.254026
0.170769 0.205155
0.821267 0.377059
0.828487 0.0931253
0.0568579 0.469123
0.502984 0.437949
0.886433 0.982824
0.611314 0.809816
