0 256.000000000000000
1 0.000000000000000
2 0.000000000000000
3 0.000000000000000
4 0.000000000000000
5 0.000000000000000
6 0.000000000000000
7 0.000000000000000
8 0.000000000000000
9 0.000000000000000
10 0.000000000000000
11 0.000000000000000
12 0.000000000000000
13 0.000000000000000
14 0.000000000000000
15 0.000000000000000
16 10.666666666666666
17 0.000000000000000
18 0.000000000000000
19 0.000000000000000
20 0.000000000000000
21 0.000000000000000
22 7.529411764705882
23 0.000000000000000
24 0.000000000000000
25 0.000000000000000
26 0.000000000000000
27 0.000000000000000
28 0.000000000000000
29 0.000000000000000
30 0.000000000000000
31 0.000000000000000
32 5.120000000000000
33 0.000000000000000
34 0.000000000000000
35 9.846153846153847
36 0.000000000000000
37 0.000000000000000
38 0.000000000000000
39 0.000000000000000
40 0.000000000000000
41 0.000000000000000
42 0.000000000000000
43 0.000000000000000
44 0.000000000000000
45 3.764705882352941
46 0.000000000000000
47 0.000000000000000
48 3.282051282051282
49 0.000000000000000
50 6.095238095238095
51 0.000000000000000
52 0.000000000000000
53 0.000000000000000
54 0.000000000000000
55 0.000000000000000
56 0.000000000000000
57 5.688888888888889
58 0.000000000000000
59 0.000000000000000
60 0.000000000000000
61 0.000000000000000
62 0.000000000000000
63 0.000000000000000
64 2.639175257731959
65 4.740740740740740
66 0.000000000000000
67 2.415094339622641
68 0.000000000000000
69 0.000000000000000
70 0.000000000000000
71 4.785046728971962
72 0.000000000000000
73 0.000000000000000
74 0.000000000000000
75 0.000000000000000
76 0.000000000000000
77 0.000000000000000
78 0.000000000000000
79 0.000000000000000
80 5.907692307692308
81 4.096000000000000
82 0.000000000000000
83 0.000000000000000
84 0.000000000000000
85 0.000000000000000
86 3.764705882352941
87 0.000000000000000
88 0.000000000000000
89 0.000000000000000
90 1.855072463768116
91 0.000000000000000
92 0.000000000000000
93 3.506849315068493
94 0.000000000000000
95 0.000000000000000
96 1.706666666666667
97 3.240506329113924
98 0.000000000000000
99 0.000000000000000
100 0.000000000000000
101 3.084337349397591
102 3.180124223602484
103 0.000000000000000
104 0.000000000000000
105 0.000000000000000
106 0.000000000000000
107 3.047619047619047
108 0.000000000000000
109 0.000000000000000
110 0.000000000000000
111 0.000000000000000
112 1.462857142857143
113 4.314606741573034
114 0.000000000000000
115 2.844444444444445
116 2.860335195530726
117 0.000000000000000
118 0.000000000000000
119 0.000000000000000
120 0.000000000000000
121 2.782608695652174
122 0.000000000000000
123 0.000000000000000
124 2.723404255319149
125 0.000000000000000
126 0.000000000000000
127 0.000000000000000
128 6.213592233009709
129 0.000000000000000
130 0.000000000000000
131 2.534653465346535
132 0.000000000000000
133 0.000000000000000
134 0.000000000000000
135 1.163636363636364
136 2.403755868544601
137 2.348623853211009
138 0.000000000000000
139 0.000000000000000
140 0.000000000000000
141 0.000000000000000
142 0.000000000000000
143 2.275555555555556
144 3.368421052631579
145 0.000000000000000
146 0.000000000000000
147 4.491228070175438
148 0.000000000000000
149 0.000000000000000
150 2.160337552742616
151 2.226086956521739
152 0.000000000000000
153 0.000000000000000
154 0.000000000000000
155 0.000000000000000
156 0.000000000000000
157 2.007843137254902
158 1.066666666666667
159 0.000000000000000
160 5.099601593625498
161 0.000000000000000
162 0.000000000000000
163 2.056224899598393
164 1.969230769230769
165 0.000000000000000
166 0.000000000000000
167 1.992217898832685
168 0.000000000000000
169 0.000000000000000
170 1.903345724907063
171 0.000000000000000
172 1.924812030075188
173 1.841726618705036
174 0.000000000000000
175 0.000000000000000
176 2.762589928057554
177 0.000000000000000
178 3.555555555555555
179 0.000000000000000
180 0.000000000000000
181 0.895104895104895
182 3.506849315068493
183 0.000000000000000
184 0.000000000000000
185 0.000000000000000
186 1.706666666666667
187 1.747440273037543
188 0.000000000000000
189 0.000000000000000
190 0.000000000000000
191 0.000000000000000
192 4.353741496598640
193 1.641025641025641
194 1.712374581939799
195 1.641025641025641
196 0.000000000000000
197 1.673202614379085
198 0.000000000000000
199 0.000000000000000
200 1.580246913580247
201 0.000000000000000
202 1.651612903225806
203 0.771084337349398
204 1.615141955835962
205 0.000000000000000
206 0.000000000000000
207 0.000000000000000
208 5.413897280966768
209 0.000000000000000
210 1.560975609756098
211 0.000000000000000
212 0.000000000000000
213 1.523809523809524
214 1.523809523809524
215 1.546827794561934
216 0.000000000000000
217 2.976744186046512
218 0.000000000000000
219 0.000000000000000
220 0.000000000000000
221 0.000000000000000
222 2.876404494382022
223 0.000000000000000
224 2.145251396648045
225 0.000000000000000
226 2.157303370786517
227 1.446327683615819
228 0.000000000000000
229 2.737967914438503
230 1.462857142857143
231 0.000000000000000
232 1.410468319559229
233 0.000000000000000
234 0.000000000000000
235 0.000000000000000
236 1.383783783783784
237 2.694736842105263
238 0.000000000000000
239 0.000000000000000
240 3.497267759562841
241 0.000000000000000
242 1.322997416020672
243 1.354497354497354
244 2.639175257731959
245 0.000000000000000
246 0.000000000000000
247 0.000000000000000
248 2.010471204188482
249 1.309462915601023
250 1.319587628865979
251 0.000000000000000
252 2.592405063291139
253 0.000000000000000
254 0.000000000000000
255 0.000000000000000
