0 4088.003906250000000
1 0.001155553317274
2 0.010045001548550
3 0.017573603088665
4 0.036637278348116
5 0.071472192755250
6 0.055064735230362
7 0.089468049895217
8 0.105171153579866
9 0.060203509476536
10 0.072471391737126
11 0.089954422337165
12 0.168632902795686
13 0.145683509197318
14 0.132215939692704
15 0.121072294499423
16 0.205386822263746
17 0.435027265880644
18 0.177431103199301
19 0.238453721537917
20 0.282035488738497
21 0.244737729147479
22 0.464890240303174
23 0.352105496119180
24 0.388983384711895
25 0.275163964811677
26 0.521253199844439
27 0.806504904154717
28 0.770655273879196
29 0.549985953173389
30 0.395706857090577
31 0.602853051677256
32 0.410840649534250
33 0.445753952951014
34 0.596659338393384
35 0.440811774748993
36 0.654119230376783
37 0.883172553160531
38 0.848979218379323
39 0.649349731361444
40 0.987626101876030
41 1.536543712414786
42 1.011544619348568
43 1.143972032446518
44 0.859716345748209
45 1.316959077674862
46 0.990806046619434
47 0.680761901025716
48 1.017521819786962
49 1.532416123570322
50 1.030028783275027
51 0.903251805253384
52 0.549012281399094
53 1.028343936425519
54 0.886227851562787
55 0.763223703131997
56 1.063359804945446
57 0.780789072987262
58 0.934247027987715
59 0.990619894622748
60 1.048562501264684
61 0.712116377349624
62 0.794211643498821
63 0.913971928055955
64 0.858099867348803
65 0.827426438503564
66 0.715655717035137
67 0.646503217122616
68 1.032184134409343
69 0.837938541132287
70 0.746517915817401
71 0.607097918112253
72 0.587168974816510
73 0.812655414950338
74 0.844131351953585
75 0.738000841576465
76 0.852598945792374
77 1.054071571093888
78 1.009914392683510
79 0.893525165656960
80 1.270069197726223
81 0.921948516101319
82 1.211174201398647
83 1.624807536376968
84 1.099015434319483
85 1.083022269147007
86 1.411325714644077
87 0.874210109998768
88 1.088947062236337
89 1.094340639919490
90 0.772811326558858
91 0.892040625719821
92 0.871732282388891
93 1.339236563822108
94 0.942649092658177
95 0.805087521534830
96 0.893077345497558
97 0.943339235103334
98 0.752246431196485
99 0.821720539586723
100 0.741688864189062
101 0.826089731067982
102 1.035621798366263
103 0.915634190844318
104 0.932572343881231
105 0.816693207565849
106 0.955417824938086
107 0.829364540874695
108 1.547982014885116
109 1.108297155262482
110 1.023705959628594
111 0.844081815226824
112 0.946229210754814
113 1.386606793019639
114 0.942443613825435
115 0.835645719426644
116 0.965629522515577
117 1.001492424731189
118 1.080538473709163
119 1.095303689564101
120 1.035004391959497
121 0.781087337070162
122 0.879048434740663
123 1.200443680564653
124 0.943120029531371
125 0.829293675459086
126 0.750647143301297
127 0.920948093388138
128 0.895993310366787
129 0.967373368977220
130 0.994740087817097
131 0.901474750007629
132 1.031493173065052
133 1.662931275574239
134 1.146161890920172
135 0.970745238804714
136 1.025165937853568
137 0.944469042817330
138 1.379158319596395
139 0.900332741251193
140 0.897680374233193
141 0.754029473606205
142 0.796646266827040
143 1.191968226494327
144 1.093880041766823
145 0.978227891375359
146 1.012811637189122
147 0.859203173921906
148 0.944198648635053
149 0.958535874879494
150 1.057989358537726
151 1.175189203159920
152 0.995144948428985
153 0.885314777137857
154 0.879211015635023
155 0.989797604729098
156 0.996946230102221
157 1.193985382364569
158 1.183550550212138
159 0.966082226283603
160 1.106521215421580
161 0.997979607977047
162 1.242021017302818
163 0.992255627486852
164 1.054772403613057
165 1.007921671626794
166 0.952174852280075
167 0.906128150535548
168 0.874085879476563
169 1.086509761673301
170 1.040692076075898
171 0.904778852734731
172 1.016251283254140
173 0.868158224431603
174 0.928138202436109
175 1.000385516135498
176 0.908403960716638
177 0.966242524382865
178 1.011578999686673
179 0.942140627720997
180 0.969347698556222
181 0.918363850931438
182 1.077061534234280
183 1.135041376295714
184 1.054860715011535
185 1.082742095919005
186 1.109623561766244
187 0.964497790803358
188 1.010979582254483
189 0.905704220109733
190 0.878297501919295
191 0.919419804901092
192 1.163531605148641
193 0.966982290308306
194 0.919551107623197
195 1.003024468082025
196 1.041332949153356
197 1.077792276779035
198 1.017228478183168
199 1.052058718547683
200 0.999208375522992
201 0.865485364517806
202 0.892570175850108
203 0.986261334823126
204 0.916915993344435
205 1.012489989791736
206 1.018050759201269
207 0.938453393598853
208 1.039908397303487
209 1.014760162869139
210 0.963975583620296
211 1.009799626225028
212 1.120563323788410
213 1.020368621915694
214 0.980121174349261
215 1.130791072531948
216 1.068083395841019
217 1.027412279244472
218 0.930520999283972
219 1.017954491841558
220 1.131012182822672
221 0.950879935125544
222 0.961512082640548
223 0.921477473267758
224 0.886681028858946
225 0.942349446326465
226 0.961451130267342
227 1.029171831068026
228 1.080938925811342
229 0.843594244088065
230 0.885743229945166
231 0.948703445399552
232 1.167568041700402
233 0.948016717099678
234 0.887858525299231
235 1.021860337302945
236 1.082003592767633
237 1.027312064086297
238 1.119449442817247
239 0.948909515454014
240 1.068482997983899
241 0.946923278205153
242 1.009995968366892
243 1.033204609522197
244 0.984237528455788
245 1.410826240252577
246 1.019566428798478
247 1.127712870488148
248 1.070866859364313
249 1.032763257896876
250 0.860804646502359
