0 4096.000000000000000
1 0.001833010696757
2 0.069614960231346
3 0.037340241659909
4 0.019422892526281
5 0.045631337932641
6 0.045499774196439
7 0.092800390034011
8 0.270242516501352
9 0.121126163068724
10 0.108767591035128
11 0.125926171416094
12 0.192454313943214
13 0.182524732602047
14 0.268522157255609
15 0.200142392887945
16 0.289242678918427
17 0.380473905002789
18 0.210145071034998
19 0.246330462884249
20 0.219512388298624
21 0.283207990595497
22 0.199938879180119
23 0.405288417358091
24 0.432065977552312
25 0.374370379423996
26 0.533497592812973
27 0.499208964825915
28 0.342951029313816
29 0.523747381356089
30 0.438155861805158
31 0.614157236175564
32 0.695295493622050
33 0.930612581549521
34 0.747699785187512
35 0.594348895712886
36 0.831400560557075
37 0.862965269715724
38 0.763883803854951
39 0.495800004422015
40 0.738520676624259
41 0.630097874408707
42 0.415885222931080
43 0.635423318866673
44 0.733032330884941
45 0.617662124381913
46 0.761599126968948
47 0.977123505354003
48 1.258831715712217
49 0.758012685442426
50 0.918908657895229
51 1.320852341506297
52 0.683958387576535
53 0.818083640003161
54 0.731025828976873
55 0.697597233907837
56 0.689954756129693
57 0.780188597071694
58 0.781131029902042
59 0.800074387519250
60 0.590311723501107
61 0.882479152675761
62 0.605801905445611
63 0.996963038519222
64 0.750804321925354
65 0.738859052865556
66 1.014305906395771
67 0.839132134388320
68 0.852672876314089
69 0.924205515970990
70 0.786682445051302
71 0.948212850715549
72 0.850946451121171
73 1.028767545817314
74 1.012134278627438
75 0.941553687855892
76 0.913750846721502
77 1.159445701846324
78 1.055367844752869
79 0.959563316935032
80 1.019192535474592
81 1.251315540679860
82 1.182061334819733
83 1.199720311979698
84 0.938992903809825
85 0.994067582882955
86 0.873291400815681
87 1.052828252644437
88 1.123407653214184
89 1.269102094081108
90 1.060994216642353
91 1.069900587040813
92 1.090473761879303
93 1.202492442722529
94 1.073873766988324
95 1.028310289084463
96 1.044763164758955
97 1.214527317215773
98 0.959631467178123
99 1.219324754120329
100 1.069242956782247
101 0.820372478101863
102 0.758026517757709
103 0.782597223522488
104 0.758729839522123
105 0.849330490773554
106 0.878736742266664
107 0.998542481926360
108 0.973618967627264
109 0.884704628690583
110 1.107129376188151
111 0.955599713619173
112 1.118447220021303
113 1.058999712798808
114 1.031467733965337
115 1.180997819171507
116 1.235901515949036
117 0.984059396536919
118 1.145172270342438
119 1.079875443928300
120 1.123766921682039
121 1.083083684580474
122 1.028539699784345
123 1.053846975694097
124 0.976155397319182
125 0.927590959537990
126 0.997288395716658
127 1.010494814043156
128 0.848483589278663
129 1.106930196330118
130 1.315431405603898
131 1.376089422638075
132 1.091393240904634
133 1.234061722312870
134 1.095241746493489
135 1.228293397766047
136 0.969020613181099
137 1.000489732392702
138 1.126112792583855
139 1.051263373064659
140 1.075962332992542
141 1.042620570087490
142 0.906780292332516
143 0.952623031588329
144 0.834020793249758
145 0.984674574262634
146 0.979264437032876
147 0.949975036668668
148 0.950205092639696
149 0.952618918733256
150 0.948262327995440
151 0.811754132748023
152 0.873284128114283
153 0.921145198517296
154 0.957874777220216
155 0.992740599086950
156 0.989676463076849
157 0.989397076086608
158 1.007397648128600
159 0.955383297241466
160 0.960953122718902
161 0.932282976291776
162 0.989804763200090
163 1.097095354333779
164 1.027379017660328
165 1.079483639537760
166 1.032444183967045
167 1.007462550958763
168 0.971111656476137
169 0.962064286029547
170 0.999340380511679
171 1.076808538951268
172 0.954229079180322
173 0.976748113797624
174 0.919854285466001
175 0.953637064469169
176 0.994284805894976
177 0.936362822443697
178 0.984399593078949
179 1.056130585409887
180 0.957908115867209
181 0.930399060376246
182 0.924051742549617
183 1.010161436718376
184 0.979092322482277
185 0.925356869233889
186 0.895012708889832
187 1.007222878430970
188 1.025835112395270
189 0.969316016120596
190 0.956037289105375
191 1.002037108088861
192 0.972627103298759
193 0.943842088444082
194 0.902837132183615
195 0.961079887565381
196 0.937606191101245
197 0.966465868381541
198 0.934084466804511
199 0.876465319195165
200 0.947030897653298
201 0.917050137564400
202 1.018272927964046
203 0.928713323212709
204 0.915645490586434
205 0.996219894366795
206 1.029779756951721
207 1.008837236040404
208 0.948104198949154
209 0.957990609914177
210 1.106131022024965
211 0.962051163890562
212 1.036470402045532
213 1.003321807172418
214 1.088573515032930
215 1.051637181521661
216 1.122468810996820
217 1.034370156420949
218 1.056170910637560
219 1.082467951279891
220 1.047695506707891
221 0.954214530275520
222 0.962293238336953
223 1.020870876390047
224 0.997609276137493
225 0.966806688092303
226 1.024695906691725
227 0.951510926531336
228 1.014839722525907
229 1.035921103754671
230 1.065498228305283
231 0.902147280316478
232 1.000285667244647
233 1.020261226302213
234 1.066885703221579
235 0.997599329628523
236 1.014087431833779
237 1.048776539670975
238 1.034771941991763
239 1.024119364644420
240 1.094086984731028
241 1.008256309524182
242 1.036628444439057
243 0.944153743951629
244 0.987397387725724
245 0.941637312612757
246 1.025185127984098
247 1.007901398766792
248 0.912700583972013
249 0.980398352396554
250 0.920984953925261
