0 4096.000000000000000
1 0.001411540357815
2 0.013309792019063
3 0.028058688296953
4 0.034028205158582
5 0.056746107220694
6 0.066087686569009
7 0.079957544451958
8 0.266022531665296
9 0.094500060461575
10 0.107288978499104
11 0.131861804640045
12 0.215846288628146
13 0.184739266816466
14 0.243531352369346
15 0.154059956407067
16 0.216183720553721
17 0.325156984403339
18 0.277880615583705
19 0.267855765449389
20 0.383357651068349
21 0.365057177123041
22 0.345481495754713
23 0.531963353467543
24 0.651019262298691
25 0.548350072458722
26 0.564601065608964
27 0.734163423114819
28 0.622870988474544
29 0.637991638347626
30 0.475316690250501
31 0.534526386837182
32 0.522812017408388
33 0.634593839687510
34 0.807150577057946
35 0.610166489755829
36 0.730638528032118
37 0.679036338747044
38 0.803794828683462
39 0.708552705865337
40 0.874845454733800
41 0.788339354632689
42 0.675458810005118
43 0.738772816626061
44 0.820669303181732
45 0.773606673770165
46 1.135194469549362
47 0.914025770347566
48 1.694220407479656
49 1.017443572770183
50 0.773705839223236
51 1.053735741099230
52 0.886168530878715
53 0.958580470248719
54 0.794234136495180
55 0.769120023009823
56 0.749750883296072
57 0.890927043813913
58 0.762915292434365
59 0.897332900827871
60 0.740326678156610
61 1.001714839052358
62 0.776628396282135
63 0.860415611421091
64 0.814770786954758
65 0.925627181073574
66 1.050173633112381
67 0.789330484625404
68 0.810741957898788
69 0.932442761676336
70 0.803043857989840
71 0.809913646045407
72 0.925079665543660
73 0.942701530664024
74 0.979740710907025
75 0.777428180909266
76 0.794791097722147
77 0.928080796943943
78 0.973151428210332
79 0.829096282071740
80 0.952585072061800
81 0.931271132306141
82 1.013635529922078
83 0.957332693006592
84 0.950025787257412
85 0.969431538594747
86 1.032227543402373
87 0.996119743221222
88 0.914905362850946
89 1.094719317452475
90 0.952516714724209
91 0.968828264824809
92 0.979671630856410
93 1.063328889002372
94 1.046846382930454
95 1.103884370557660
96 1.031795011147920
97 1.152632482034955
98 0.818657086029388
99 0.980457943451568
100 0.954697790335839
101 0.943309618981732
102 0.890527094562749
103 0.932781350350303
104 0.845774735030191
105 0.950140721703767
106 1.120514812742046
107 0.964712958334333
108 0.967603779753568
109 0.998673152101079
110 1.137253022525035
111 1.045990997326037
112 1.004533549179231
113 1.019330819115500
114 1.028151657589775
115 1.095356620798238
116 1.102340119367886
117 1.154085646170287
118 1.112012926019221
119 0.992183260735183
120 1.172812476545761
121 1.090805303234246
122 1.140678707661122
123 1.062804565601920
124 0.928842512516897
125 0.819294775917659
126 0.967019903804551
127 0.983389600606293
128 0.903270106921320
129 1.069710313294602
130 1.285298956112589
131 1.113975014267208
132 1.063359191089598
133 1.046881935800665
134 1.195811763197115
135 1.209618835847945
136 1.060151878061203
137 1.079504637562918
138 1.089379332622840
139 1.026621048700711
140 1.074830130297782
141 1.047246406325916
142 0.982151947121109
143 1.021623955606817
144 0.997911778567896
145 0.969105075732170
146 1.050216250430512
147 0.912339405987466
148 0.943877026525537
149 0.983805859567744
150 0.951599739824919
151 0.943325380379595
152 0.948512108680964
153 0.888797245336884
154 0.950478286747044
155 1.043556321866467
156 0.933843217203718
157 0.959775790251906
158 1.006342353834202
159 0.899663997852479
160 0.946200363753905
161 0.861710936531116
162 0.928732914321002
163 0.971407404638826
164 0.965708047696731
165 1.013855528365774
166 0.984576606075178
167 0.996855894104337
168 0.957347537516039
169 1.016624837779853
170 0.945922042282352
171 1.044186579030886
172 0.992394181679434
173 0.970607220263747
174 0.916137912794697
175 0.918562551209658
176 0.975160784686984
177 1.013818016849226
178 0.918221884359716
179 1.060034387148863
180 0.906313143818996
181 0.961972054581545
182 0.944031497105460
183 1.033017093576921
184 0.971080412783431
185 0.936579777323659
186 0.971227568942194
187 1.006525054404727
188 1.052622594800993
189 0.983765768725413
190 0.990968283733956
191 1.006690576152048
192 1.116869164144501
193 0.969412506427536
194 0.992271125603703
195 1.034641690229502
196 0.923162782276387
197 0.997413957298051
198 0.980380186363860
199 0.983821498026050
200 0.973610320635020
201 0.951219015749675
202 0.950348156874990
203 0.981080268539576
204 0.930819041064381
205 0.947046303296037
206 0.968750140383682
207 1.006185940663850
208 0.943862688292690
209 1.035667630325253
210 0.975899713335811
211 1.019701384107479
212 1.067679149825779
213 0.982674840789767
214 0.970926399850599
215 1.002356595535034
216 1.017327783762218
217 0.974879850631137
218 0.992132959533147
219 1.079213000693361
220 1.060790473236658
221 1.011387476037644
222 0.958794043727704
223 0.954286669973835
224 0.955590739980336
225 0.936897672577313
226 0.971578037616766
227 0.971678195988370
228 1.043051525839705
229 0.984429791833761
230 0.986027365992002
231 0.942495091785087
232 1.126065095726128
233 1.008197109219759
234 0.964484928859088
235 1.054450724449147
236 1.015075657632947
237 0.991564715433783
238 1.026276878363988
239 1.017755928019362
240 1.131811821722378
241 1.055837008130814
242 1.022268446052327
243 0.998377958175012
244 1.017169626478292
245 1.074175533389167
246 1.081583239139613
247 1.031115334197634
248 1.031080478167763
249 0.949523427936807
250 0.917095053419448
