0 4094.000244140625000
1 0.001991239078317
2 0.013484843223548
3 0.021790804884421
4 0.068321738136284
5 0.076120830030042
6 0.057009550087756
7 0.060249657244952
8 0.158496804058811
9 0.065272959012993
10 0.150249800922801
11 0.170797501026397
12 0.239879532224066
13 0.145966964687214
14 0.188965402000061
15 0.192913175913539
16 0.234993576090258
17 0.278231749429505
18 0.235694960586170
19 0.188206384663160
20 0.269004042910725
21 0.284207495856376
22 0.275801696124194
23 0.557213660962804
24 0.637733496862558
25 0.625470895837943
26 0.725914707266538
27 0.823608793798948
28 0.946295778957359
29 0.807910484520193
30 0.816517766691644
31 0.845995245925549
32 0.709757390644521
33 0.742148963244377
34 0.708588887119723
35 0.634996875830566
36 0.724275877260221
37 0.665239969462206
38 0.955720440822109
39 0.650746640829762
40 0.888813179177438
41 1.084980879912645
42 0.998036814249499
43 1.101465798461284
44 1.137201028576952
45 1.092563143254266
46 1.268982146055208
47 0.825325368200974
48 1.098771373664567
49 1.131621965371633
50 0.760004882448119
51 0.646704253559176
52 0.868623049986950
53 1.031086411025640
54 0.630007362788074
55 0.660905921516145
56 0.691574671013882
57 0.661703648580001
58 0.739348971407497
59 0.774167849404274
60 0.714487444947708
61 0.900453018656099
62 0.698380235154205
63 0.794841343254052
64 0.627063037880727
65 0.637157933460022
66 0.811196765879401
67 0.837606173623599
68 0.604506064706960
69 0.726253205898350
70 0.703780777735271
71 0.948605650261708
72 0.917715757707543
73 1.039275757060035
74 0.872934617124220
75 0.927225004480891
76 0.800507197494734
77 0.981136383680369
78 0.919889065831735
79 1.058828400766073
80 0.899935105669470
81 0.923005856777262
82 0.998718929925609
83 0.947695502632423
84 1.181075237596268
85 1.088505276430256
86 1.004036593283059
87 0.880457660014226
88 0.799224424712662
89 1.044131574323354
90 0.944542218528892
91 0.993951126164369
92 0.999743733844517
93 1.295543587869099
94 1.049734826573763
95 1.050517522524794
96 0.847530765614574
97 1.021855477312302
98 0.863075663728936
99 0.973620083111369
100 0.876450739954562
101 0.944654207153211
102 0.915582779432932
103 0.915673605180551
104 0.822209355031674
105 0.952244244633908
106 1.006801596009996
107 0.939833648335305
108 0.914360017861362
109 0.902401552406732
110 0.952581697816567
111 0.884147181725219
112 0.870974213670359
113 0.907942634976506
114 1.001979112038610
115 1.128882150747415
116 1.286091571992226
117 1.316571523080455
118 1.386251350465815
119 1.020287533597004
120 1.359690076057753
121 1.153738573127164
122 1.201935400721837
123 1.309616682117596
124 1.120912823286548
125 0.917412246682783
126 0.953287574120924
127 1.051076699256976
128 0.899241178827286
129 1.025500269424104
130 1.179101663658059
131 0.981206416548036
132 1.010761035941373
133 0.876741336745742
134 1.055410872768211
135 0.994861369255809
136 1.015148459939849
137 0.978787419872203
138 0.997758303476791
139 1.039007524319781
140 0.985372373081666
141 0.900413832986465
142 0.937435596318962
143 0.883561858217407
144 0.955412319797729
145 0.975891219571402
146 0.994505810957392
147 0.834745975897765
148 0.972175642612901
149 0.909209600649639
150 0.825813281376754
151 0.995362732797069
152 0.960705970590853
153 0.899480098278704
154 0.918410678107621
155 1.077570306146527
156 0.998010067302630
157 0.892094122339957
158 0.905210161712376
159 0.959570118778266
160 1.016245513420569
161 0.917138497091259
162 1.034013678748065
163 1.074392319164265
164 0.949514479672691
165 1.142545929616024
166 1.062353290084650
167 0.943531161765291
168 0.921103411701751
169 0.961580824080916
170 0.945250240760010
171 1.061178416114654
172 0.902179894703748
173 0.973214645374371
174 0.981540631899057
175 0.981270995582740
176 1.078580565482211
177 0.972525383273402
178 1.047763414414379
179 1.122720656642635
180 0.987766974987069
181 0.905588566433120
182 0.924929254310575
183 1.071475444936517
184 0.972754407422427
185 0.969846252706700
186 0.893361391984971
187 1.068146486343124
188 1.186036781705958
189 0.969350303180037
190 1.054662145528293
191 0.930299241911052
192 1.063360085676846
193 1.011865205046048
194 0.964822584844532
195 1.004253251570672
196 0.936795187192828
197 0.967123417036809
198 1.031428475551269
199 1.087412273693875
200 1.060487509797619
201 0.980532299127393
202 0.999956065528599
203 1.077021894182435
204 0.925774975275184
205 0.984225327639852
206 1.064785048911405
207 1.097615345914239
208 1.001978697189840
209 1.064503854142326
210 1.005684313052879
211 0.988960847258214
212 1.073982416649354
213 0.906558710077273
214 0.994943811000199
215 1.110151796720813
216 1.034973209991283
217 1.036284529011012
218 1.032996345103767
219 1.013335324637736
220 0.966875568867159
221 1.087576914075895
222 0.887997689089410
223 0.979462399261145
224 0.999981743304107
225 0.999148663695879
226 0.960438250899837
227 0.993481612907992
228 1.030431399375482
229 0.956590290756828
230 1.111486775184995
231 1.020608843330380
232 0.969286464456128
233 1.003004871975474
234 0.926475650235652
235 1.041176820352446
236 1.089589430942577
237 1.023685843412494
238 1.035659686500723
239 1.016785794384296
240 1.065427648010654
241 1.077735358457781
242 0.982773350300902
243 0.990482689119141
244 0.969560902761772
245 0.977418440623146
246 1.035175515806115
247 1.037024471328555
248 1.030886438777773
249 1.070974001516419
250 0.949448541595616
