0 4096.000000000000000
1 0.001563726650864
2 0.013899193210842
3 0.028209898619600
4 0.034972183493954
5 0.058043653835406
6 0.070158286432090
7 0.084029933033241
8 0.294647712013728
9 0.099294470808428
10 0.107876065098072
11 0.140377346595677
12 0.223868298615674
13 0.189886214869654
14 0.251366472497048
15 0.155286568662771
16 0.209648579677358
17 0.315741734357445
18 0.266468223877617
19 0.251068842364924
20 0.318724915088206
21 0.337405601720840
22 0.347902546902579
23 0.548975297080524
24 0.613043147867955
25 0.555667350750493
26 0.561719396606860
27 0.740127002012647
28 0.648087161584367
29 0.662316373371853
30 0.491335207981797
31 0.557848631672404
32 0.531810668722869
33 0.664591263944923
34 0.836302272007187
35 0.580160709117218
36 0.748634986927052
37 0.650004345543760
38 0.791384514045880
39 0.672636270916100
40 0.847960327972459
41 0.765875953524874
42 0.653940785566817
43 0.747769626653678
44 0.798951176967303
45 0.748348384928375
46 1.180825919647041
47 0.937790677080643
48 1.802136884066676
49 1.053428428008845
50 0.807686946107571
51 1.050184051631027
52 0.902326038845070
53 0.963736193686186
54 0.805008878685065
55 0.780768322585000
56 0.785574158629661
57 0.911557760090769
58 0.777590837053474
59 0.936468556917712
60 0.763339534107293
61 1.026593614018736
62 0.799303426042986
63 0.842091731983270
64 0.795412760166561
65 0.885818501669209
66 0.983178419850154
67 0.778339786435573
68 0.804674930934079
69 0.963016005895518
70 0.786141383035842
71 0.796522616154429
72 0.914215831508963
73 0.940335528946000
74 0.946464202528512
75 0.762687430659428
76 0.789425609330985
77 0.923688079588708
78 0.926278475124827
79 0.828631478503409
80 0.966902563612532
81 0.930462145486255
82 1.023316566850403
83 0.964506228541948
84 0.948699348546261
85 0.994499028186815
86 1.047405412837156
87 1.003545815337497
88 0.894498976867645
89 1.074507628146574
90 0.971522990026265
91 0.996600084968580
92 0.991195021669760
93 1.123343004095168
94 1.044533030444480
95 1.108118335422807
96 1.027478351679787
97 1.184209771136107
98 0.788670998817981
99 0.976354989715326
100 0.954054151648873
101 0.932909129053208
102 0.888490555430505
103 0.938044785922156
104 0.839917114788392
105 0.975436120549300
106 1.128364519621196
107 0.958297540319041
108 0.937402102357961
109 0.993478147852917
110 1.126987939451404
111 1.067897285782019
112 1.027050095219280
113 1.010463438024515
114 1.023410839370797
115 1.086572332529440
116 1.111819355246557
117 1.117736574403589
118 1.107832895046599
119 0.990932494843971
120 1.141226762458114
121 1.102806321531908
122 1.127588078236598
123 1.069508516149706
124 0.939938159886678
125 0.840993452367258
126 0.978816078644639
127 0.967843916188118
128 0.912739961791525
129 1.086759672664861
130 1.236141255769678
131 1.100592598114161
132 1.006836016691940
133 1.033249506656144
134 1.199558024261273
135 1.228654394839820
136 1.068642622790883
137 1.063826006819243
138 1.100925930390465
139 1.013965595730985
140 1.100511166107995
141 1.041992714181681
142 0.974393039667396
143 1.025153284623968
144 0.987413491722955
145 0.965491012619606
146 1.034598482854023
147 0.891864789903015
148 0.951608532963957
149 0.979380873920528
150 0.964085826403992
151 0.916582709616057
152 0.961665383606133
153 0.879536041045589
154 0.952738244720263
155 1.024450007544818
156 0.936596854299224
157 0.965096896774218
158 1.027216161122877
159 0.897213337553455
160 0.953113619280494
161 0.880664633946192
162 0.942075862179314
163 0.961878016298096
164 0.968610024918794
165 1.033287128107299
166 0.992260429832299
167 1.005999344685192
168 0.958806864290037
169 1.025657109036582
170 0.944905200226447
171 1.045539522596331
172 0.972814367360442
173 0.955162895890985
174 0.910845730337994
175 0.916258834154355
176 0.972747959564399
177 1.014899102381076
178 0.905912544986450
179 1.062967016055571
180 0.908125330486324
181 0.953455841621415
182 0.950482900695689
183 1.045380262440675
184 0.988451193659486
185 0.944691716841437
186 0.989810540270451
187 1.016566642397879
188 1.061693691129516
189 1.001500371920198
190 0.964255208249117
191 1.002261457357307
192 1.076223962881020
193 0.984559767816920
194 0.992240796116353
195 1.052555235882954
196 0.931470612113938
197 0.999632389144525
198 0.969306786432514
199 0.983704298290197
200 0.978565438007050
201 0.958830885428200
202 0.944136500258095
203 0.987030046698861
204 0.909612980477178
205 0.956968502497364
206 0.963547537000580
207 1.001633431474470
208 0.928376275679927
209 1.031329070739196
210 0.987325332017143
211 1.017968821348531
212 1.072974955917203
213 0.979720777146839
214 0.974053442462968
215 1.015358424175278
216 1.014360412976247
217 0.974770201668119
218 0.989555696201341
219 1.082037732256808
220 1.055824946211521
221 1.010676778316322
222 0.964958589981179
223 0.954186042128705
224 0.949997181330251
225 0.924000205590883
226 0.976093280561271
227 0.955559238905274
228 1.031810688665060
229 0.974446623468474
230 0.997575588571221
231 0.929927359382657
232 1.130514985393800
233 1.001441729057259
234 0.965083690563818
235 1.072560955568257
236 1.008271957879288
237 0.975911719466749
238 1.023530212634940
239 1.013312788451562
240 1.128422011948292
241 1.060300067826320
242 1.028798713157207
243 0.992881601790296
244 1.034416004408493
245 1.069664891545316
246 1.103108997662063
247 1.038558277468619
248 1.022836936389643
249 0.963461203259471
250 0.934431401139989
