0 4096.000000000000000
1 0.001567449655627
2 0.011678844331048
3 0.046491287070382
4 0.026376957711724
5 0.051460951995839
6 0.043212047272658
7 0.143415351559005
8 0.612720302123081
9 0.054795216079254
10 0.112992575358363
11 0.130513709559053
12 0.197485045260657
13 0.226784998357372
14 0.330375766411985
15 0.210483211279040
16 0.282798334049008
17 0.296950465090478
18 0.241685546550392
19 0.221562671456238
20 0.255707516949256
21 0.359102436322356
22 0.272860609204218
23 0.508072637910820
24 0.468295527310983
25 0.690693650905370
26 0.518811009204266
27 0.693853589654928
28 0.794236354470760
29 0.787557665983575
30 0.580920533813663
31 0.687705589889548
32 0.423533195688528
33 0.774672223034865
34 1.023347378898965
35 0.565055467968232
36 0.765211733855848
37 0.548527254484444
38 0.663188549684539
39 0.667094845044141
40 0.410478190679400
41 0.814733262596827
42 0.414819822419744
43 0.471281305553750
44 0.592489575366540
45 0.674841247658029
46 0.756746949177982
47 0.757566449435517
48 5.299649219199277
49 1.252971697664176
50 0.941485460828492
51 0.923189711977994
52 0.708369792589631
53 0.569811196705350
54 0.696027805208060
55 0.684403803360650
56 0.703894445870182
57 0.807813485396802
58 0.639048755369299
59 1.155245352862470
60 0.733895731789773
61 1.189168462670247
62 1.213730199904135
63 1.019929097681683
64 0.878611164838052
65 0.807073064568733
66 0.909938594469142
67 1.088776031375491
68 0.830326237774220
69 0.989549176365292
70 0.819438910760496
71 0.857403254001522
72 0.860124520070374
73 0.934379622878299
74 1.092462723093609
75 0.738059426174718
76 0.934272648157571
77 0.986867022317947
78 0.911374943128492
79 0.968694837003624
80 0.826644619853151
81 0.869261427059384
82 1.083303250803624
83 0.870790351645632
84 0.898348666979179
85 0.869187401232035
86 0.909036173396171
87 1.028921884749316
88 0.771156892307488
89 0.890352473213589
90 0.703718561163364
91 1.007822141903618
92 1.133450891249227
93 1.085365164004439
94 0.841498420206767
95 0.832806745774093
96 0.731607071924169
97 1.074490844230283
98 0.601889367821799
99 0.740424558395480
100 0.842720613162453
101 0.713687183660130
102 0.830827215874839
103 0.760669414081825
104 0.833115166911176
105 1.131620619881426
106 1.576920871135937
107 1.223222701072719
108 1.071076885737894
109 0.924534064014617
110 1.099473320017495
111 1.111513158056355
112 1.041139050419185
113 0.924372563031695
114 1.098935142094903
115 1.107000333054560
116 1.311208058180598
117 1.342560886278925
118 1.320963560788498
119 1.097904550224952
120 1.381786072981853
121 1.162359017280378
122 1.406218801045951
123 1.181469106621786
124 1.012725831031131
125 0.925066051962072
126 1.171292699124172
127 1.122602066080144
128 1.080972787680716
129 1.180829929575592
130 1.369026130689508
131 1.236423569532756
132 1.089224648305421
133 1.019213393338289
134 1.138370661693217
135 1.107796890891608
136 0.852377637462395
137 1.121697911271847
138 1.299543611827196
139 1.161837556882537
140 1.275518378922107
141 1.337362567617993
142 0.987937120843545
143 1.097732509734073
144 0.965213682794399
145 0.870107992854583
146 0.994129577298898
147 0.867323108058022
148 0.885927297968952
149 0.894030086610015
150 0.883121351212693
151 0.898206983948454
152 0.913994427898704
153 0.844965391324206
154 1.011384488971473
155 1.064849197521757
156 0.921695041678046
157 0.915767908671264
158 0.886734719665020
159 0.795456857400809
160 0.899115027519626
161 0.913600470417600
162 1.043357914341502
163 0.875659703313430
164 0.819887774448609
165 1.121887467706941
166 0.955318783265239
167 0.940245929268590
168 0.917052406600555
169 0.992734352157892
170 0.820654945935533
171 0.978359583987154
172 0.805900106190968
173 0.796289415764488
174 0.753300511936078
175 0.801246500043831
176 0.965974887606576
177 0.991133443789129
178 0.944869140084317
179 1.009478102714347
180 0.898465954908016
181 0.905967393362786
182 0.955719995211827
183 0.995143135255261
184 1.001847659990130
185 0.876481273770727
186 1.089989901220235
187 1.165687686960260
188 1.258657981559775
189 1.060804278734334
190 1.025956825087669
191 1.156196931997254
192 1.083494578376936
193 1.056197414496066
194 0.998362742010592
195 1.010784704793624
196 0.969720951057518
197 1.115543130683742
198 0.847647424798611
199 0.864943395605040
200 0.904979168334433
201 0.879553112595243
202 0.882539717540789
203 0.941446328814146
204 0.857357316128355
205 0.954945234165638
206 0.803698596636591
207 0.844101257959594
208 0.806531790124387
209 0.938999494757870
210 0.851708302677241
211 1.020046154069802
212 1.005037327497128
213 0.884097499876655
214 0.911289834202677
215 0.990861471360159
216 0.909378682806263
217 1.073959281110759
218 1.016599702235384
219 1.005700225129757
220 0.997214388108759
221 0.970014837499061
222 0.985711088451356
223 0.819825677154808
224 0.896695318758070
225 0.887869590197594
226 0.977582683793546
227 0.893061806674191
228 0.981897978056733
229 1.012588837441027
230 0.931904083673727
231 0.907485452581952
232 1.009255885952711
233 1.045719078297281
234 0.953774873058825
235 1.125761194355658
236 1.028572598486292
237 0.969697986669522
238 1.121809133861966
239 1.028278252500696
240 1.213598643824911
241 1.112478089095703
242 1.059691384412901
243 1.018447485319115
244 0.995076638682274
245 1.159678794816629
246 0.864288732596147
247 0.994082970420443
248 0.969612752976240
249 0.935823746115105
250 0.923822359648642
