0 4096.000000000000000
1 0.001659896594614
2 0.013207877195793
3 0.027091672524712
4 0.032914683325091
5 0.054654704879930
6 0.066872925467694
7 0.079023186739224
8 0.241859029074870
9 0.090641545174097
10 0.108034380281301
11 0.129807886573898
12 0.223268834138885
13 0.194721247167633
14 0.235352418048753
15 0.166237237883351
16 0.215304574192380
17 0.313437855668683
18 0.279729419041105
19 0.263627338597558
20 0.367274382616541
21 0.361652768678881
22 0.336197902087932
23 0.531107666977934
24 0.658941814414007
25 0.547129872555434
26 0.563147264889332
27 0.705127668059632
28 0.620820936837513
29 0.630546623209453
30 0.473950592045473
31 0.571654719274934
32 0.520967680657978
33 0.625053619231028
34 0.780812115019907
35 0.592703084073623
36 0.729009656736360
37 0.672893125862007
38 0.811567708118780
39 0.694890840733271
40 0.857254216890138
41 0.792934156167386
42 0.675379727017743
43 0.740449502867040
44 0.822475195648520
45 0.774806666355618
46 1.140775363021469
47 0.918735777873756
48 1.645742677914939
49 1.032162268073453
50 0.787133938875388
51 1.067807566295232
52 0.938782545390504
53 0.972004799024211
54 0.803978662457013
55 0.789271517196969
56 0.769537145616625
57 0.898513896104400
58 0.768117619526072
59 0.899423365149094
60 0.745062587199514
61 0.999941357425058
62 0.782171918296501
63 0.853256585002033
64 0.831534353973974
65 0.893850853887009
66 1.051501744482014
67 0.788153107894221
68 0.812899004041524
69 0.916682929675070
70 0.813125952854122
71 0.831794583595844
72 0.912005460815521
73 0.955578854412636
74 0.993310527270383
75 0.773733294413313
76 0.798552910178350
77 0.920282634317309
78 0.962306947488918
79 0.815160054695676
80 0.934050233510160
81 0.915605206879904
82 0.996129243087330
83 0.947437905909664
84 0.936159793970598
85 0.960231691668430
86 1.020236899275585
87 0.976078274338680
88 0.893345066337297
89 1.077183368877841
90 0.933800142380014
91 0.961225009804447
92 1.002580096342655
93 1.050955386055786
94 1.032284766166885
95 1.104260687866591
96 1.025523404191272
97 1.134273986769381
98 0.828898674971809
99 1.005017473874770
100 0.955242894334632
101 0.950259478764855
102 0.896755815229188
103 0.935287905177184
104 0.851946222062488
105 0.944987906651196
106 1.105382199346260
107 0.967078975409718
108 0.964861595497684
109 1.000189748905859
110 1.138687497291134
111 1.051446515979941
112 1.010950621836777
113 1.016796865557736
114 1.020423221305583
115 1.073025427480616
116 1.082198706518154
117 1.132897223035009
118 1.100962808336562
119 0.993845222742152
120 1.177030356291672
121 1.103570558628928
122 1.152789016664941
123 1.082027588001252
124 0.929198658333399
125 0.815601849257775
126 0.965566379685952
127 0.982754257720357
128 0.903654457672208
129 1.067243821913899
130 1.262348890329725
131 1.121212776240098
132 1.070914779043539
133 1.035190158015797
134 1.174042150165332
135 1.188204374353888
136 1.043971129416813
137 1.079291318280947
138 1.096362674402295
139 1.036998899130331
140 1.072590697082189
141 1.052958626855263
142 0.981203152594650
143 1.028554325348358
144 1.039014850711190
145 0.976047096078254
146 1.051977162295506
147 0.913900901962853
148 0.957055820821200
149 0.985264935721794
150 0.974399071284879
151 0.948281952345958
152 0.946155507937949
153 0.892814506774841
154 0.948042281217116
155 1.039313758638944
156 0.936842173452931
157 0.966157325133934
158 1.018679741359008
159 0.899610509569443
160 0.954243637881720
161 0.880550554914053
162 0.948811855042872
163 0.968716841716066
164 0.979278447524710
165 1.050831868502663
166 0.984223904385002
167 0.991511569474623
168 0.957398587685356
169 1.020512109275368
170 0.951658232427408
171 1.045130240040840
172 1.010231653994266
173 0.976603554950357
174 0.925565599110746
175 0.932520674904902
176 0.975760891676251
177 1.024276739566034
178 0.927067850655557
179 1.051090464329332
180 0.913420356427686
181 0.968559340901905
182 0.936854050491264
183 1.034607358547923
184 0.965017102096448
185 0.932905402311459
186 0.963092684449169
187 1.026157966984619
188 1.068380604688046
189 0.990546241113894
190 0.988484359953696
191 1.017981704320978
192 1.105858889654561
193 0.965228533847402
194 0.984635271619120
195 1.023482820523765
196 0.925295509347308
197 0.988985214812366
198 0.974383749507429
199 0.981591244194497
200 0.971659621003365
201 0.947599526488997
202 0.962191678722239
203 0.980386829682774
204 0.936759779070791
205 0.950585998646215
206 0.965502466657155
207 0.996848462798213
208 0.931942265912370
209 1.030935883060352
210 0.967121223725595
211 1.007830963382819
212 1.057207725425767
213 0.979033102340571
214 0.960501849718953
215 1.007687737289207
216 1.010884624477944
217 0.987793602358355
218 0.986951165809690
219 1.073806776127719
220 1.046920047402733
221 1.002927719188130
222 0.958724907814460
223 0.949790437961715
224 0.941996488248527
225 0.942283115419168
226 0.971561004565014
227 0.965244436676437
228 1.046120117824287
229 0.991885049788999
230 0.992123632921448
231 0.946642586493340
232 1.119920725476119
233 1.011069808651064
234 0.950360851453110
235 1.036203122048115
236 1.007751046439118
237 1.001574614047795
238 1.026077862777508
239 1.024398089209241
240 1.131349471213074
241 1.051716787967877
242 1.024792845567057
243 1.005610818295137
244 1.012086708844289
245 1.072081946323902
246 1.073697697577561
247 1.035409458875724
248 1.019008331425862
249 0.952114200563859
250 0.927934871695084
