0 4096.000000000000000
1 0.001982299317127
2 0.011839464609250
3 0.024810007664004
4 0.025697071547391
5 0.047396539795850
6 0.067150033698084
7 0.089639282373859
8 0.292897130546216
9 0.091282425480416
10 0.107079250176821
11 0.144686758090915
12 0.223275076365352
13 0.208681444501524
14 0.270532819990802
15 0.164388654692162
16 0.197569807406990
17 0.326954935390789
18 0.272610792631061
19 0.259709291407736
20 0.318358035562876
21 0.346062029905961
22 0.377876518486023
23 0.558826656314217
24 0.570628714876066
25 0.558573986075266
26 0.499345776993293
27 0.802415926950239
28 0.669922323578062
29 0.620514441581585
30 0.457326405462189
31 0.543145123254499
32 0.512304005713638
33 0.661212179169013
34 0.862669524346979
35 0.546871479911876
36 0.667629768851098
37 0.626609229151252
38 0.748745466321007
39 0.626939596150062
40 0.737302710718471
41 0.716128087396973
42 0.570245680787715
43 0.661611962976736
44 0.762771486332716
45 0.706147339109144
46 1.162318508380704
47 0.831315485143457
48 1.824708910105200
49 0.930952573010194
50 0.787916645228328
51 1.055102002658321
52 0.844553047285315
53 0.856086504191950
54 0.810086044552393
55 0.809574810225644
56 0.752974569445717
57 0.954097256418912
58 0.806580125683412
59 0.920455705313516
60 0.761696900384042
61 1.100162715142593
62 0.833750144229148
63 0.889846576604919
64 0.842745631119362
65 0.931821479292599
66 1.058907616550930
67 0.813024356023657
68 0.801057621399836
69 0.981009195841448
70 0.832748136561582
71 0.793068741888980
72 0.956361704714241
73 0.940726544238418
74 0.992332815433524
75 0.782890633225239
76 0.806524325741763
77 0.926535384348295
78 0.906625335931355
79 0.859472805150404
80 0.988994216574264
81 0.939212063206526
82 1.034090301459802
83 0.969998648747082
84 0.883318989848247
85 0.936631705256214
86 1.005020335751032
87 0.961680000209507
88 0.889340664340371
89 1.040770769285638
90 0.901773824795813
91 0.940143487432092
92 0.969410924868020
93 1.173801089015649
94 1.050717776055585
95 1.059464597963670
96 1.057112906890076
97 1.129594414068580
98 0.777279906144009
99 0.975924380099622
100 0.985716918416732
101 0.932212738351581
102 0.898186216982609
103 0.947503064763838
104 0.846097779401404
105 0.968372426971701
106 1.195601085115881
107 0.996996445179971
108 0.997035832189092
109 1.018927627133113
110 1.167066839011645
111 1.144735707985112
112 1.073504514686738
113 1.027179425312272
114 1.085298917207896
115 1.052531416407236
116 1.107314204924356
117 1.114525436689572
118 1.093013726911434
119 0.965237967398667
120 1.133524390988420
121 1.085093943307604
122 1.121524558592681
123 1.070441936302206
124 0.896909610284591
125 0.805481861943025
126 0.968010619139568
127 0.994733900813303
128 0.898182400892862
129 1.106171916399857
130 1.232458745758507
131 1.083528494604439
132 1.003083494766898
133 1.048871441649212
134 1.215074967042162
135 1.322812485933906
136 1.106386423688576
137 1.078826438393971
138 1.087773000959647
139 1.039299988537792
140 1.070163541580208
141 1.062997672486421
142 0.951568896572750
143 1.057446533695496
144 0.968585025023668
145 0.986074677773619
146 1.026569074265996
147 0.872418436529980
148 0.948986314115584
149 0.970265403486165
150 0.969150268333662
151 0.914732006836337
152 0.975440166706287
153 0.898366347289775
154 0.940574367955592
155 1.049801266119043
156 0.934053502668124
157 0.954826793557756
158 1.033863137912326
159 0.887899719520328
160 0.949239835935275
161 0.902508497988492
162 0.952832319336658
163 0.969528342091493
164 0.980882261955511
165 1.025502730405963
166 0.980024031045047
167 1.005944725844077
168 0.944979032927940
169 1.035867233244228
170 0.936864434687176
171 1.033825011568083
172 0.947722971577128
173 0.951399265006508
174 0.894901436010573
175 0.919425820423555
176 0.991609223472343
177 1.034442355211911
178 0.913516968217130
179 1.064380308034906
180 0.911929472786895
181 0.956552798485367
182 0.946303682805742
183 1.074596223723952
184 0.999008802057014
185 0.977543673463785
186 0.982067915953571
187 1.024994161532952
188 1.079901981679673
189 1.014584326912965
190 0.998597309818701
191 1.030641830720070
192 1.079240519417523
193 0.994119436967418
194 1.005674110328053
195 1.069517160071561
196 0.950647504691910
197 0.960009030671662
198 0.977186761241920
199 0.966215875361318
200 0.982770424126602
201 0.933860571412899
202 0.921934280695994
203 0.961574116548703
204 0.908347496284476
205 0.958561039623526
206 0.941408126617707
207 0.961134056963310
208 0.904186179147283
209 1.014412332368113
210 1.010604347677591
211 1.022572804375443
212 1.063592810143230
213 0.980974843983391
214 0.962043655298049
215 1.015966136397614
216 0.981110741078549
217 0.981991087895681
218 0.996343741453691
219 1.099215762575513
220 1.056790999490492
221 1.017563862029240
222 0.959947882692175
223 0.971592895070298
224 0.953536049253705
225 0.908720910397453
226 0.958843862515132
227 0.925548246942094
228 1.013080186569035
229 0.960561782646963
230 0.972534237410390
231 0.931004979274029
232 1.096929277621260
233 0.991287446098164
234 0.966245350919040
235 1.073083452452331
236 1.008833045771127
237 0.984345902944358
238 1.059252828825546
239 1.051513297805756
240 1.114310179416212
241 1.064874207393337
242 1.031436686169360
243 0.999366607814437
244 1.056487595737664
245 1.089398601104766
246 1.150641520840987
247 1.047735980206845
248 1.037497987186409
249 0.954421933801425
250 0.927198309190394
