0 4094.000244140625000
1 0.007889083821896
2 0.020676315705644
3 0.040245783776946
4 0.050327863123977
5 0.040988442356799
6 0.078379735978927
7 0.083681818482102
8 0.295604679401302
9 0.088856282936271
10 0.097318660532524
11 0.169331245074984
12 0.239916236853591
13 0.192994827928248
14 0.233618956433921
15 0.212763479618042
16 0.338874906031577
17 0.256006663123696
18 0.209634228391442
19 0.232166032351197
20 0.229252324626994
21 0.313229109650019
22 0.221408452011795
23 0.367424716300833
24 0.503790393008121
25 0.372487586547122
26 0.489280764586016
27 0.571008630250417
28 0.485790153783586
29 0.595779141368852
30 0.434934864145376
31 0.444258342063122
32 0.417556729718753
33 0.570673956287077
34 0.855479876026906
35 0.515736626853476
36 0.747730440090143
37 0.612678447618190
38 0.804527607529621
39 0.762352510587839
40 0.855870876009280
41 0.778041591763997
42 0.546993221206956
43 0.697144393535403
44 0.795656991583484
45 0.648565578144677
46 0.964814427360733
47 1.335878256441901
48 2.656632381350363
49 0.962420272572206
50 1.086464607248213
51 1.030672560210282
52 0.755618897792885
53 0.866520126484135
54 0.776402990735715
55 0.647974361024515
56 0.766449233153392
57 0.864514106738709
58 0.981598221681627
59 0.749667838112621
60 0.781233880042374
61 1.058072568842992
62 1.066413623146671
63 1.084790082507643
64 1.195361754041636
65 0.903400831260314
66 1.071293915412783
67 0.880369429808378
68 1.042987300171979
69 1.131725198807203
70 0.908543874015692
71 0.840353577612876
72 0.953415979940932
73 0.844411456658558
74 0.875414710621212
75 0.727541934358644
76 0.869791065802870
77 0.974511986162896
78 0.982354302083109
79 0.983129599694977
80 0.981698060663563
81 1.014436096136581
82 1.030781824621671
83 0.974046833286386
84 0.928451470519477
85 0.941666102457286
86 0.979098620646527
87 0.979883356202975
88 0.851553426647022
89 1.089715648817349
90 0.926747222601429
91 1.069620716838859
92 0.994778809488068
93 1.059644094862480
94 1.084885220141101
95 1.010355480921054
96 0.921430794549148
97 1.179228550482694
98 0.795317641339348
99 0.945311314382359
100 0.767139112936303
101 0.760790327843714
102 0.816127106855262
103 0.773829568943443
104 0.842284529415543
105 0.814698356823050
106 0.983413387694971
107 0.985993174104333
108 1.003227048688580
109 1.028798558186954
110 1.067981506437319
111 0.880500266068001
112 1.083905422538103
113 1.026005512727344
114 1.279499105210366
115 0.942986264062543
116 1.077541679063377
117 1.111654111857884
118 1.227252847588985
119 1.048987192657379
120 0.990061882567169
121 1.008178181205160
122 1.298096690594640
123 1.103865958927212
124 1.046140092399622
125 1.001381731674123
126 0.931021605991472
127 1.020585681252443
128 0.993043621778511
129 1.016383156666479
130 0.994472415303637
131 1.083436442316003
132 1.121453116476505
133 1.126409029511251
134 1.128932099224790
135 1.053321546014322
136 1.012271586412272
137 1.024639299688899
138 1.050589677812134
139 0.964517901366332
140 1.053363536245733
141 1.040790362315976
142 1.035485815579145
143 1.096098019412404
144 1.012318052859061
145 0.987429680845631
146 0.981052780506038
147 0.912148231796880
148 0.875852963547653
149 0.868478349291933
150 0.821150313402358
151 0.859735088902289
152 1.032607936290270
153 0.952038436630101
154 1.069493673504592
155 1.126191149035977
156 1.014015281024767
157 1.037391674008103
158 0.975537445586872
159 0.869262858334417
160 1.008975065372591
161 0.932386997233436
162 1.035733892566917
163 0.978579959345468
164 1.026558803730362
165 1.058851544502780
166 0.946297293834705
167 1.052083053683579
168 0.999802579480728
169 1.049575953072641
170 1.015324466001639
171 0.991581043478540
172 0.907010393905586
173 0.907920354050677
174 0.887036123097680
175 0.991630929694592
176 1.277588993642845
177 0.980617512481862
178 0.990557628839990
179 0.977972845082543
180 0.980165093560899
181 1.075118845129295
182 0.958961221330226
183 1.244089965883631
184 0.919498087690968
185 0.990370807332443
186 0.968326489909691
187 1.031599637023634
188 1.100967587683505
189 1.053433018086691
190 1.093458278060633
191 1.064668459008955
192 0.995149316399727
193 0.971579109133294
194 1.041801018902073
195 0.942328893199099
196 0.989891483697374
197 0.932594402423213
198 0.905974382665135
199 0.943298687254379
200 1.025669157405941
201 0.947788204782481
202 0.974221787616179
203 1.058486419144409
204 0.957207790492849
205 0.939804003389822
206 0.891927460701476
207 0.973730143428343
208 0.928982868581046
209 1.016598549853212
210 0.933825830894285
211 0.998855159988603
212 1.039683433627761
213 0.892826838410249
214 0.940384334806077
215 0.886834359993357
216 0.945132221903963
217 0.975732963195769
218 0.906002303813776
219 0.938263454596494
220 0.878456281543215
221 0.896005372570240
222 0.980484935441759
223 1.082754303447948
224 0.988275785088931
225 0.981315869212745
226 1.002812741127501
227 0.974969822285791
228 1.113931590891219
229 0.994954623799367
230 1.062373492021599
231 1.032981830287877
232 1.032914734692395
233 1.062080815869026
234 0.959621219893631
235 0.912734332708013
236 0.963979829543275
237 0.980892668173806
238 1.062471991248587
239 1.057323203188208
240 1.093160014931609
241 0.936276684538122
242 0.957538074563443
243 0.974188368203242
244 0.981526652379416
245 0.973541640267779
246 1.030775775085451
247 0.969836735379216
248 0.952280652645687
249 0.986028679815017
250 1.024615332920393
