0 4096.000000000000000
1 0.001794777606803
2 0.012424044193631
3 0.024417689981377
4 0.031269388016058
5 0.054668748673233
6 0.069419398946898
7 0.084635066527775
8 0.303529643086878
9 0.087410636194295
10 0.100249846236651
11 0.140072126978913
12 0.228954373514895
13 0.198765802783028
14 0.268451459492994
15 0.155631256963371
16 0.198150599020102
17 0.311660681981105
18 0.273205763463779
19 0.259703235823158
20 0.325319201456853
21 0.342935222944497
22 0.366611992273638
23 0.560527251352323
24 0.607311492796697
25 0.557891515908856
26 0.551794829848772
27 0.747116101864644
28 0.662495135409262
29 0.633436705455471
30 0.486043737775467
31 0.554164617521997
32 0.527342578267290
33 0.663359541507881
34 0.847605352201677
35 0.566974556611525
36 0.735187661228750
37 0.663360525100542
38 0.791051449210116
39 0.656214023510606
40 0.809756722727178
41 0.749876623045987
42 0.611401370739991
43 0.704342718295255
44 0.760460310460813
45 0.691366493872044
46 1.171343307315035
47 0.920974620503579
48 1.893765936387989
49 1.038205579693832
50 0.828772825912136
51 1.117559258843154
52 0.887468869203131
53 0.916097452320377
54 0.836336702547795
55 0.806499625490612
56 0.793001472967980
57 0.919407561016944
58 0.800598240806609
59 0.922327533565795
60 0.767792675170819
61 1.045491896651017
62 0.811612376142881
63 0.867363859399745
64 0.818806923728487
65 0.885601934878591
66 1.008439481355368
67 0.788739399055625
68 0.799627464411921
69 0.952073533905241
70 0.796790055850665
71 0.774414281212469
72 0.928334909851902
73 0.924269832889086
74 0.949976696801767
75 0.751904389200025
76 0.796316871437704
77 0.906742579604508
78 0.895950827528364
79 0.841293530796471
80 0.966940106999017
81 0.933384092799524
82 1.018751408617333
83 0.970448839602083
84 0.895104810527930
85 0.959506621686199
86 1.050283861947648
87 0.963143747212577
88 0.879553137653743
89 1.038537764385773
90 0.933430152308336
91 0.964118135844100
92 0.963916246581403
93 1.124876806870608
94 1.010715045214593
95 1.086729870346282
96 1.040204281635607
97 1.184135519589962
98 0.770461842165837
99 0.962915699012106
100 0.977376996658359
101 0.935060141494197
102 0.899470857400159
103 0.941247517259444
104 0.845252485448275
105 0.963752589466744
106 1.164454767938153
107 0.985943566934457
108 0.971396320851091
109 1.023564432997308
110 1.154475002545346
111 1.113317481481244
112 1.054992815344352
113 1.029484010691361
114 1.048771735776906
115 1.076889569218943
116 1.109343783659805
117 1.130237827313652
118 1.112280741761928
119 0.982259567842650
120 1.138765350386982
121 1.091942796980695
122 1.124335617078775
123 1.070720629976033
124 0.935280910522418
125 0.823567667347219
126 0.982613618252311
127 0.976876633325507
128 0.925840439558475
129 1.114795974161992
130 1.227546663735779
131 1.122625831516742
132 1.028380123691250
133 1.061298240819634
134 1.219953753991928
135 1.258099302969573
136 1.096056227667912
137 1.081012632981762
138 1.102110272044316
139 1.035514394959300
140 1.111013985569721
141 1.067099222502363
142 0.958495953139898
143 1.036290128684152
144 0.960930061886942
145 0.982546996218001
146 1.046045880728515
147 0.876677301669324
148 0.932879567147799
149 0.969400435406462
150 0.968852502822267
151 0.903664365861591
152 0.962399392661338
153 0.878487911446072
154 0.940589295126649
155 1.030858240092895
156 0.924013024489947
157 0.960258405275663
158 1.029208515170508
159 0.884592636589248
160 0.951669231200691
161 0.898242355548894
162 0.943933739284410
163 0.972243198542997
164 0.965461350806408
165 1.015348330219775
166 0.975050781911596
167 0.997014293134393
168 0.952908082847043
169 1.024327769053843
170 0.930326343847869
171 1.028258655117433
172 0.969923859156756
173 0.950322255367145
174 0.893636582905254
175 0.912047278182699
176 0.984366516412208
177 1.027405374504220
178 0.915130285457017
179 1.066076598834995
180 0.923434510672669
181 0.961859294788320
182 0.955785787679652
183 1.050287101048806
184 1.002170014709259
185 0.964144091358838
186 0.975742329162293
187 1.008651777254274
188 1.069261149829012
189 1.014159615060550
190 0.973944720209423
191 1.008196610491287
192 1.093523793068439
193 0.992957945872689
194 0.999458635396018
195 1.051974610872686
196 0.930059688397417
197 0.973947662680794
198 0.958124435428211
199 0.968860220190886
200 0.976338306063287
201 0.952643733313911
202 0.925742848500027
203 0.965401915702143
204 0.907657833584081
205 0.953542280157018
206 0.948629039925808
207 0.955709569307460
208 0.911841563176429
209 1.014118536619895
210 0.997782283775760
211 1.016956271472071
212 1.054426211419550
213 0.976803709046898
214 0.965533049413756
215 1.020623194027452
216 0.993487105590060
217 0.973149330264166
218 0.996037109552838
219 1.086690553723306
220 1.061974040643437
221 1.028892098466176
222 0.959062947633675
223 0.965016249902566
224 0.939289140700935
225 0.918715492468990
226 0.969768453221388
227 0.945728322212576
228 1.020710268188329
229 0.960715558906902
230 0.986284426967023
231 0.924986815069825
232 1.130816562713755
233 0.990360376896718
234 0.980413208700079
235 1.085422458510859
236 1.011608159509517
237 0.994264518382615
238 1.048104975120404
239 1.031210735785010
240 1.106601770159590
241 1.064855580410598
242 1.039190613190540
243 0.997003054506354
244 1.046634822823696
245 1.079874139427888
246 1.118791985873993
247 1.046582966358075
248 1.032522422753986
249 0.964588476532948
250 0.932864479024922
