0 4086.006103515625000
1 0.007123801530248
2 0.012708415190430
3 0.040740117357029
4 0.032900910750046
5 0.052235309393309
6 0.088792180487758
7 0.074854741174402
8 0.206190209915651
9 0.087315223032209
10 0.079292447114357
11 0.174730215983905
12 0.186958676899051
13 0.186354013999621
14 0.217158158971842
15 0.186008931009434
16 0.179382456855936
17 0.278808237569840
18 0.260536021537942
19 0.381010196885328
20 0.419410685068754
21 0.348152642930234
22 0.331719370069877
23 0.564654931579850
24 0.728716694095236
25 0.626420954801131
26 0.532829987032123
27 0.599305297388701
28 0.744078041595956
29 0.628810809155035
30 0.686264397667311
31 0.622471252340676
32 0.610636345043835
33 0.452174762699635
34 0.564754499225696
35 0.532279408954805
36 0.500986250151897
37 0.535974043242417
38 0.695898956766224
39 0.494092602562379
40 1.119474793499595
41 0.553549100351122
42 0.521308594181104
43 0.820556868975150
44 0.981732985481648
45 0.860718562350109
46 1.218540639436997
47 0.859234828896123
48 0.928742511788716
49 0.821883794989154
50 0.669615175477103
51 1.214712248067533
52 1.013052995522466
53 0.842052477705252
54 0.851031468282245
55 0.804210391179485
56 0.942720819418197
57 0.822297144643033
58 0.826502279640148
59 0.933894548896939
60 0.819824547397090
61 1.043686765941696
62 0.792390425307583
63 1.043700621049755
64 1.059176221513182
65 1.073222375868661
66 1.212362297960592
67 1.188085189451698
68 1.045860703849324
69 1.192253732122751
70 0.930383205538088
71 0.790853171730888
72 0.939434159808047
73 1.099408263670251
74 0.856061403946663
75 0.771447821483540
76 0.765736761286054
77 0.782371488817714
78 0.872906832213901
79 0.776655612830493
80 0.945708851664485
81 0.884245187032587
82 0.918358801014599
83 0.774218284221700
84 0.770923649735940
85 0.836627465147936
86 0.872795807025364
87 0.883827443408652
88 0.877882801737280
89 1.030845052683148
90 1.275532456526856
91 0.887537209961158
92 0.941699764597393
93 1.079264061694114
94 1.130000431063997
95 1.079483203416934
96 1.172991065362663
97 1.045036264429914
98 0.769883128113753
99 0.902669467375719
100 1.058641260784904
101 0.983867580595615
102 0.929325295234695
103 1.091572771874854
104 0.951560911500317
105 0.955425931078649
106 0.988441697861819
107 0.995469765456487
108 0.860980521728981
109 1.074157380882528
110 1.173363307497405
111 1.067540882550587
112 1.014402711045951
113 1.032498694307903
114 1.054474313057110
115 1.270354078660394
116 1.154880255920161
117 1.307118029794373
118 1.133392139867349
119 1.002776483883463
120 1.249354404496146
121 1.195653199396273
122 1.166210989916932
123 1.085119048464299
124 0.912220723484109
125 0.875948333886873
126 0.960506383330658
127 0.952641363742603
128 0.979203887007106
129 1.185895476637900
130 1.329398520168525
131 1.042398284369106
132 1.077524244316203
133 1.071218290880312
134 1.033770919825025
135 0.991265928241780
136 0.991721815209949
137 0.990798995720214
138 0.962958302861827
139 1.057007581535801
140 1.040190676364313
141 1.135063623243214
142 1.005827708217081
143 1.008803503296554
144 1.059107958781929
145 0.979018983718304
146 1.043840572529313
147 0.803027888506574
148 0.952712007972769
149 0.974353429077667
150 0.877368059476506
151 0.836779253956966
152 1.060024145155286
153 0.949106843816116
154 1.011786737814656
155 1.000619350580527
156 0.957719369285056
157 0.921906509385159
158 0.939912805538902
159 0.851460475108994
160 0.899774159447489
161 0.948653385930093
162 0.893838089440901
163 0.928517922686952
164 0.975516296715183
165 0.924234356463325
166 1.044738773704817
167 1.004111318324340
168 0.932353997658427
169 1.056414641109092
170 0.966849735940870
171 0.983215565333427
172 0.854303888944822
173 0.913226947693594
174 0.874472940934539
175 0.996607151939802
176 0.957296658992677
177 0.899553658521227
178 1.104869128043758
179 1.054255194834395
180 1.020347108748652
181 1.009099180283890
182 0.954774998326162
183 1.100856016972201
184 0.981271170692416
185 0.978962839222377
186 1.088121803520160
187 1.052308889874394
188 1.066023174343112
189 1.105972993671506
190 1.138524457649212
191 1.045010829586068
192 1.030061878084983
193 1.056170128296091
194 1.021815880643413
195 1.020883257156201
196 1.027067317447056
197 0.978258075475862
198 0.982053810805835
199 0.941171982818406
200 0.965603265779391
201 1.030930139931179
202 1.045227083434548
203 0.982929633743304
204 1.025338604042693
205 1.087226088678578
206 0.909820663368334
207 1.004508715460985
208 0.963867691118327
209 0.945880142089416
210 1.053338287380800
211 0.942983124382755
212 0.994468449610956
213 1.093116154716849
214 0.990247729515102
215 0.963399610026990
216 0.921453549333121
217 1.029549368672433
218 1.040662250782206
219 0.921988754737497
220 0.990129444032206
221 0.994418123933071
222 1.020448981525108
223 0.895324142997069
224 0.988619484391553
225 0.947197522172201
226 0.935672287216483
227 0.966773857045198
228 1.030182023973289
229 0.921539330495007
230 1.011982299820201
231 0.905060497612815
232 1.014995994108181
233 0.937901916363970
234 0.982931652984129
235 0.965024951067873
236 0.896209107454875
237 1.082806238384441
238 1.025419293729472
239 1.017844097151378
240 1.041173003343740
241 0.971013431881505
242 1.008799787798918
243 0.994529102388988
244 0.994473442934734
245 1.016656075383466
246 1.029255900575991
247 1.045020954286592
248 0.978104527056250
249 0.997902062396246
250 0.942847768573241
