0 4082.011962890625000
1 0.002704534973478
2 0.017819184075400
3 0.016620533282869
4 0.051326253367739
5 0.051282893695203
6 0.048618320333399
7 0.041041116388202
8 0.120865072034083
9 0.094378173539093
10 0.080110362256857
11 0.115463408436626
12 0.160719389153751
13 0.170613163562472
14 0.340783279406146
15 0.194593460381209
16 0.179432840941196
17 0.218181228635398
18 0.249940169276493
19 0.327459721393135
20 0.353527604132668
21 0.390924068683092
22 0.356762704973530
23 0.718004751750017
24 0.855847614174922
25 0.722116783732838
26 0.550317415291641
27 0.615197436334504
28 0.474925682368200
29 0.951658297040084
30 0.367871581658280
31 0.508780740786743
32 0.547969732491539
33 0.403449879941657
34 0.630672986400995
35 0.609549015265374
36 0.671220589769828
37 0.550444786112335
38 0.747193727451536
39 0.480821418516353
40 0.817606379275010
41 0.602752902397822
42 0.527075270287837
43 0.717488994083059
44 0.968001165425354
45 0.768206981661586
46 1.162310263461130
47 0.882961719902916
48 0.864082121414055
49 0.561353795221139
50 0.542886301030651
51 1.000382971167882
52 0.922467151690969
53 0.780260325124837
54 0.956005360516566
55 1.072603904727888
56 1.062348949838625
57 0.832035137659635
58 0.961914697089281
59 0.951209268729231
60 0.950876560440767
61 1.114393436355014
62 0.965909055687533
63 0.979657488098987
64 0.907184038748736
65 1.100844896094679
66 1.208494530679378
67 1.007017819633596
68 1.064810482080103
69 1.244966270293797
70 0.921737825848222
71 0.937196599051121
72 0.995254597594029
73 1.159479937981795
74 1.032074537871715
75 0.754851577908761
76 0.786719130174829
77 0.763805458621808
78 0.824330229229589
79 0.904369173810211
80 0.852257560287317
81 0.780464304667494
82 0.930924542526470
83 0.805818553982731
84 0.851522665682404
85 0.976261256279685
86 0.953401588715558
87 0.992748069595147
88 0.941160937456150
89 0.981493501633687
90 0.951109788276062
91 0.949219142967646
92 0.935555432339465
93 1.211602291354746
94 0.990413209445033
95 1.154986554353767
96 1.115253090993966
97 1.169792503575869
98 0.990227903656830
99 1.059934004313561
100 1.010883203061615
101 1.103732216265347
102 0.911307366668091
103 0.878829896827025
104 0.874406643945383
105 0.806058585301998
106 1.190470252174097
107 0.912224491621107
108 0.875012956654238
109 1.110261997617809
110 1.283584780866150
111 1.022331990523959
112 0.918608752263457
113 0.946504870242938
114 0.999027370483942
115 1.269310058393685
116 1.149845256788477
117 1.106450212815181
118 1.289005627889183
119 0.929587322936251
120 1.330717992032809
121 1.045146384406993
122 1.228085353658630
123 1.174601685288430
124 0.999177869251448
125 0.778909949013351
126 0.866511513261579
127 0.957564994814428
128 1.075141325479477
129 1.107297490279665
130 1.359671639380069
131 1.074283500276024
132 0.972918199328898
133 0.902722706760980
134 1.048176362240119
135 0.963561254769982
136 0.876460436258550
137 0.948241607257649
138 1.066569189579893
139 0.971077279351205
140 1.055706527052713
141 0.998428114598069
142 1.000344979685169
143 1.105949629015551
144 1.091959414333497
145 1.058401484618579
146 0.981864358153538
147 0.879506072788387
148 0.880517517799755
149 0.947310375789117
150 0.927839001836084
151 0.918387436540668
152 0.944422636433243
153 0.891086820744757
154 0.872493568939201
155 1.020555703655066
156 0.864839870529273
157 0.910315332363336
158 0.936533685142679
159 1.005972220243512
160 0.970749946579309
161 1.110617393764665
162 0.877110837102050
163 0.963749320977052
164 1.036288647185343
165 0.993180736283741
166 0.864440778146337
167 0.946054920969918
168 0.945121554165703
169 0.992824009597660
170 0.960428292840412
171 0.919284561216656
172 0.973319265875150
173 0.981827488607773
174 0.976284385704306
175 0.862815290738421
176 0.946188825450666
177 0.942723612744954
178 1.029321596054824
179 1.050664717872094
180 0.955680622118322
181 1.052781270189304
182 1.047513731244724
183 1.116624130029226
184 0.904316886249704
185 1.049821389508844
186 0.946975486002398
187 1.011985560303295
188 0.984209741849520
189 1.045417029732831
190 0.985572922515701
191 0.967129494234175
192 1.024860393421781
193 1.072308738355529
194 0.978807510197529
195 1.087642706321295
196 0.972579340256666
197 0.871809000357241
198 0.995169273250832
199 1.012189596329460
200 0.967358153739435
201 1.060838096110608
202 1.109891744828615
203 0.936607798496923
204 1.010390189215348
205 0.936510550194025
206 0.979694767483632
207 0.920464880923597
208 0.951579978279304
209 1.048757642112722
210 1.050596213834254
211 0.939494993151365
212 0.997027642351007
213 1.017396851108601
214 1.029217397833802
215 0.984793812015394
216 1.092623207196999
217 0.997973668902061
218 1.066974125899991
219 0.984389631446257
220 0.966150360654323
221 1.006162249332867
222 0.963215622369875
223 1.048105393147937
224 0.991200975594938
225 0.907155659204871
226 0.926359538181103
227 0.928251660304608
228 0.942864964160954
229 0.998745304613239
230 1.044273384494296
231 0.958803999520405
232 1.051361607593892
233 1.023401003719055
234 0.974172785924086
235 1.066628106494850
236 0.993267054540979
237 1.050471193101828
238 1.086598055864543
239 1.009949561609115
240 0.942753281632371
241 0.943227052270851
242 0.982997119504062
243 0.967476373038838
244 1.040500693871049
245 0.989566636339481
246 0.955209719146084
247 0.982280083631957
248 1.055294696334667
249 1.057758711763557
250 0.971015833486533
