0 4096.000000000000000
1 0.000887290852030
2 0.006790689208194
3 0.018951197392108
4 0.014126671683596
5 0.038025214639845
6 0.057898797411758
7 0.034497170499410
8 0.097134013805342
9 0.073082239493353
10 0.095829780890074
11 0.093259968817013
12 0.133458708137410
13 0.152078355812615
14 0.215411949160168
15 0.252463401788823
16 0.233316428950626
17 0.299552976171870
18 0.261047081971598
19 0.262146919014514
20 0.344742842716469
21 0.416273788871552
22 0.395022692174358
23 0.627899563368573
24 0.729557225455290
25 0.541333915938571
26 0.461245231308590
27 0.506796130745822
28 0.493886393485587
29 0.481923545340544
30 0.532700258960576
31 0.490838637590158
32 0.526360842622546
33 0.451220471960001
34 0.671198840455280
35 0.508028419997703
36 0.539817674310467
37 0.683002227524863
38 0.587470096818746
39 0.650305109158520
40 1.127082843808602
41 0.799817579389298
42 0.864637601822677
43 0.730539041157455
44 0.824927020605480
45 0.903116040560203
46 0.963100559975245
47 0.939389623033205
48 0.895681465801526
49 0.792792828916297
50 0.648894006642655
51 1.000625995321710
52 0.781134532775794
53 0.746530451866303
54 0.773671151302282
55 0.892980154856677
56 0.881075927103481
57 1.116264819090578
58 0.938003052540249
59 1.015815207220840
60 0.839276304198007
61 1.073400052218503
62 1.131278957860001
63 1.389414017888839
64 1.115481071029948
65 1.199141953639268
66 1.196493517120151
67 0.974069663606613
68 1.062389048954899
69 0.985534710309304
70 0.873144669984616
71 0.877603037343667
72 0.723929229815411
73 0.853534860701194
74 0.840400918666288
75 0.747037946331764
76 0.833120673070672
77 0.801527089549313
78 1.033418083938028
79 0.787264013468588
80 0.840507946269092
81 0.787863787154180
82 0.900457725408352
83 0.729612690949254
84 1.091984240365464
85 0.860451732790280
86 0.990273533774553
87 0.872739254948104
88 0.881979119569475
89 1.098631939062321
90 0.937731123062433
91 1.023707212492529
92 1.005556959344683
93 0.917337589154251
94 1.060921685008553
95 1.107340659039238
96 0.787643179184875
97 1.169373030592651
98 0.920002476576576
99 0.926167676157776
100 1.154322123782532
101 0.891849632078269
102 0.818332482416501
103 0.969864430233144
104 0.980232051580946
105 0.876021697605163
106 1.062926531440085
107 0.977622432525760
108 0.935395621734756
109 1.103694838618151
110 1.181379629203340
111 0.921142011667741
112 1.053916277341386
113 0.925083647377969
114 1.307145487145082
115 1.099998409859478
116 1.174356385295689
117 1.066654671273378
118 1.082627049163805
119 0.957189004523114
120 1.128211967082927
121 0.944266056051730
122 0.958404371804076
123 1.047278197305863
124 0.857164208120128
125 0.707934780230908
126 0.794270307140275
127 0.737772084926927
128 0.821473235882132
129 0.947308557993855
130 1.087267380416118
131 0.983918529092939
132 1.147440331662521
133 1.154876015070561
134 1.076567144087474
135 1.068731130735422
136 0.877351595659915
137 1.030205081003396
138 0.934310065416624
139 0.947993279644329
140 1.042406996807249
141 0.936016321290027
142 0.942203641321965
143 0.968534545071034
144 1.035769353280080
145 1.103041248984886
146 0.991121511429946
147 0.954959320684225
148 1.013247342528776
149 0.985198563855142
150 0.917356860090721
151 0.992224171109693
152 1.097714666397751
153 1.110406559144773
154 1.001546559114093
155 1.163838730238923
156 0.984101721539111
157 1.037601328015387
158 1.012064963689711
159 1.062456957002320
160 1.020256731396947
161 1.056248841166517
162 0.997501597264391
163 1.070032486666828
164 1.021086491801406
165 0.994369044308495
166 0.966968080458448
167 1.002545743197338
168 1.001420015019304
169 1.049069107555568
170 0.920478485804209
171 1.083165379825327
172 1.050420695683543
173 1.067846674202607
174 0.972498854834938
175 0.878597578779449
176 0.922454671591993
177 0.981194069865732
178 0.947552665980725
179 0.834376715214901
180 0.953710182243431
181 0.991677609890801
182 0.959826551560494
183 1.020913805927780
184 0.999964048841065
185 1.047372189387965
186 1.111900864035875
187 0.998351523771729
188 1.034337488751529
189 1.051136141065240
190 1.247952350835799
191 1.022476801012468
192 1.036801222122710
193 0.935355236826540
194 0.989992915636546
195 0.992224893955852
196 0.876893052452736
197 0.959504504117059
198 0.937299698821794
199 1.112312012448146
200 0.973195228673177
201 0.959406967613063
202 0.968476225343823
203 1.020272631046776
204 0.962081243430126
205 0.990824214649642
206 0.960844307919553
207 1.050381752949576
208 0.943198879413087
209 1.032920143560720
210 1.094370272643048
211 0.939702644071278
212 1.005366875898323
213 1.021045436641507
214 1.013517176946025
215 0.994533496124159
216 1.093775661453031
217 1.014787217170273
218 0.986986725651963
219 1.046140745851749
220 1.011845743487438
221 0.967568242353109
222 0.988703499618818
223 1.049612783641214
224 1.136743336723610
225 0.964219495523208
226 0.955555473566089
227 0.969773000430487
228 0.971456280802720
229 1.014279469604337
230 1.015228629517319
231 0.941472994974856
232 1.023304269315773
233 1.110360920684130
234 0.962518634434921
235 0.996411060419197
236 0.957328524421480
237 0.946365053771606
238 1.053697624139759
239 0.983467773992773
240 1.017466260981515
241 0.948858818048864
242 1.016321065439591
243 1.001254826590054
244 0.983109458261349
245 1.008893279088775
246 0.979389477324509
247 0.991204367934425
248 1.011109713876567
249 1.005946340155278
250 0.984289370757834
