0 4096.000000000000000
1 0.003439586796869
2 0.007102668002198
3 0.005082054595425
4 0.021029047727210
5 0.059054095059423
6 0.089028623967160
7 0.096026013488134
8 0.294301457617840
9 0.140383848640963
10 0.129759113675747
11 0.139447251871006
12 0.198248252695985
13 0.114731568240987
14 0.303285376976246
15 0.157576970439889
16 0.218234670852480
17 0.303782070548934
18 0.258146741082695
19 0.215394461247834
20 0.267593492564965
21 0.321907661411352
22 0.255196805159934
23 0.650524945463637
24 0.695923103851874
25 0.584186538587340
26 0.420650264090411
27 0.559016598695713
28 0.517058260172468
29 0.631448806525473
30 0.426189364940270
31 0.545060993807872
32 0.424100390663283
33 0.517830619380042
34 0.660179087944684
35 0.435730826961971
36 0.543533176294582
37 0.521210847644228
38 0.666136680454277
39 0.450044590488901
40 0.505342996329729
41 0.491109676610895
42 0.633633002867863
43 0.850157071798385
44 1.005992666512829
45 0.777711959158517
46 0.935967798996762
47 0.712745227700724
48 0.874739785465478
49 0.778448578819783
50 0.715122810861373
51 1.065563189364043
52 1.060271581712857
53 1.114356009790259
54 1.052933435089566
55 0.982807438145664
56 1.040161445640257
57 1.176802887868877
58 1.218703696979128
59 0.985240148924420
60 0.690684834147991
61 1.126057844861931
62 0.714432291115740
63 0.980493096650838
64 0.984542688070391
65 1.148558226188716
66 0.919254800759430
67 0.753950879936197
68 0.969726968442807
69 1.144707035354528
70 0.833689354940368
71 0.977516449291249
72 0.781807128765096
73 1.097764494920980
74 0.847367804580486
75 0.780902075033873
76 0.780744050910960
77 0.851957800309991
78 0.920690970800101
79 0.942887338960818
80 0.835873428909984
81 0.857284488094216
82 0.886022922129008
83 0.940197995189012
84 0.909001837477736
85 1.182820090128309
86 0.963936789073955
87 1.035707771531189
88 0.902692760496591
89 1.087987839022172
90 0.972913247611216
91 1.016961128053006
92 1.028410986227575
93 0.890966170604031
94 1.133039404846602
95 1.120469030203918
96 1.036571816096553
97 1.140006543119829
98 0.796579833990116
99 0.926856054680671
100 0.914347295536506
101 0.987282775063762
102 0.882814036791474
103 0.962909480986700
104 1.073394675795947
105 1.024012001186704
106 1.057371671148067
107 0.975500371915375
108 0.916868895328280
109 1.103442267728162
110 1.094723314348166
111 0.924830155632093
112 0.991497048922205
113 1.107797750337850
114 1.123549011134509
115 1.202518959645598
116 0.971225523888897
117 0.965157453286851
118 1.153228079264431
119 0.886798416673036
120 1.219046317328409
121 1.033409117499926
122 1.147224507906816
123 1.149930108079515
124 1.026412416940448
125 0.870559876120849
126 0.944751412297317
127 0.943896858936638
128 0.898460838712823
129 1.044102183960813
130 1.149287700407517
131 0.926400517910046
132 0.925617696685616
133 0.903617651919582
134 1.076689482307474
135 0.907159483854228
136 0.956344109447967
137 1.132129983138723
138 1.163142473613417
139 1.017828773384464
140 0.962188144585924
141 0.955115814950233
142 1.132012527181067
143 1.091604157968582
144 1.110595162013289
145 1.072847153268665
146 0.940886585006416
147 0.967915943443320
148 1.007688905469518
149 0.988405295734856
150 0.936002769791597
151 0.900909895072273
152 0.966454261609357
153 1.017590354927450
154 0.994468552993493
155 1.053166310685261
156 0.987914963660060
157 0.937442839407831
158 0.967292881632816
159 0.972406616773682
160 1.023609706500193
161 0.951345133044951
162 0.928417651306922
163 1.042941347742970
164 0.997790972711631
165 0.955640913096399
166 0.981924213356853
167 1.028312223904386
168 0.962501737888592
169 0.966280002383712
170 1.036423095398898
171 1.032967254589838
172 1.024023725127347
173 0.977846877456426
174 1.044761201969743
175 1.141475505970311
176 1.103818698594979
177 1.054836864159974
178 0.966901880498142
179 0.956777870298793
180 1.004073899217315
181 0.973772723425403
182 1.033226463429069
183 0.999203801097821
184 0.900323345903919
185 0.930494829410778
186 0.939421327028085
187 0.862165921329223
188 1.060242252017152
189 0.976870388139008
190 1.058727317058874
191 0.999999110019506
192 0.994437185419085
193 0.915782580621260
194 0.962475132780750
195 1.011393134202099
196 0.940401203157580
197 0.952713646040749
198 0.945461773621228
199 0.900325113298354
200 0.995782725273696
201 1.036132952422741
202 0.982347863781939
203 0.996524754009861
204 0.964418093846255
205 0.985583255081487
206 0.998451700979349
207 0.998837705560463
208 0.911089352254729
209 1.129940705389774
210 0.983913010798350
211 0.954807042953422
212 1.008098390482222
213 1.050545706624170
214 0.967177626756606
215 0.922443715746218
216 1.010493627373335
217 0.989498049214327
218 0.950368033939126
219 0.960075680591074
220 0.987776332110477
221 1.081058544239711
222 1.049425315769384
223 0.989293502461855
224 1.035216698973282
225 1.060946403216400
226 1.008852655229149
227 0.952298189683414
228 1.041055274653435
229 0.971771437037481
230 1.047622941579073
231 1.022709959418778
232 1.012354585970302
233 0.955640869535327
234 1.024702097709977
235 0.983689684503408
236 0.948126176630818
237 1.015809828712584
238 1.074785369924585
239 1.000634665317119
240 1.036852631325015
241 0.952075539979951
242 0.974294909407256
243 0.969271423341295
244 1.006232934970767
245 0.961699850665365
246 0.981398556974960
247 1.015001499436910
248 0.985711178602118
249 0.952612594626364
250 0.952090741982334
