0 4096.000000000000000
1 0.004752805805702
2 0.017426930330041
3 0.019547332975143
4 0.040374891675904
5 0.029664570172640
6 0.066661308708681
7 0.065120375342875
8 0.157387954572260
9 0.113024658918793
10 0.207527198034526
11 0.078178242108974
12 0.196331152346692
13 0.185260067314218
14 0.178086614803802
15 0.204416759549912
16 0.289329290841168
17 0.382472367870625
18 0.302948708143999
19 0.253712357090175
20 0.284188403372046
21 0.328198723488340
22 0.340932414757770
23 0.446487166212801
24 0.712823773978080
25 0.517704763068633
26 0.521820558905096
27 0.685108851319709
28 0.721737960055619
29 0.525423200889496
30 0.430481400585546
31 0.677673404317998
32 0.535389904197414
33 0.553079381471335
34 0.609500824243043
35 0.530503246846225
36 0.670209932217297
37 0.575977468368791
38 0.704107656856656
39 0.537631979725406
40 0.563574895293646
41 0.630482036552035
42 0.753301933454922
43 0.744017135003742
44 0.832677989669100
45 0.937698788743465
46 0.893421542441083
47 0.844776467557567
48 1.133752188122565
49 1.100092782997792
50 0.786734098709310
51 1.073795032854310
52 0.934156091759412
53 1.104233912778797
54 0.824196474004386
55 0.677972369911280
56 0.662160227097858
57 0.620806530560827
58 0.897992538840018
59 0.783533760260920
60 0.742272284942671
61 0.786729620905054
62 0.743441195508504
63 0.730701512314902
64 0.733608200729191
65 0.890216107632167
66 0.995594881525674
67 0.901034898268867
68 0.980972899972752
69 1.018816087358248
70 0.942931228770822
71 0.899108704763304
72 0.786746455659369
73 1.031154910199549
74 0.956375261792827
75 0.816164485776303
76 1.033215572328510
77 1.149301622310725
78 0.889731803481894
79 1.020791366942908
80 1.079702098510641
81 0.790664453651260
82 0.911067909354592
83 0.936117694870592
84 0.849589698030670
85 1.069005618929612
86 1.018890713625681
87 1.066266967785547
88 0.835678744125416
89 1.060379445911874
90 0.835050818478336
91 1.098513814129726
92 1.092005833368531
93 0.977992306327230
94 0.930954791628998
95 0.954979630784582
96 0.818496769917585
97 0.964333946455150
98 0.762367961285268
99 0.996539351647323
100 0.955600291723841
101 1.010081765018682
102 0.939690458100302
103 0.995036301394009
104 0.982296568766416
105 1.127279816875962
106 1.110174619273429
107 1.040381938373666
108 1.004202446727247
109 1.073012291135861
110 1.286085305061147
111 1.037335743778867
112 1.267732302818366
113 1.019814394877384
114 1.099302464258138
115 1.090326565241058
116 1.200828627217473
117 1.530697529011357
118 1.167422625377888
119 1.026812463302304
120 1.223936779353917
121 1.071554619717475
122 1.120192479596457
123 1.087054939982212
124 0.975783323915127
125 0.873498446239162
126 0.879634691071244
127 0.958731853769052
128 0.951039855489504
129 1.053954590736769
130 1.074310704522479
131 0.874172778807579
132 0.950957002874934
133 1.048416424448945
134 0.988158031677246
135 1.170049127080031
136 0.909500084804766
137 0.904303251728151
138 1.082514582645618
139 0.935093563243440
140 0.979641894128806
141 1.046244119641326
142 0.996431840142373
143 0.959397835118448
144 1.122722014789520
145 1.213339834403152
146 0.971918681958560
147 0.885693083352027
148 1.108454490463829
149 0.986374677945026
150 1.105487599271039
151 0.984953084973423
152 1.038941024727924
153 0.981796343312762
154 1.026503071887497
155 0.998171419393449
156 0.868727544453749
157 1.037084583706577
158 1.146175008711203
159 0.980457748746685
160 1.029500929407461
161 0.912949630692169
162 0.991017464472451
163 0.967332240895073
164 0.924561040144443
165 1.044780425159512
166 1.071202538568574
167 0.981127945419476
168 0.878740584530958
169 0.938869333951642
170 0.960255504191509
171 0.998639417795224
172 0.976698144451023
173 0.898837642624422
174 0.954118055248534
175 0.866212822675303
176 0.893423434624331
177 0.985809364922751
178 0.918534017263106
179 0.945155699375088
180 0.852132615372358
181 0.959737523521392
182 0.895879940904835
183 1.031067787942192
184 0.949305482739030
185 1.013507637333318
186 0.969514687585109
187 0.948566613234403
188 1.005971008584477
189 1.029142935147261
190 1.021496692907232
191 1.021905276536555
192 0.983702502934401
193 1.056756434224234
194 0.970763484513028
195 1.032069416457384
196 0.988105935644889
197 0.989933674097364
198 1.048880489442040
199 1.092587945220027
200 0.957743502783845
201 0.958330738147959
202 1.039058874654834
203 1.022702132831023
204 1.074679136798894
205 1.029842854283931
206 1.005405967210331
207 1.089119398475816
208 1.023751975340276
209 1.095804831220625
210 0.973889497035522
211 0.995727765321687
212 0.987971983939451
213 1.023083414153198
214 1.025095963893810
215 1.005659468199539
216 0.962882828648510
217 0.921902958098594
218 0.940013648816724
219 0.974405663450183
220 0.951702048255784
221 0.948478136609852
222 0.956663257584226
223 1.017941654585349
224 1.022212214044005
225 0.924658847768284
226 1.006638911665005
227 0.939289381621033
228 1.003237776683455
229 0.945989495337553
230 1.010579347478222
231 0.961628314582569
232 1.045650744750003
233 0.975436885724781
234 0.923624879843477
235 1.044381848454734
236 1.034014854976963
237 1.039968747208491
238 0.934399732869551
239 1.025133966574198
240 1.063692258244253
241 0.967736475068351
242 0.966802563349172
243 1.061578167986141
244 1.038534161058495
245 1.035433297241137
246 1.009747139306081
247 1.057047407582042
248 1.075013071220459
249 1.007676213927739
250 0.966864219946876
