0 4096.000000000000000
1 0.001847957420562
2 0.008439507273630
3 0.016540509613489
4 0.031386809015231
5 0.036876670548685
6 0.031369503288532
7 0.098429770484016
8 0.138394976154726
9 0.069823490128008
10 0.121877964567805
11 0.111612975068069
12 0.159570356096012
13 0.103860266885536
14 0.258825912064298
15 0.178638329354952
16 0.192198250671676
17 0.243766847646702
18 0.171038416015194
19 0.175288976597501
20 0.278429234225686
21 0.435174705177491
22 0.216795641147696
23 0.640909450950291
24 0.941701665369636
25 0.648375220497827
26 0.361662753072185
27 0.813795276501281
28 0.641082870667632
29 1.186569860742478
30 0.739340412846016
31 0.919048070339269
32 0.454367270659748
33 0.701549527343852
34 1.360111297657165
35 0.666638109109360
36 0.877062986777467
37 0.707869948816705
38 0.768942146250443
39 0.540361736868593
40 1.769054630110238
41 0.845581334816775
42 0.626896010701662
43 0.550112055107974
44 0.655523276116871
45 0.606659464634812
46 0.984543543454005
47 0.676998072846737
48 0.798395913460080
49 1.037792005035821
50 0.645857669392570
51 0.876726164572827
52 0.734282607353762
53 1.059745661625624
54 0.773851283688640
55 0.568309147702940
56 0.504719995260006
57 0.609072137574714
58 0.642252050240255
59 0.909949492851089
60 0.736222749490388
61 1.104715614927325
62 0.656199367640752
63 0.960128480718939
64 0.884565949425617
65 0.772083133537361
66 1.304661794631317
67 0.773802068645584
68 0.789388298296107
69 0.773738387782154
70 0.769352946030097
71 0.729536587035191
72 1.050736497107690
73 0.804918010890787
74 0.796697568577184
75 0.762268036537042
76 0.959537287571687
77 1.007308599408443
78 1.027761681427334
79 0.931437187531501
80 0.860268543533015
81 0.767911847824187
82 0.847041223408941
83 0.883966196790498
84 0.911737274839788
85 0.793089420516147
86 0.858467670620014
87 1.114811858054081
88 0.858140964823710
89 1.127239763648459
90 0.942156554306900
91 1.138570115702741
92 0.878960607078376
93 1.008694271154370
94 1.088111179483188
95 1.144043959699687
96 1.150406904819921
97 1.128044982807985
98 0.988998152158334
99 1.158233006778111
100 1.084240142712805
101 0.983138573561700
102 0.991707435163433
103 1.017909660552146
104 0.933344710008126
105 0.929989988511414
106 0.936297822960254
107 1.086609196875718
108 1.136156226669733
109 1.247034298790797
110 1.217704189972284
111 1.086684703020932
112 0.948453608384234
113 0.907807278938806
114 1.241928503675465
115 1.910311830303837
116 1.346992007261099
117 1.115234975195889
118 0.968405746400523
119 0.972597367247485
120 1.286352144283783
121 1.167829906584420
122 1.019264925855600
123 0.926198398244586
124 0.768592150279898
125 0.842707480474260
126 0.820955138589471
127 0.946169683179974
128 0.916575253553016
129 1.133700919791338
130 1.203544080254420
131 0.999789416980509
132 0.920121610354893
133 0.801336850574703
134 0.989844750306397
135 1.031937873427215
136 0.986934863348115
137 1.005498266864566
138 0.915185394264171
139 0.935325680154034
140 1.109503246345327
141 0.953191508039177
142 1.005158495657439
143 0.924248336238189
144 1.000791820881061
145 1.009845814440039
146 1.005281474673261
147 0.817778861479082
148 0.868328702675142
149 1.004330714119464
150 1.008183943170109
151 0.913373764330115
152 1.000682768843178
153 0.986546149871151
154 0.956873386157728
155 1.020278112150340
156 1.021846860125642
157 0.972251116514126
158 1.211731644308210
159 1.017340123110391
160 1.002427426631099
161 0.944478291240850
162 1.012236231847340
163 1.049259325146549
164 0.975135838248028
165 1.082458550486078
166 0.989128234915477
167 0.991905610785758
168 0.960322140077529
169 1.046899259225630
170 0.912526703547303
171 0.914655551319305
172 0.912848373739451
173 0.985089869166510
174 0.945693633860387
175 0.860277510902043
176 0.958239865534453
177 1.042986805727964
178 0.987591572216950
179 1.038639274150517
180 0.898057605472669
181 0.913431256873853
182 0.938651569786944
183 0.955125864989945
184 1.013129717587337
185 1.062832156210039
186 1.060524352218002
187 1.053766194180608
188 0.951025923448243
189 0.999899937863371
190 1.113335054113553
191 0.994847442193976
192 1.077051447695131
193 0.989508713118002
194 1.049944258537487
195 0.988948490611250
196 0.920650008312468
197 0.982266360876511
198 0.949290148769058
199 1.090721612538345
200 0.985929740959357
201 0.916141100577572
202 0.985828566954963
203 0.903929760438452
204 0.981691493456700
205 1.056134039698858
206 0.968763966640943
207 1.129602042739431
208 0.929681981870071
209 1.058208194226715
210 1.063295903995586
211 1.029309098429758
212 0.957067876441907
213 1.034905476301522
214 1.039648432670938
215 1.045760980898499
216 1.052958655578486
217 1.040986685751190
218 0.937648307114079
219 1.025830161517196
220 0.905213297667877
221 1.028192499342342
222 0.985759219564471
223 0.960877457916475
224 1.002904031529316
225 0.911181369442016
226 0.920985181510490
227 0.995344539646927
228 1.062148284013356
229 1.027355450659871
230 1.001064102963053
231 0.984650309363365
232 1.001460214400132
233 1.007335714093305
234 0.991952864364570
235 1.034314898822787
236 1.018596648698077
237 0.966950663577977
238 0.937283441107786
239 1.085598122764404
240 1.054785206307221
241 0.991077171288243
242 1.019813482119988
243 0.974467985763824
244 0.972449662925513
245 1.011821609777413
246 1.004526896218156
247 1.025666942021737
248 1.001293395181375
249 0.934757828316658
250 0.920687186762827
