0 4096.000000000000000
1 0.001748767893137
2 0.011134017632937
3 0.026918836430417
4 0.027768278477001
5 0.046492455497874
6 0.068246600939526
7 0.102816955458991
8 0.321723990437778
9 0.088306281677476
10 0.104277556767245
11 0.140581958734179
12 0.216626039874206
13 0.200117964096618
14 0.249946856593239
15 0.157808528054889
16 0.208057646906967
17 0.315844947406279
18 0.251511338716632
19 0.257879905400597
20 0.315752936433361
21 0.335360943123034
22 0.303210984388430
23 0.602195666943190
24 0.637512432067293
25 0.625243507379859
26 0.563259998485593
27 0.580889710498675
28 0.623711868465811
29 0.591544594611006
30 0.530260844494708
31 0.551852350576549
32 0.509338430199518
33 0.649926994937630
34 0.824649742633667
35 0.554179629568576
36 0.730960946471812
37 0.656843477866538
38 0.834299926565889
39 0.686846053944486
40 0.695314646589966
41 0.740771109052385
42 0.588464283480929
43 0.727005974130443
44 0.860245083081594
45 0.756178567749552
46 0.956841192649015
47 0.896973626470682
48 2.121255498228372
49 0.971073769072259
50 0.793898605823849
51 1.168388063858168
52 0.883043301470525
53 0.872716243386692
54 0.822418670722336
55 0.765218286894429
56 0.769737655133203
57 0.971208094336008
58 0.815107268388859
59 0.917575025017199
60 0.704884583269556
61 1.057373162477966
62 0.856498826918199
63 0.902367295037573
64 0.875359434186080
65 0.884886879914458
66 0.993134450472712
67 0.838591502677381
68 0.793419423274074
69 0.996425216305701
70 0.836067300336720
71 0.800099126729962
72 0.868271497387355
73 0.989957767348390
74 1.006162198919164
75 0.797266433986902
76 0.843826127254429
77 0.922622404941008
78 0.963147867851678
79 0.850574627054520
80 0.954934205001459
81 0.925945815849116
82 1.007891489985933
83 0.970238279774766
84 0.876008890862181
85 0.905974948096898
86 0.933310790610455
87 0.999426168427222
88 0.894732255877432
89 1.049740894561138
90 0.880997137543700
91 0.945917428785601
92 0.978366830094598
93 1.026669666445586
94 1.009344584118489
95 1.030744841182734
96 1.015951282865228
97 1.188878313643605
98 0.729149624141758
99 0.937953697918752
100 0.956443479935174
101 0.946906559178138
102 0.923377848477623
103 0.958144391281685
104 0.875093121401411
105 1.000710299613252
106 1.128581550856000
107 1.032866435082693
108 0.972569865238665
109 0.983267292623953
110 1.048344131912045
111 1.059208739197387
112 1.058186426485630
113 1.019721583376729
114 1.112087232112958
115 1.111585694264766
116 1.186920068909686
117 1.178132703869142
118 1.140238794025906
119 1.024185854425378
120 1.202853003040350
121 1.144580338941162
122 1.210119360790747
123 1.100593708993592
124 0.938222676812881
125 0.794320782157062
126 0.988495002380731
127 1.001566913648873
128 0.938964934132071
129 1.139775944373403
130 1.289234554708782
131 1.128649521228821
132 1.054802407682748
133 1.049541095167843
134 1.235919672185946
135 1.072350815751964
136 0.962282022086957
137 1.074913193379528
138 1.091948569990113
139 1.076206448866083
140 1.132294607478122
141 1.062289379196517
142 0.951527710155112
143 1.056785527802650
144 0.946429020318013
145 0.974560532104156
146 1.006675058375472
147 0.873023842726441
148 0.922846718446987
149 0.968125451904223
150 0.951913374908738
151 0.909982864831088
152 0.999231354071600
153 0.906523415500206
154 0.993442077779679
155 1.082338652804984
156 0.972466074973107
157 0.954459003256780
158 1.026468223867446
159 0.904485048001987
160 0.951662563921135
161 0.931186535215494
162 0.976241715493221
163 0.987101017606836
164 0.961343707018630
165 1.042563926618552
166 0.971384303937616
167 0.980066899264153
168 0.957604516256067
169 0.964175360536532
170 0.906070704502651
171 0.990968254814251
172 0.945428157212758
173 0.907870693253618
174 0.879101884984498
175 0.915141006456248
176 0.942728975932856
177 0.993639010686253
178 0.925986283558442
179 1.057786390376372
180 0.917315595767256
181 0.958396168606005
182 0.967692984158038
183 1.019311078623811
184 0.976472273901507
185 0.956332428892704
186 0.985486967489342
187 1.037640838045169
188 1.083176501469463
189 1.029926437251656
190 0.982596613844652
191 1.018141603842355
192 1.083962085950163
193 0.997276186725368
194 0.998522946692141
195 1.046678824061709
196 0.943971157503490
197 0.989201618563410
198 0.980056967468411
199 0.974172119203223
200 0.987648962588316
201 0.925380789721210
202 0.919251765001399
203 0.978909029913350
204 0.923754325357412
205 0.988957867460895
206 0.944734729650425
207 0.961164990610532
208 0.926234833996249
209 1.013535957602141
210 1.001983335867152
211 1.001334967108460
212 1.045998082701908
213 0.978524322196084
214 0.970945153943291
215 1.037023094890708
216 1.000973494512877
217 1.010353431926136
218 0.982468375411940
219 1.039763952221882
220 1.042053366959508
221 0.980476635678502
222 0.943278224589414
223 0.965828898573268
224 0.950911463546773
225 0.912030110039806
226 0.980932432334390
227 0.942138594740633
228 1.016000617823298
229 0.967343429695440
230 1.000528713471058
231 0.961407069577170
232 1.120681700974658
233 1.002220219753531
234 0.972722960070482
235 1.057819106297798
236 1.014355259317357
237 1.005986527551754
238 1.022922165113920
239 1.042439926935837
240 1.171282593337983
241 1.064688445679776
242 1.023154487901422
243 0.984744320642254
244 1.027046834476776
245 1.073437596190105
246 1.021712190403551
247 0.990427184341506
248 1.052852593154448
249 0.941105602726841
250 0.904078468710338
