0 4096.000000000000000
1 0.001601023696428
2 0.012184680398064
3 0.026114753408327
4 0.031159903307850
5 0.052605523280726
6 0.066801361643427
7 0.078220627542821
8 0.233834252536958
9 0.087954255219679
10 0.106040070743803
11 0.127505184535578
12 0.221395792847740
13 0.190496424457527
14 0.242204798247573
15 0.174929375463134
16 0.222053266632809
17 0.316321040266098
18 0.277835705347979
19 0.276986605206383
20 0.384196414206412
21 0.380595802699749
22 0.350205365075083
23 0.550009353061250
24 0.662464359588457
25 0.539499420521453
26 0.558490256781456
27 0.677193828721424
28 0.626741704258778
29 0.648350887448417
30 0.510976236269651
31 0.587943391356658
32 0.540484449696010
33 0.624356437663795
34 0.777957809683779
35 0.595277294135233
36 0.735622736938259
37 0.661398778674022
38 0.823252538424239
39 0.680278845169371
40 0.916681032010337
41 0.789266769881240
42 0.670670825551575
43 0.757537953390545
44 0.825001666916892
45 0.764812591193582
46 1.136024309215666
47 0.915115610990465
48 1.605294569264872
49 1.033608309906757
50 0.791707481901170
51 1.093951226489301
52 0.920542012326023
53 0.940881284455159
54 0.804591468597095
55 0.783778263219453
56 0.768027525903881
57 0.905611110563920
58 0.764616928745576
59 0.903624629168554
60 0.733078453369243
61 0.984568189154390
62 0.766150286812239
63 0.869562921064726
64 0.828104728103152
65 0.898360223069264
66 1.064790362861720
67 0.785879470469495
68 0.824641556823067
69 0.921478568085493
70 0.804773432950980
71 0.814681673625435
72 0.899438856576452
73 0.918474555011134
74 0.969021864218878
75 0.787529146519746
76 0.792681261458569
77 0.919938040614592
78 0.962790435818826
79 0.827904502204178
80 0.944172378429749
81 0.900487784527095
82 0.982082652107592
83 0.956732921935287
84 0.940802545970111
85 0.938178433515738
86 1.014449622809097
87 0.960869390267995
88 0.883319937512803
89 1.075620001866414
90 0.932677005813215
91 0.971051042816380
92 0.992970265108272
93 1.049221947480325
94 1.024487615064253
95 1.075022975510232
96 1.022121667801813
97 1.137164231201868
98 0.818754482677322
99 1.015592539232701
100 0.958940726695761
101 0.950344321973476
102 0.893731666531362
103 0.934517369472901
104 0.853070858588117
105 0.942315435442222
106 1.104826048731198
107 0.976929684001147
108 0.963137213500144
109 0.996509999785573
110 1.142359427217209
111 1.041042214385895
112 1.014141740734379
113 1.010138392239025
114 1.018249504824537
115 1.085946399887383
116 1.073605083290062
117 1.129675714428508
118 1.094677646143279
119 1.005027383915443
120 1.193710271247667
121 1.101571044710502
122 1.155642427316770
123 1.072915113860702
124 0.943190119478492
125 0.829895844056440
126 0.965326872916683
127 0.981152011676433
128 0.902093516233862
129 1.077721991472897
130 1.264849202151924
131 1.145631100097542
132 1.066122474076741
133 1.049413565642596
134 1.176164450562813
135 1.178621714922949
136 1.046981634902580
137 1.080077849160516
138 1.093483801055943
139 1.036099418557352
140 1.104474928967818
141 1.077936590925343
142 1.014778277468634
143 1.053672334365586
144 1.043857421836623
145 0.979409766279007
146 1.078263648724850
147 0.928166838264575
148 0.957306799459062
149 0.994586459628180
150 0.972158684748790
151 0.939174849242610
152 0.953103752436356
153 0.889453805624639
154 0.948650954535186
155 1.056240045577582
156 0.935695318765191
157 0.968734838051553
158 1.017429510509671
159 0.900770804359352
160 0.956102334466625
161 0.893960985768255
162 0.958666873425962
163 0.971268757915783
164 0.970020585685032
165 1.044108401265159
166 0.975019751288034
167 1.004003022069510
168 0.955664681357158
169 1.017746285752164
170 0.937460857979037
171 1.042770689183610
172 0.999122773364009
173 0.963554051667867
174 0.911644870013528
175 0.944357067455183
176 0.972165875917864
177 1.015384007168445
178 0.916659255232924
179 1.035606931507472
180 0.907791618073300
181 0.959141907952291
182 0.943531686741465
183 1.036019080368717
184 0.960578846191673
185 0.926223730492288
186 0.950526943517188
187 1.015399708428464
188 1.055773595040121
189 0.981351178767373
190 0.978212221813120
191 0.999390817366970
192 1.088762494789942
193 0.957138946702973
194 0.972767673882509
195 1.009798619525453
196 0.926116533587694
197 0.985246865289701
198 0.978204806377559
199 0.973985375487988
200 0.969622347836180
201 0.945743758842738
202 0.957061627001970
203 0.986098145310393
204 0.929287410581677
205 0.943143490311026
206 0.965142229010680
207 1.000591392782046
208 0.925138533408642
209 1.036255043610340
210 0.972747569732119
211 1.003700984088925
212 1.048836136597841
213 0.969228066315444
214 0.957768210321468
215 1.009349442281418
216 1.014083622804488
217 0.986900426601935
218 0.990757940300716
219 1.083932726485632
220 1.045602661678397
221 1.009173631462231
222 0.971438663355516
223 0.954851414313244
224 0.954269733208984
225 0.943690041310582
226 0.970841166602826
227 0.962800428466034
228 1.050324567675286
229 1.007387903168468
230 1.011386542886027
231 0.954018104251736
232 1.128152486818125
233 1.015757454152307
234 0.961769670792288
235 1.028479866537558
236 1.011872028780999
237 1.002139548455430
238 1.025296346403003
239 1.018230543099749
240 1.126178873566545
241 1.043144299993694
242 1.022073499382217
243 1.001879293954200
244 1.018982210234811
245 1.059552214445078
246 1.065942470954006
247 1.018841059896304
248 1.007475351735383
249 0.957518697101848
250 0.926675237776175
