0 4096.000000000000000
1 0.002039446921360
2 0.015346003643176
3 0.035640184886481
4 0.028375131728493
5 0.046705829383715
6 0.040425280510888
7 0.099537662909825
8 0.389405853352780
9 0.075638201428647
10 0.090142291626802
11 0.131720697280180
12 0.210205483979126
13 0.192971145904799
14 0.289050343137399
15 0.176175354041135
16 0.237774530552378
17 0.293924224223158
18 0.237305899212513
19 0.289249275009051
20 0.375597197609976
21 0.359770221354515
22 0.312231764538612
23 0.514327476998795
24 0.521466895505557
25 0.612101183548196
26 0.501500266222320
27 0.595685998174049
28 0.650428364464098
29 0.578607978252848
30 0.535014028280849
31 0.602988158493471
32 0.542984273132496
33 0.644575134994759
34 0.972067140067936
35 0.597652698890537
36 0.719269719253292
37 0.614954438724659
38 0.839266397632264
39 0.728232213035388
40 0.597252754842799
41 0.810288529496812
42 0.541513998723065
43 0.653547611618053
44 0.752536502710167
45 0.692347945920735
46 1.068610295950440
47 0.811517051702151
48 3.107882244522381
49 1.017822709682005
50 0.788923529864217
51 1.090497134567311
52 0.700752514168475
53 0.785145026051014
54 0.798209682405505
55 0.802770378078809
56 0.678212426877887
57 0.949474775667531
58 0.818773693092281
59 0.913861304717857
60 0.696967110903631
61 1.115225406504046
62 0.920209091396333
63 0.901316773522780
64 0.822050550289175
65 0.838104251207048
66 0.941992782973949
67 0.876685179247565
68 0.846739497649879
69 1.078748894740058
70 0.815836754086621
71 0.838884937581823
72 0.828411056288665
73 0.960820270784988
74 1.049462659162143
75 0.839265421674431
76 0.907135497829174
77 0.977931320255758
78 0.991996991947713
79 0.922934641373619
80 0.933186775318803
81 1.000579476105028
82 0.983071930589044
83 0.937803137595664
84 0.886724268767085
85 0.824897256363364
86 0.917012196085218
87 0.979689171454746
88 0.918298348097555
89 1.031014750112259
90 0.841179103207305
91 0.973587276175276
92 1.044861631491998
93 1.078293657269491
94 0.908968047863391
95 0.930132633214316
96 0.857146339108982
97 1.111106602282883
98 0.685821759511432
99 0.808123861273914
100 0.862787890523730
101 0.877495125557532
102 0.903140712200009
103 0.924922777398967
104 0.854452167139379
105 1.074817877922431
106 1.249735632577650
107 1.108506646592892
108 1.015117062558390
109 1.026228369501552
110 1.060951794945424
111 1.083743346534977
112 1.028122404902863
113 0.996625218736042
114 1.134768987935825
115 1.092909735523478
116 1.222121214835775
117 1.218503567674967
118 1.162225068102695
119 1.025983838296409
120 1.323427420944078
121 1.130959266408956
122 1.193953975893533
123 1.136768646849583
124 0.947120439450448
125 0.843776787166783
126 1.051773778912967
127 1.030118481769164
128 1.000605026330441
129 1.158520234062289
130 1.334582522199632
131 1.170000359119131
132 1.043276776511485
133 1.020161308371268
134 1.126402931144375
135 1.103601405772008
136 0.932352136247509
137 1.028795569534901
138 1.162580205140502
139 1.060648987037679
140 1.180604340795506
141 1.118664811265716
142 0.928455439184215
143 1.087448720829588
144 0.998833316054805
145 0.959754457822918
146 1.023917895304548
147 0.869382488272930
148 0.929810830760274
149 0.977586858170993
150 0.933778168345045
151 0.967392109018416
152 1.032867258548814
153 0.938074171476155
154 0.993844188029768
155 1.088983586691021
156 0.965151605706763
157 1.031060197967826
158 1.017140747611379
159 0.885811658805743
160 0.941600828541561
161 0.887962284618247
162 0.923510549595734
163 0.949764717851296
164 0.923568013257026
165 1.052752879074262
166 0.942554458216888
167 0.944944736029068
168 0.944553479004892
169 0.974111851896429
170 0.898476110954606
171 1.013292556588774
172 0.919578355004416
173 0.902247350689285
174 0.817540433257390
175 0.832927758885088
176 0.914158204492219
177 0.999840745920061
178 0.921865411185514
179 1.082000032513692
180 0.873205363003028
181 0.938843871682662
182 0.948287907864801
183 0.963453972049781
184 0.966625033671929
185 0.907817293725563
186 0.999015063231377
187 1.080829070201717
188 1.153044282251512
189 1.056471545900984
190 1.009501350543344
191 1.068725243458305
192 1.119862599466320
193 1.071724032098873
194 1.016379776450874
195 1.086086672725787
196 0.919146304294757
197 1.039189719843591
198 0.954403377931217
199 0.956901850863819
200 0.926779558574368
201 0.941257511725133
202 0.868572270145170
203 0.945753331741662
204 0.932173561863920
205 0.991982111034037
206 0.942159067652445
207 0.914007536144510
208 0.892061591309920
209 0.935658130251661
210 0.926300984672190
211 1.043382555777194
212 1.034673043266774
213 0.967344877311415
214 0.975710801551757
215 1.065233209921947
216 0.971504951432666
217 1.020081516877138
218 0.978925877699237
219 1.032609084621891
220 1.018825746044915
221 1.003620244723271
222 0.962135706463535
223 0.909228670253321
224 0.899089680907545
225 0.912588155312579
226 1.013089019457127
227 0.930884188172205
228 1.011606541573339
229 1.032045561420614
230 1.013245155367166
231 0.920310934570495
232 1.091414386367364
233 1.006345372663036
234 0.953247534783215
235 1.155114419796260
236 1.043401959298198
237 1.036576436440016
238 1.081366959033815
239 1.078943147329056
240 1.215355762518848
241 1.101098404869860
242 1.061997621487096
243 0.980714837249155
244 1.020003127117542
245 1.117790489004128
246 0.975488580443575
247 1.018045089129818
248 0.997288451740367
249 0.912530371570966
250 0.882887502097747
