0 4096.000000000000000
1 0.001764943930953
2 0.012543723391866
3 0.029687828582393
4 0.030184083669739
5 0.046144761255465
6 0.069681877398847
7 0.122069065715936
8 0.337903778875742
9 0.091028022264796
10 0.101897607762003
11 0.136965274544988
12 0.199390376141477
13 0.201422841304123
14 0.261695172622605
15 0.167413379337499
16 0.222318612297479
17 0.339434482827946
18 0.249694892505230
19 0.260253767805983
20 0.316725872116250
21 0.355153365157865
22 0.316318087254564
23 0.511650242023901
24 0.546270617685595
25 0.586358406715441
26 0.546482409185183
27 0.592061852230736
28 0.626331001649745
29 0.590267080360205
30 0.539176847474687
31 0.523275055060883
32 0.506926233538289
33 0.599699678073242
34 0.880306770607862
35 0.570998842785047
36 0.740042214738348
37 0.634250755381558
38 0.897968559154607
39 0.683752360169839
40 0.619425253111699
41 0.761687627629057
42 0.545822045036125
43 0.716941427401180
44 0.806252304466718
45 0.742564372305999
46 0.984088460292855
47 0.881049364944480
48 2.385050973640774
49 0.942604054465233
50 0.772526255255724
51 1.092707990279803
52 0.771489123373149
53 0.831621163074208
54 0.818422001374947
55 0.819022505587981
56 0.720107106913937
57 0.976573485186784
58 0.822582721511279
59 0.921434386924654
60 0.714774205420780
61 1.075131011807942
62 0.886588706674298
63 0.922419894897496
64 0.908308929021044
65 0.885957546268622
66 0.957669841783583
67 0.838178400312001
68 0.817273572449903
69 1.002331486192010
70 0.845667720798264
71 0.783933794706175
72 0.845115332977106
73 1.026158903814416
74 1.022955869885628
75 0.834515140225855
76 0.881548124935254
77 0.933841867088653
78 0.985391137975194
79 0.887383867407013
80 0.965854290327164
81 0.960503385666488
82 1.002744710205947
83 0.935242942113084
84 0.900364942105760
85 0.913283881080950
86 0.933037772465905
87 1.025297367277720
88 0.912429653088423
89 1.088921337602499
90 0.894209292104951
91 0.953254813443938
92 0.948036265342228
93 1.069728605969222
94 1.024748790107459
95 0.997740985780969
96 1.000983325221120
97 1.178081156912017
98 0.715264870529284
99 0.868876748693740
100 0.934178493779218
101 0.948145884473934
102 0.924017515717587
103 0.967355028600238
104 0.871029069505338
105 1.021341957513769
106 1.168618297329790
107 1.030977226950953
108 0.961429119521365
109 1.027573021530276
110 1.071980973047730
111 1.080972651225230
112 1.069492756359709
113 1.048781336304569
114 1.127341364806408
115 1.087514813497320
116 1.119127442527236
117 1.133049941793075
118 1.156992312735119
119 1.010942953224096
120 1.230052057106704
121 1.090722030573116
122 1.194466115336371
123 1.114491447121553
124 0.942250696835318
125 0.799399775366337
126 0.989236023940424
127 1.055274394701701
128 0.946678450678837
129 1.168547145802351
130 1.293518112121374
131 1.142592071464468
132 1.046653024939904
133 1.015265381657586
134 1.158203597983379
135 1.090420181533986
136 0.944195144737984
137 1.074455853610590
138 1.118399169017263
139 1.117697950683622
140 1.144497810397808
141 1.058521078003361
142 0.944016982447475
143 1.058555869219377
144 0.949142438357403
145 0.946248772955556
146 1.008552737636703
147 0.879885786933236
148 0.947078057508134
149 0.955993894952941
150 0.950306360868804
151 0.925799008374390
152 1.033726624651337
153 0.942942028446743
154 0.988717528854257
155 1.074286279618626
156 0.971092337302195
157 0.973105714811049
158 1.037178000215551
159 0.876272646752396
160 0.957642922796611
161 0.934126719673076
162 0.982130931986133
163 0.995445363690488
164 0.957091160690471
165 1.059769630863386
166 0.977586507491841
167 0.957712441237920
168 0.956959410911495
169 0.963346712282878
170 0.938178790732834
171 0.986718283449001
172 0.941544976662496
173 0.900320681464148
174 0.864959764009988
175 0.904109778784609
176 0.945424390363002
177 0.974989110913324
178 0.929731141970021
179 1.050360186533935
180 0.900549387643664
181 0.959085957889516
182 0.966959837303740
183 0.992968620480391
184 0.970995372086162
185 0.921668847211015
186 0.987596937127649
187 1.050398197305715
188 1.124882760886140
189 1.057386789936960
190 0.985350543708524
191 1.015397283612312
192 1.047605027772970
193 1.022774422713462
194 1.014957895390216
195 1.068175094323161
196 0.931114533160213
197 1.026424628438596
198 0.983269503685917
199 0.949758254606070
200 0.979271538898577
201 0.932376704288647
202 0.897135303098453
203 0.959903652742964
204 0.936613691860471
205 0.988450395688132
206 0.941744122175751
207 0.925568826482567
208 0.911609128274036
209 0.961107347605278
210 0.985857527051985
211 1.016096664690996
212 1.038451164582999
213 0.976636839687601
214 0.972149502035738
215 1.050887116480925
216 0.957148381952135
217 0.998889131679720
218 0.966196996301276
219 1.054914640025716
220 1.049698991213628
221 0.998623470627209
222 0.977017215913187
223 0.957753859510359
224 0.922991815628706
225 0.891401662984682
226 0.987238136303554
227 0.913783800179655
228 1.008797835464151
229 0.974956070723751
230 0.995485521356593
231 0.944286656413927
232 1.085190412941056
233 1.031696951587712
234 0.975400923462089
235 1.100140648399460
236 1.035729898343567
237 1.023904241739360
238 1.039382766135345
239 1.057672392252587
240 1.180716585711358
241 1.073455659946052
242 1.024537382306132
243 0.991436906035812
244 1.013308153243714
245 1.075633265054545
246 0.987590360428511
247 0.996249192945441
248 1.008317343094203
249 0.917023135243123
250 0.900173115601409
