0 4096.000000000000000
1 0.001323184873921
2 0.005768412920813
3 0.013885366680753
4 0.013018619027836
5 0.026980741980747
6 0.014109926514815
7 0.074213880104904
8 0.106016643150253
9 0.049291623233658
10 0.129222445482382
11 0.046167234628015
12 0.120035629761879
13 0.127795676995825
14 0.129088677130410
15 0.193085703488586
16 0.260181038253222
17 0.249136175311377
18 0.215356958227105
19 0.182749607961212
20 0.341499707406625
21 0.212831761589324
22 0.260190592598637
23 0.391172482375125
24 0.721660792328424
25 0.335499926986569
26 0.422336609292421
27 0.491777828196376
28 0.534840095944728
29 0.543284387119617
30 0.801079475863179
31 0.415757972813188
32 0.327117451393666
33 0.414846968892215
34 0.484342649844151
35 0.767018022350684
36 0.853168635869352
37 0.420273574173917
38 0.734175841935149
39 1.072130365203260
40 0.496751438691410
41 0.541813877773912
42 0.384926634063383
43 0.394519227685881
44 0.350738839798648
45 0.510273222237947
46 0.491465213406761
47 1.233861877153788
48 0.730535897450786
49 1.182560048589621
50 0.919592910356010
51 0.630853716171186
52 1.053647833645255
53 0.661851537880070
54 0.691919904719026
55 0.830661991721308
56 1.180382801741367
57 0.936173913344614
58 0.693858939008040
59 0.522243095620704
60 0.707470434373792
61 1.692228101289173
62 0.765002757571329
63 1.328441090982160
64 0.902472947491491
65 0.804543215708814
66 0.942530732654712
67 1.345587957702435
68 1.772241294269322
69 2.112303278453939
70 1.242885972255519
71 1.786533550445012
72 1.150712658566913
73 0.807667486636054
74 0.828077341667358
75 1.447311297521148
76 1.029489792069164
77 0.867994563193039
78 0.836346237983322
79 0.666867499181223
80 0.937737620590002
81 0.675998285636552
82 0.787985274816093
83 0.827537000311403
84 0.613688074903994
85 0.592258523789761
86 0.842351804503719
87 0.765771757473567
88 0.648652488517184
89 0.684896622963489
90 0.628463415179458
91 0.719591489849787
92 0.663454631099247
93 0.827616644264615
94 0.730873518934349
95 0.834579053524957
96 1.038222884185016
97 0.540458624248141
98 0.586943794173536
99 0.793974692430701
100 0.704924851135007
101 0.968535282392924
102 1.134033062661590
103 1.193157102031086
104 1.479199260521544
105 1.459792238642954
106 1.120633919784289
107 1.042055550228999
108 1.433073066619108
109 1.202253006694566
110 1.060881800523056
111 0.830186381264916
112 0.861765815937390
113 1.000201769330326
114 1.164553770440443
115 0.914750997006510
116 1.049554860366597
117 0.849263156599251
118 1.219981431067499
119 1.149908766496414
120 1.452299214204378
121 1.192094246857481
122 0.784525203284316
123 1.014413758987767
124 1.211506433832203
125 1.069868632499781
126 1.040839295682857
127 0.911840738874942
128 0.927488005648135
129 0.954576157221883
130 0.972010525162325
131 0.847920475495248
132 1.029424041316388
133 1.135975758923926
134 1.057491878641940
135 1.301371229325408
136 1.010940272911141
137 0.860044725005278
138 1.112162433767836
139 1.071127939959683
140 0.943389636458434
141 1.143001929567704
142 1.108682651943121
143 1.147634058564325
144 1.005585320063423
145 1.091252681308138
146 0.877042332092620
147 1.114703378922753
148 1.407770490024672
149 1.104987436817446
150 0.958177669499602
151 0.906717894520886
152 1.134948431672375
153 0.767849691515749
154 1.006878940384642
155 0.820108101651105
156 0.880210855487195
157 1.053608389829885
158 0.909027401873021
159 0.977963795068831
160 0.827321399102288
161 0.809473048630184
162 0.862594629140539
163 0.901563207048420
164 0.968133034791730
165 0.818423230875252
166 1.173165919428055
167 1.041454986315696
168 1.054572850051778
169 0.893605285653231
170 1.026598456342503
171 0.973477891172195
172 0.842709029204946
173 0.830883368907743
174 0.820780406543347
175 1.097827415425454
176 1.221257284722508
177 1.227822117086352
178 1.183210475728196
179 1.048592710457988
180 0.983323035538039
181 1.031824719857931
182 1.135355011721795
183 0.852518867946907
184 1.136399802635251
185 0.793091938527003
186 0.901372437108240
187 0.768874845274914
188 0.872589084204726
189 0.938807308033076
190 0.925243953951046
191 0.787633390384012
192 0.899307504954108
193 1.056512284418765
194 0.902216427893004
195 0.943093674947019
196 1.026656298719743
197 0.967363227328856
198 1.062489065770692
199 1.049827542031164
200 1.051627400825084
201 0.989290006996830
202 0.851664603087547
203 0.939110342042789
204 1.190922079750252
205 2.489076961777015
206 1.346385241531554
207 1.159085818396587
208 1.350751567867597
209 1.107751828222364
210 0.896602511182358
211 1.008604953028753
212 1.072676101185623
213 0.729352169831997
214 0.859317921447828
215 0.872807306397419
216 1.136962296300806
217 0.995251950587280
218 0.971478088538641
219 0.838371277244289
220 0.900270539477326
221 0.827359456719184
222 0.778591434852476
223 1.093276704496065
224 0.849120067741764
225 0.898424134578087
226 1.055244145976135
227 1.154377253266234
228 0.998368951618347
229 0.828730032341186
230 1.045861753301175
231 0.947388571500891
232 0.816867792835698
233 0.845673913823638
234 0.977574972383333
235 0.884551302898951
236 0.916028172965821
237 0.984888874813640
238 1.142130713624395
239 1.208582272034385
240 1.019753731250224
241 0.878447116208351
242 0.881903483572919
243 1.022907136236766
244 0.941015097989318
245 1.254331040053892
246 1.247590660395835
247 1.250240950728012
248 1.099476052166254
249 1.063265614809017
250 0.938368514597373
251 1.000828390500027
252 0.884838749961902
253 0.844766068322789
254 0.863847301841711
255 0.945382322611823
