0 4096.000000000000000
1 0.001325665256210
2 0.005763661478835
3 0.013907650958518
4 0.013030367539772
5 0.026935653114234
6 0.014101885470405
7 0.074293126743942
8 0.105997077124080
9 0.049337008249051
10 0.129316519806475
11 0.046298409904650
12 0.119950146210993
13 0.127696011403307
14 0.129164345490383
15 0.193243727619665
16 0.260170460187823
17 0.249103305692687
18 0.215554621169738
19 0.182682897731110
20 0.341439386605040
21 0.212675976219542
22 0.260117482117064
23 0.391046741401476
24 0.721759328117779
25 0.335487735151709
26 0.421869869747543
27 0.491699053655046
28 0.534288664857981
29 0.542129038478102
30 0.800241042304514
31 0.414812286889152
32 0.326811700985332
33 0.414803005756369
34 0.484622260885941
35 0.766923289234192
36 0.853437051598977
37 0.420070855602975
38 0.734020824818250
39 1.070411684499513
40 0.497546766896720
41 0.541077603010122
42 0.383727721870285
43 0.394157363741872
44 0.350454884086193
45 0.510649068493359
46 0.491018077511018
47 1.233212950323544
48 0.728237495968528
49 1.181232730727802
50 0.918235545521881
51 0.630721904732912
52 1.055029784629110
53 0.661311006424143
54 0.691708921353604
55 0.831155761399499
56 1.181110412463611
57 0.932496962609087
58 0.694165373419809
59 0.521755222036972
60 0.707643135445101
61 1.693489128010151
62 0.765266267065961
63 1.328782033753693
64 0.902452866272129
65 0.804280152056344
66 0.944181382610961
67 1.346450751498638
68 1.771035920047147
69 2.108158768496109
70 1.242468346844224
71 1.788138090044899
72 1.150131652189722
73 0.807809622071873
74 0.827999587616938
75 1.449131347516453
76 1.029287546711783
77 0.868227255817464
78 0.835133290302131
79 0.665343686614705
80 0.936541838512459
81 0.675532647696317
82 0.789554221847786
83 0.825919576800042
84 0.614617090017807
85 0.592405748487319
86 0.840900364187308
87 0.765085300747204
88 0.648332936178581
89 0.683912238315158
90 0.628102691640894
91 0.721292947712763
92 0.663114343593052
93 0.830138152492457
94 0.728901768436572
95 0.833633695807897
96 1.037689711751286
97 0.539471646144019
98 0.587171350910788
99 0.795056266481302
100 0.705208983482979
101 0.967235442524869
102 1.129839078367266
103 1.196639897120910
104 1.479963018459844
105 1.462628142555626
106 1.124170588698552
107 1.043274700682732
108 1.435496859649945
109 1.203172216429256
110 1.066419663090099
111 0.831432268462432
112 0.861403667239738
113 1.002860401842860
114 1.169265647487691
115 0.914372477399461
116 1.048442040065162
117 0.848320153981289
118 1.219417351184791
119 1.150637081676692
120 1.449435736729784
121 1.191713643479297
122 0.786158289985274
123 1.015149033546827
124 1.209896516188485
125 1.070937070779846
126 1.041026019281463
127 0.912056649232312
128 0.925837268718835
129 0.953881357960418
130 0.972538108318165
131 0.846928975779046
132 1.031287484179075
133 1.141244219771480
134 1.057583101307355
135 1.300327844237341
136 1.012404516531422
137 0.859666681409762
138 1.112433375789398
139 1.069550638413693
140 0.942166881765529
141 1.144990987849629
142 1.107364755866810
143 1.145321392283144
144 1.004775178332410
145 1.089077751132822
146 0.879379123290997
147 1.113548451114812
148 1.405505286505097
149 1.103760933863271
150 0.957596345323783
151 0.908297737072210
152 1.134804007950704
153 0.768945291301568
154 1.010902941394575
155 0.821742020056091
156 0.879900146827995
157 1.051391264398919
158 0.910794456730266
159 0.975864758805789
160 0.827970455881869
161 0.809960262469517
162 0.861356548160703
163 0.899853219234031
164 0.965287758983817
165 0.816706696667028
166 1.173869135843478
167 1.040224273784273
168 1.054512103058632
169 0.894001055967838
170 1.024424288170943
171 0.972572674493672
172 0.844844286327101
173 0.828373579856509
174 0.820944791615676
175 1.098197211977125
176 1.223534872100939
177 1.229342629258514
178 1.184965478283174
179 1.050118943229252
180 0.983903926930815
181 1.026972096462385
182 1.132431517751651
183 0.855158684169956
184 1.136307015496566
185 0.792357214190293
186 0.903253552500146
187 0.768510333709960
188 0.871658185698930
189 0.935617019030506
190 0.927104951573472
191 0.785978006027957
192 0.901648316325711
193 1.057492763234523
194 0.904236482483990
195 0.943793819729541
196 1.026948167044341
197 0.967819280314832
198 1.061255003750472
199 1.046942031214035
200 1.049197312705076
201 0.988534995055044
202 0.851182906188949
203 0.936883845756061
204 1.190908653132879
205 2.488875175820169
206 1.346363301010828
207 1.158606433366174
208 1.351094426956783
209 1.111211836278772
210 0.899556338803883
211 1.004960471472087
212 1.074687722325426
213 0.729553597496348
214 0.860561592461097
215 0.871226774366825
216 1.138613518877180
217 0.995460957451079
218 0.971243577064570
219 0.839151777920336
220 0.900959257224194
221 0.827808868430206
222 0.779537229716473
223 1.091730178445017
224 0.848744641166772
225 0.898024755406058
226 1.054657039468389
227 1.153794891114716
228 1.000075629164757
229 0.829876574296642
230 1.045705101517455
231 0.949976523446900
232 0.817265051211741
233 0.845788332161290
234 0.975385000177041
235 0.885379139716533
236 0.918413278954565
237 0.985007746458082
238 1.143296483583355
239 1.208084943222143
240 1.018748759771521
241 0.878645391219897
242 0.883309183398993
243 1.023827315451307
244 0.942436362143449
245 1.255328985270624
246 1.249282652885195
247 1.246719464760142
248 1.095594953966258
249 1.056160057252311
250 0.935832759690999
251 0.998602846836539
252 0.886098434477953
253 0.847614824464010
254 0.862911876891761
255 0.941083537999630
