0 4096.000000000000000
1 0.001281232982365
2 0.006008028360156
3 0.013847165827428
4 0.013447160362072
5 0.027409458521288
6 0.013679446036298
7 0.079052980585402
8 0.113020535090722
9 0.047387609816464
10 0.134507426847396
11 0.047389185634529
12 0.113762100580789
13 0.123708919563164
14 0.130682591263559
15 0.197687792385902
16 0.260271660939376
17 0.248341424427806
18 0.215739472490774
19 0.185535075309357
20 0.350767307657553
21 0.204644054527307
22 0.262203300860325
23 0.385142639732554
24 0.723084568672819
25 0.313138118757966
26 0.402060239178933
27 0.473483209346319
28 0.535973276830711
29 0.497998487591152
30 0.794062964855371
31 0.392397837274565
32 0.326720628977346
33 0.409240568238322
34 0.503375103148229
35 0.741095071294974
36 0.843741572277364
37 0.427453355000724
38 0.753780771205584
39 1.057008865358629
40 0.490544273302830
41 0.504051167759933
42 0.382705824391451
43 0.393448532617994
44 0.349538937099894
45 0.504871230098241
46 0.505529780049491
47 1.235976263463558
48 0.706462211477815
49 1.197257948456306
50 0.916478542310090
51 0.622626614660588
52 1.072486687147317
53 0.634792527177545
54 0.687650690283422
55 0.787549037721622
56 1.167194072130410
57 0.688459814342059
58 0.681738956202625
59 0.489475778049066
60 0.698010078614117
61 1.719649214063502
62 0.791998257118097
63 1.338920152877763
64 0.932964135285109
65 0.747011950248162
66 0.969069057323941
67 1.407490567781936
68 1.746462304455968
69 2.017400679552128
70 1.265937508921135
71 1.892992714161154
72 1.207546602705406
73 0.796926671629155
74 0.834703782784094
75 1.553322370992700
76 1.057159661985861
77 0.857091002715019
78 0.852746492933126
79 0.632377393803777
80 1.013115586070979
81 0.631219123846968
82 0.772269476092170
83 0.832789204076569
84 0.657071056624148
85 0.610144091405299
86 0.854923099063211
87 0.790100812026746
88 0.673151089863599
89 0.661037307100414
90 0.608177897947188
91 0.702381642052387
92 0.704588327243731
93 0.866018289091013
94 0.713489535950909
95 0.716164735403887
96 1.027712308519888
97 0.525480363628820
98 0.562579017621589
99 0.833905312990186
100 0.690700457824086
101 0.967409414395573
102 1.050059935094701
103 1.169286393857664
104 1.494569598957674
105 1.595924660397884
106 1.232549553425014
107 1.102225945335660
108 1.534021802104646
109 1.298183604497401
110 1.088799763580873
111 0.836603113439115
112 0.859084266233424
113 0.964000421448525
114 1.187408228744208
115 0.917440467507388
116 1.064799868015900
117 0.860520914786321
118 1.208232297995040
119 1.140631079064127
120 1.463399695335690
121 1.211847529059014
122 0.823315270765325
123 1.066335871353552
124 1.270331375449190
125 1.162962874669800
126 1.067023012933162
127 0.882993244254976
128 0.899391517223105
129 0.898189613996208
130 1.012330905555116
131 0.857100970134696
132 1.076811905981837
133 1.179229847933780
134 1.044936200567808
135 1.261696791185056
136 1.072322507836583
137 0.823191922031260
138 1.152465660130946
139 1.045076711668317
140 0.904376786325501
141 1.134155159029542
142 1.036379960698040
143 0.974867809988565
144 0.965594451399934
145 0.970061605255807
146 0.809353515014936
147 1.010011747236396
148 1.411515452117148
149 1.005669668405633
150 0.914122476201928
151 0.925851060131928
152 1.326339185571647
153 0.776904037724522
154 0.966384764280901
155 0.755611791039943
156 0.864425825694152
157 0.895143217535338
158 0.937502862181888
159 0.888361130961552
160 0.803355675929081
161 0.759434444583982
162 0.831179364558636
163 0.840748103557460
164 0.937773651419467
165 0.774236087719068
166 1.138101914976977
167 1.089027307894513
168 1.098264354492045
169 0.907523751969770
170 1.005390351460113
171 0.933118639733961
172 0.886019688160661
173 0.801082839237025
174 0.840632617322514
175 1.137445546490899
176 1.221383265405611
177 1.409318533371501
178 1.322061531406007
179 1.019550557198387
180 0.994451783526338
181 0.856562258831695
182 1.102148415857923
183 0.800603460212837
184 1.173468369590485
185 0.705526868673998
186 0.871611406796340
187 0.744131317902348
188 0.828037751202263
189 0.936364974679460
190 1.046349034074697
191 0.730398789583819
192 0.928854473226139
193 1.095813865056325
194 0.920860943612189
195 1.013178076820902
196 1.140068997687474
197 0.990850557810536
198 1.078762084840324
199 1.021354315846867
200 1.041107803333966
201 1.003584869290061
202 0.838683177957184
203 0.859420917826114
204 1.166661752065077
205 2.516856503050098
206 1.451937057507442
207 1.107866885891078
208 1.597367419405422
209 1.222126520002995
210 0.937600370969449
211 0.942880262177367
212 1.212858129624196
213 0.733986353290675
214 0.883269314148557
215 0.944326300362601
216 1.230941464805870
217 0.942989388949638
218 0.984012244837238
219 0.770276295632273
220 0.757317095152873
221 0.775735821280886
222 0.816590665687717
223 0.994658355477314
224 0.853805831890890
225 0.840327950917925
226 1.092937587833097
227 1.099691552650981
228 1.075180200154998
229 0.825653663989526
230 1.174634948937788
231 1.042250118986590
232 0.891951831327833
233 0.842791885519506
234 0.902616236818383
235 0.851450496544045
236 0.916316727722114
237 0.957628670337836
238 1.196832081324848
239 1.175989274357297
240 1.044370317456228
241 0.846332805579049
242 0.880818528205849
243 1.064312311398680
244 0.954301813135935
245 1.301828993594161
246 1.375556762551178
247 1.193516370210642
248 0.935845055280793
249 0.850160579822804
250 0.830803001363559
251 0.950927504919346
252 0.897318018379459
253 0.931560786228375
254 0.850847103776007
255 0.881338187053593
