0 4096.000000000000000
1 0.001325142481217
2 0.005763765797767
3 0.013900619704337
4 0.013031365721485
5 0.026959909908228
6 0.014105105291856
7 0.074242846055223
8 0.105942712372790
9 0.049296744429120
10 0.129301438840844
11 0.046247800168993
12 0.120022520005922
13 0.127821856183535
14 0.129268954748644
15 0.193251292328965
16 0.260274584826389
17 0.249345754864449
18 0.215464349549849
19 0.182614942176765
20 0.341212385042193
21 0.212634848311050
22 0.260157575603129
23 0.391049459128052
24 0.721752867715252
25 0.335650312904475
26 0.421746450642568
27 0.491054788158590
28 0.534181727105847
29 0.542382407240019
30 0.800468975917265
31 0.415094656239446
32 0.327011984724538
33 0.415124707537990
34 0.484712535681553
35 0.767159988985861
36 0.853709527240646
37 0.420259302727132
38 0.734142456945848
39 1.071116880295691
40 0.497260838484686
41 0.541489198088512
42 0.383797692797562
43 0.394192919981839
44 0.350315004835548
45 0.510296118778882
46 0.491002574507944
47 1.233028825528551
48 0.728037126505728
49 1.180791177027312
50 0.918074138965256
51 0.630468172942025
52 1.054563749672363
53 0.661847881681803
54 0.691711497261878
55 0.831251663929336
56 1.181251676374284
57 0.936204119814336
58 0.694147852163206
59 0.522101647480787
60 0.707706677347928
61 1.694230106599432
62 0.764843947664056
63 1.329009561166934
64 0.902455236742468
65 0.804963155679097
66 0.943554122723773
67 1.346561494616331
68 1.771409823303786
69 2.109590387900550
70 1.242524403428062
71 1.787959573588421
72 1.150125794275978
73 0.807468118888769
74 0.827653728280451
75 1.448553436909244
76 1.028822934531399
77 0.867885843187185
78 0.834714434482800
79 0.665631169207800
80 0.936525769363977
81 0.675407367032090
82 0.788527285972325
83 0.825413825909446
84 0.614430675869094
85 0.592583201170514
86 0.841427877658721
87 0.765768995917082
88 0.648673996851641
89 0.684692809106193
90 0.628194381418461
91 0.721437763178155
92 0.663390262954346
93 0.829627334029927
94 0.728391286504782
95 0.835371402774830
96 1.038176007519250
97 0.540191831967427
98 0.586924440945349
99 0.795238371398157
100 0.705533315884112
101 0.967186831971381
102 1.130610092036378
103 1.196727970672530
104 1.480197868070212
105 1.461000587648307
106 1.122325508118467
107 1.042500469812933
108 1.434224779783651
109 1.202042305294378
110 1.064741975140602
111 0.830971322412367
112 0.861637906914266
113 1.001593438478788
114 1.164566699677691
115 0.913424642432646
116 1.048775276014558
117 0.848939579071775
118 1.218925269987780
119 1.151265539924429
120 1.450282935758842
121 1.191620830813119
122 0.785023988843981
123 1.014823349231691
124 1.210194798725614
125 1.070099603027032
126 1.041311405787029
127 0.912222305955850
128 0.926706900584101
129 0.953703642074946
130 0.972674375182694
131 0.847331092269186
132 1.030276709994633
133 1.139712404797108
134 1.056819060269590
135 1.300059710291970
136 1.011350267447806
137 0.859055252694333
138 1.112050941271790
139 1.069991576993928
140 0.942180930352211
141 1.144582042503082
142 1.107790248746650
143 1.147550407902527
144 1.004666523123090
145 1.091518501366471
146 0.879371990164966
147 1.114722599210708
148 1.407316154164142
149 1.104377284527520
150 0.957253850487880
151 0.908536726710558
152 1.134843263080943
153 0.768178916771884
154 1.010122309017749
155 0.821682565328044
156 0.880872512915335
157 1.054260680820298
158 0.909718163456865
159 0.978617150725670
160 0.828485679020170
161 0.810221356216780
162 0.861868685379986
163 0.900593984520654
164 0.966299583754096
165 0.817356998650129
166 1.173346676230768
167 1.039485179886678
168 1.054630318546460
169 0.893418502931047
170 1.024796485496489
171 0.972331547023940
172 0.843126440843395
173 0.828950741535072
174 0.820257748545819
175 1.097071155004356
176 1.222777597077357
177 1.226995768481721
178 1.183759385717847
179 1.050646484420805
180 0.983430604127961
181 1.030789374627372
182 1.132700953236704
183 0.854729445551341
184 1.136786406706672
185 0.793004788657990
186 0.903590509595019
187 0.769612251861238
188 0.872539992292623
189 0.936767914865747
190 0.925381427771278
191 0.785558134797289
192 0.902146254359388
193 1.056594470859504
194 0.903213109618367
195 0.943900666094885
196 1.026599782130835
197 0.966900214452803
198 1.060905915169965
199 1.048212393254446
200 1.050331330273210
201 0.987598423360964
202 0.850242954764343
203 0.937047177128095
204 1.192171796539907
205 2.489916513031584
206 1.346409776694783
207 1.160067367734556
208 1.349769679153618
209 1.110509024749323
210 0.898638422311329
211 1.006706106090087
212 1.074271600740821
213 0.729925274761236
214 0.861088345395216
215 0.871998472992186
216 1.139961530931598
217 0.996760701520616
218 0.972319044018287
219 0.839640978111281
220 0.901241970888038
221 0.829008185622372
222 0.779198801222139
223 1.092133163146817
224 0.848231663972565
225 0.897325300355281
226 1.053781536334285
227 1.152011142847550
228 0.999406783082208
229 0.828919162438961
230 1.044206518273835
231 0.948658251270119
232 0.815641564002327
233 0.845642251235974
234 0.975733531741444
235 0.884592416305891
236 0.917121359073621
237 0.985911727203309
238 1.142258567467860
239 1.207569474766693
240 1.017952758209114
241 0.878869256326475
242 0.882023882380319
243 1.024046561831760
244 0.941779238773372
245 1.255310883897060
246 1.248712134744682
247 1.249711581590254
248 1.096573824139363
249 1.060355642999600
250 0.936713726227437
251 0.999492489767695
252 0.885600969179685
253 0.845426440961981
254 0.863280908286475
255 0.938419056504459
