0 4096.000000000000000
1 0.001325011727004
2 0.005760540386018
3 0.013898434108902
4 0.012933023069406
5 0.026928788949141
6 0.014111370314306
7 0.074449833243258
8 0.106298691221993
9 0.049447213829661
10 0.129110688599495
11 0.046262557366025
12 0.119481257089111
13 0.127178401070025
14 0.129251201988260
15 0.193215164521866
16 0.260130122775556
17 0.247999173876568
18 0.215681819561851
19 0.183128010223144
20 0.341613889586610
21 0.212990079843961
22 0.259976577824714
23 0.391893822714907
24 0.721328399943041
25 0.334562462398431
26 0.418456042219807
27 0.491674158516089
28 0.536115140923449
29 0.539960468269006
30 0.798146134190334
31 0.413281105446540
32 0.326616372195211
33 0.413854929948899
34 0.483832663615716
35 0.765637954477239
36 0.853252197228190
37 0.420122095420574
38 0.734045511005016
39 1.069383006281414
40 0.496733039659219
41 0.539062193202958
42 0.386511706044636
43 0.395732516429848
44 0.350062447191302
45 0.510043022103263
46 0.489337501239431
47 1.234790897209688
48 0.728397364100560
49 1.184684953202726
50 0.923036846735425
51 0.631766998404236
52 1.054402768352257
53 0.657991074248544
54 0.692619510915408
55 0.828013860428789
56 1.178684237761920
57 0.916476747486358
58 0.691832482884778
59 0.520409644862180
60 0.706338510826458
61 1.687688066638158
62 0.766428643462010
63 1.327715416242525
64 0.904709877092237
65 0.800624912776632
66 0.943347059461810
67 1.348838970984025
68 1.773472975825962
69 2.107772329034122
70 1.242503045721656
71 1.789186069374275
72 1.154700699675577
73 0.810267316531418
74 0.829367820767120
75 1.449938842796144
76 1.036253872370142
77 0.868671665470283
78 0.839501008822089
79 0.667206509286391
80 0.941437283488280
81 0.674499418228653
82 0.791959524419857
83 0.824239143816735
84 0.613543948534344
85 0.591828225428177
86 0.842065083084573
87 0.762330505061985
88 0.649786235857190
89 0.680780279591020
90 0.628145223711652
91 0.715268257463848
92 0.664310029332087
93 0.830312719937543
94 0.734538380502895
95 0.828033757532600
96 1.033028567221094
97 0.540999887666622
98 0.587922012749833
99 0.790214691746822
100 0.704420533002495
101 0.967569240779627
102 1.133441090867262
103 1.184478616871464
104 1.474546581660840
105 1.469278232714571
106 1.127626152486035
107 1.046943395135945
108 1.439758122075587
109 1.208367760858213
110 1.066434034988836
111 0.832844724118717
112 0.861128978014654
113 1.001186281006575
114 1.170090749314636
115 0.917449242063588
116 1.047621441843734
117 0.850212668100269
118 1.224141541450567
119 1.147646820674561
120 1.450491887092246
121 1.192873577024241
122 0.788390716389277
123 1.018120329420514
124 1.213232063288356
125 1.081586634969281
126 1.045478089356167
127 0.908103194889823
128 0.923126525037862
129 0.960100381922135
130 0.971173057410342
131 0.846868180974099
132 1.033297362673208
133 1.140469480914714
134 1.059973326103798
135 1.304489781811859
136 1.015643761785659
137 0.862314512686249
138 1.116537684357081
139 1.066690526251450
140 0.941687078242297
141 1.147200423434931
142 1.103397268416648
143 1.133419078534113
144 1.006558696125888
145 1.082101431781713
146 0.874269610968655
147 1.110776516767480
148 1.409237271326984
149 1.102352934178223
150 0.962690052490418
151 0.906346134175984
152 1.143530253037934
153 0.771421788804709
154 1.003304767659339
155 0.816739297669632
156 0.877726136824416
157 1.039994015685362
158 0.911403075159251
159 0.967647539468989
160 0.829200843329904
161 0.806808345352687
162 0.856874981061648
163 0.901403070384774
164 0.964515584379111
165 0.810276419323101
166 1.173506917455615
167 1.046805872839138
168 1.058644228001175
169 0.899136267609963
170 1.022847019262830
171 0.968573299244642
172 0.849028384662970
173 0.823536286719697
174 0.817064695517063
175 1.101072895262692
176 1.220432947435409
177 1.240091721435907
178 1.190600461267480
179 1.037117382665546
180 0.980426976940676
181 1.011428372769926
182 1.135089423890568
183 0.849804890505605
184 1.138230892136461
185 0.788395071131279
186 0.903156906320686
187 0.762064599133721
188 0.869075886969126
189 0.934201458311913
190 0.934948429515193
191 0.785739204296667
192 0.898431305550443
193 1.055373143575355
194 0.909795295479560
195 0.945842303762752
196 1.032747838292474
197 0.972252276654559
198 1.062522528878048
199 1.045824168964940
200 1.049189824503348
201 0.991357270729407
202 0.851287076431694
203 0.935947369607865
204 1.188518931031094
205 2.492340366508313
206 1.357642860477145
207 1.156447996142743
208 1.373475464645717
209 1.115479236935594
210 0.900686894919666
211 1.002788800418392
212 1.084618787332934
213 0.727736375967228
214 0.860022856734876
215 0.872246030526016
216 1.138717615470547
217 0.987523259182766
218 0.966009927496052
219 0.835928272684110
220 0.891908408246429
221 0.819968074298457
222 0.775770370167250
223 1.084529344836890
224 0.852053541703528
225 0.896793586014577
226 1.060537212292556
227 1.156374716034978
228 0.999909042597380
229 0.824816651036770
230 1.052391845203923
231 0.952838679483871
232 0.823678829215423
233 0.846936226813886
234 0.978189437926874
235 0.887122202349885
236 0.918734693184436
237 0.984534830958761
238 1.144440286672112
239 1.206326284638658
240 1.023544676821716
241 0.878207366247933
242 0.883577905480063
243 1.021717192436001
244 0.943362791102556
245 1.260057251050909
246 1.263220508193545
247 1.247201643776613
248 1.087580862580692
249 1.048479088438900
250 0.936233291725956
251 0.999286921735514
252 0.883994329580952
253 0.851822374528486
254 0.861661765265930
255 0.937048536093724
