0 4096.000000000000000
1 0.001326250336366
2 0.005764763712297
3 0.013909254347059
4 0.013018486349879
5 0.026967423680380
6 0.014102764220158
7 0.074100676783071
8 0.105759001537094
9 0.049277633489450
10 0.129322471365748
11 0.046232123735447
12 0.120075926207211
13 0.127802768117873
14 0.129096572602788
15 0.193110824587247
16 0.260023377164447
17 0.249084119507561
18 0.215457773824265
19 0.182679489325113
20 0.341232660649481
21 0.212815224556412
22 0.260144863546323
23 0.391167483844741
24 0.721927032239684
25 0.336158638735862
26 0.422878767541920
27 0.492380762277631
28 0.534406538004370
29 0.542925157842634
30 0.800660518844532
31 0.415440229405988
32 0.326838134808934
33 0.415326247458526
34 0.484392690062530
35 0.767800433432197
36 0.853492054247100
37 0.420239429496269
38 0.733627448444266
39 1.071271060899033
40 0.497703957335120
41 0.542277322349739
42 0.384008585835600
43 0.394415304346047
44 0.350830315598313
45 0.510632818509143
46 0.491770382235401
47 1.233494454794307
48 0.729907655029451
49 1.181750612764723
50 0.918608299664042
51 0.631428790479142
52 1.054191270051824
53 0.661869136962442
54 0.691138440018090
55 0.831982540978704
56 1.181267319278203
57 0.940702562310120
58 0.694746379482936
59 0.522747619550226
60 0.707308473609210
61 1.690844576371467
62 0.764508336737391
63 1.328480399187317
64 0.901486503763953
65 0.805333034128845
66 0.943522594012282
67 1.345112312288465
68 1.770922111662007
69 2.110363934571474
70 1.241819823594650
71 1.786095660885315
72 1.149050785274829
73 0.807070262990399
74 0.827341098062818
75 1.448022885540003
76 1.028668345852004
77 0.867995638719641
78 0.835665887930621
79 0.666331463434597
80 0.936008770951787
81 0.676495557593224
82 0.789066254220495
83 0.828196500039456
84 0.614001376237056
85 0.592087136690627
86 0.841154845517866
87 0.765513863134274
88 0.648687465383621
89 0.685175591309371
90 0.628016042199307
91 0.721250469173076
92 0.662510833451972
93 0.829588798121668
94 0.729699865607934
95 0.836384061695735
96 1.038562324868248
97 0.541052446513236
98 0.587915411702871
99 0.795074990779959
100 0.704595261271129
101 0.967130033957778
102 1.131078187410359
103 1.196284795987562
104 1.478746447272097
105 1.459720101422387
106 1.121065454520852
107 1.040721304507815
108 1.430786844586219
109 1.200787127953428
110 1.064356502381048
111 0.832034378398784
112 0.861062284442856
113 1.002886065605030
114 1.168177776312168
115 0.914679948683609
116 1.047708145006689
117 0.849252201489018
118 1.218992910709322
119 1.151529443319770
120 1.449001646338788
121 1.191894258818721
122 0.784865792237960
123 1.014361521925351
124 1.209198406591385
125 1.068894379600897
126 1.039236984040252
127 0.912006049453273
128 0.926447385120123
129 0.954419006420828
130 0.972688573534937
131 0.847304995979993
132 1.029178874272962
133 1.138033123325983
134 1.056384667255169
135 1.300073971598840
136 1.010664930177330
137 0.859036945209919
138 1.110304328578199
139 1.069938250464040
140 0.943545317852831
141 1.143908014048390
142 1.110354998004541
143 1.150303257623384
144 1.003572705745110
145 1.093078544348972
146 0.880142441876955
147 1.116686498292716
148 1.405603478021171
149 1.105392517919529
150 0.958761871460531
151 0.907347250115700
152 1.128925722871955
153 0.767962779888626
154 1.011074190412491
155 0.823488069614243
156 0.882194367970032
157 1.056763716725346
158 0.909917139567839
159 0.979327391646988
160 0.827703638309569
161 0.810394972535413
162 0.862434950335430
163 0.901578370776172
164 0.966539510712192
165 0.818519203355589
166 1.173953917356649
167 1.038606597817772
168 1.053532722856715
169 0.893295140760619
170 1.026495472687514
171 0.972695136405317
172 0.843256557537817
173 0.830428686369391
174 0.820723060359284
175 1.097248417562305
176 1.220632210109277
177 1.224301329248689
178 1.181613164837441
179 1.050573611255552
180 0.983962713807787
181 1.033214248175099
182 1.134228862498138
183 0.855546838153743
184 1.133562635146673
185 0.794541479782038
186 0.902817977305723
187 0.770544323459891
188 0.873088588872921
189 0.938736355500550
190 0.924121463270933
191 0.788709239066198
192 0.900903597248484
193 1.058598689683945
194 0.902981151328880
195 0.942460908241782
196 1.024680322958260
197 0.966532271937681
198 1.061516577733702
199 1.049177333055225
200 1.049172387286358
201 0.989516341937107
202 0.852927799400903
203 0.940575878714475
204 1.191997890867495
205 2.486987051604467
206 1.342061688546022
207 1.159845493994790
208 1.342963135404567
209 1.108708574835443
210 0.896958268450479
211 1.008189419291115
212 1.071803905314330
213 0.729319552720396
214 0.859801609609607
215 0.870585802670923
216 1.136122182033036
217 0.996584228309784
218 0.971631732173482
219 0.839708474362303
220 0.903364783516417
221 0.830209278951712
222 0.778599963564581
223 1.095478668256424
224 0.848720696331565
225 0.898317347919910
226 1.052919571872548
227 1.154372519997946
228 0.999210403975988
229 0.829826145730667
230 1.042703720135930
231 0.947326476555712
232 0.815496853431678
233 0.846272075659058
234 0.979029483070056
235 0.884975965413508
236 0.916971747666327
237 0.984620617015476
238 1.141239606953894
239 1.209454788241412
240 1.018729038204165
241 0.879888631139720
242 0.882045780155198
243 1.023654400643303
244 0.941249094621792
245 1.253302202514895
246 1.242816663464435
247 1.250799339249475
248 1.102209518462941
249 1.063884213609765
250 0.938122299038133
251 1.000092941408733
252 0.884638411116388
253 0.845335369774130
254 0.863649122203608
255 0.940777398910920
