0 4096.000000000000000
1 0.001325728928542
2 0.005762551140033
3 0.013899631662982
4 0.013026629813085
5 0.026973129629173
6 0.014110843992161
7 0.074219455720648
8 0.105962092769130
9 0.049333422071364
10 0.129312149268535
11 0.046239392256447
12 0.119999437051017
13 0.127871373796847
14 0.129239209150547
15 0.193248795739497
16 0.260211794230004
17 0.249280670087243
18 0.215401588608569
19 0.182607543882170
20 0.341297225707055
21 0.212557432599050
22 0.260106106233555
23 0.391119234315900
24 0.721698861191246
25 0.335658056113584
26 0.421558241815109
27 0.490822973833514
28 0.533587818822438
29 0.541716833969908
30 0.800500920533285
31 0.414858223930071
32 0.326804676461243
33 0.415413198149634
34 0.484903113441990
35 0.767476905894738
36 0.853608707333491
37 0.420331659794908
38 0.734428518351621
39 1.071364151344989
40 0.497070534615889
41 0.541317268404383
42 0.383713320421453
43 0.393980658122203
44 0.350070637107374
45 0.510588179439845
46 0.490448847587894
47 1.232703295047027
48 0.727098418297393
49 1.179768242132356
50 0.917139402219426
51 0.630448301216150
52 1.055030357907510
53 0.662186295388622
54 0.692118322726923
55 0.831207225548022
56 1.181090156115003
57 0.936869289767902
58 0.694052854611095
59 0.521860330346184
60 0.708155164725277
61 1.695308909702749
62 0.764941530242921
63 1.328750078499616
64 0.902311131187792
65 0.805437938509063
66 0.943138003192131
67 1.345372279039732
68 1.772128357184562
69 2.109594117063344
70 1.243025237391257
71 1.787938235581543
72 1.149695458196069
73 0.807260555534926
74 0.827459780099929
75 1.448692402449606
76 1.027728518663120
77 0.867794400821329
78 0.834270267959054
79 0.665331882086937
80 0.935662339185818
81 0.675085119064295
82 0.787694932350996
83 0.824474851244985
84 0.613895453050876
85 0.593068052123547
86 0.841240441741674
87 0.765496928891495
88 0.648077077995060
89 0.684722404827316
90 0.628766551043600
91 0.721260499354612
92 0.662976086636277
93 0.829968498233438
94 0.729048990876796
95 0.836232130062727
96 1.038251782144933
97 0.539905396459240
98 0.586666212624783
99 0.795341325832281
100 0.704792292064676
101 0.967545372137996
102 1.132488495523053
103 1.196323086587458
104 1.479978784477113
105 1.463329498959891
106 1.122697028081712
107 1.043575383981299
108 1.434586356996454
109 1.202254079075836
110 1.065487398754303
111 0.831545533503270
112 0.862138504848065
113 1.001863481368128
114 1.163944826074920
115 0.913515248684517
116 1.049470931107582
117 0.849230266516557
118 1.218609191326268
119 1.151263006644516
120 1.450662319597722
121 1.191710666865678
122 0.785392285752826
123 1.014722022213068
124 1.211087100688046
125 1.069736693672509
126 1.041748101187996
127 0.911912904408775
128 0.926561369104119
129 0.953917089894886
130 0.972427266800696
131 0.847392447105821
132 1.030684912872749
133 1.139548717696602
134 1.055736285857848
135 1.298504326081457
136 1.010418094892189
137 0.858952302395319
138 1.112371204949897
139 1.069559565432433
140 0.941707657103042
141 1.143835618848376
142 1.107208896575750
143 1.148435525734211
144 1.004162314241053
145 1.091244710461327
146 0.879548228107529
147 1.114990087625377
148 1.406214813496631
149 1.103838473457375
150 0.956844019191563
151 0.909458643338018
152 1.133842921908342
153 0.767867037317657
154 1.012478065492624
155 0.822664972774153
156 0.880645707662767
157 1.055785934678459
158 0.910609734608619
159 0.979001075931473
160 0.828630385652293
161 0.810317135479376
162 0.862155398344941
163 0.900540814696994
164 0.965588467880459
165 0.816871354809011
166 1.174281910867880
167 1.038972105901417
168 1.053561000815759
169 0.893084680404787
170 1.024010045304287
171 0.972442173064875
172 0.842734039151649
173 0.827979136066860
174 0.820566469778179
175 1.096923393472065
176 1.223407080929085
177 1.226805308545037
178 1.183701290308199
179 1.052454575065465
180 0.983372577208166
181 1.030150479731265
182 1.131768698955073
183 0.855111045475315
184 1.136704132796520
185 0.793288211187899
186 0.903456220538459
187 0.769297047452661
188 0.872895865110397
189 0.937327011494054
190 0.926877187203912
191 0.785653514057118
192 0.902780076722929
193 1.056502604370400
194 0.905274340092257
195 0.943554671797266
196 1.025919563657896
197 0.966905585810083
198 1.059776169254058
199 1.047648932061830
200 1.050141298102038
201 0.987143508753737
202 0.850437108268057
203 0.936513862454655
204 1.192122141392087
205 2.489363166311733
206 1.346600643755267
207 1.160663608558119
208 1.349276715666021
209 1.110798860266810
210 0.899013492514945
211 1.006683489569038
212 1.074832540424729
213 0.729870484959920
214 0.861157154755788
215 0.873216473935536
216 1.140652478610212
217 0.997249568749572
218 0.972102255747151
219 0.840269758250628
220 0.902626502051892
221 0.829154335057294
222 0.779067818807115
223 1.091147830021534
224 0.848613875926895
225 0.897153958841780
226 1.053081475669717
227 1.151795897275364
228 1.000307341369206
229 0.828361014107258
230 1.043303865667635
231 0.948864175874391
232 0.815646330332703
233 0.845174788035933
234 0.975116764545035
235 0.883254314521178
236 0.917418997755723
237 0.985268258719261
238 1.142070318895969
239 1.207668570597810
240 1.018388738185609
241 0.879512715505531
242 0.882408662168053
243 1.024169183481381
244 0.942159564909859
245 1.255175729785575
246 1.247569994835449
247 1.248611930448031
248 1.095981304521507
249 1.058618360830238
250 0.935756012744183
251 0.999931718013998
252 0.885468975537375
253 0.845672268668827
254 0.863601054085618
255 0.941912296460976
