0 4096.000000000000000
1 0.001323166236989
2 0.005779894988718
3 0.013886023683051
4 0.013015036527971
5 0.026966020244296
6 0.014118543686568
7 0.074191252595754
8 0.105965819962304
9 0.049217732233951
10 0.129283377115300
11 0.046174097407836
12 0.119900496208590
13 0.127633234303120
14 0.128814058982652
15 0.192974147064955
16 0.259994428154501
17 0.248830282395329
18 0.215327896975151
19 0.182667790712482
20 0.342020074107714
21 0.212943359403806
22 0.260175799130780
23 0.391596428826240
24 0.721785569179577
25 0.335728159644018
26 0.422684265564435
27 0.493085524833875
28 0.534412480794104
29 0.542883810263894
30 0.801666449057942
31 0.415500527809245
32 0.326795740898703
33 0.414562474366660
34 0.484803860941368
35 0.767316246557220
36 0.852779393817021
37 0.420421111368052
38 0.734357187008517
39 1.072663915709176
40 0.497011412776219
41 0.541825778059725
42 0.385405390850874
43 0.395107627832524
44 0.351288335566517
45 0.511019227987406
46 0.491792972431630
47 1.234318207144691
48 0.730990860684729
49 1.182999141362066
50 0.919395028768786
51 0.631132958540716
52 1.056334460084443
53 0.661469877168102
54 0.692090566331491
55 0.830844260977815
56 1.179926901675544
57 0.935032909621583
58 0.693672406323310
59 0.522239713077217
60 0.707385159422886
61 1.691302281395332
62 0.765370253774846
63 1.328632597485721
64 0.902210901519036
65 0.803569458555541
66 0.943234336481497
67 1.344653789543965
68 1.771925848673560
69 2.111493626452933
70 1.242358920282537
71 1.787656415922417
72 1.148894333176065
73 0.805784844863347
74 0.827894340124427
75 1.449415334982837
76 1.026026291811591
77 0.867403257738327
78 0.837367109231209
79 0.666146318918928
80 0.937276860821397
81 0.675715531055551
82 0.788487574136350
83 0.831273093427624
84 0.613847052932149
85 0.590974859301783
86 0.841773726310977
87 0.764994344265168
88 0.648635009943274
89 0.684938456793566
90 0.627874415210787
91 0.719573402181418
92 0.662526716205931
93 0.828862175165007
94 0.732076087777191
95 0.833318005231033
96 1.037233533088815
97 0.540694017761261
98 0.588409076815258
99 0.794303019270190
100 0.704861011486275
101 0.969279642225363
102 1.133832914130553
103 1.192885673467674
104 1.477333311785049
105 1.465199636401838
106 1.121997678779716
107 1.041565838523253
108 1.432024042292310
109 1.203770992179658
110 1.061447960181058
111 0.830914861075099
112 0.861277555875355
113 1.001541938575172
114 1.170264443402280
115 0.917142389696667
116 1.050651121509108
117 0.849759144011035
118 1.221094228750210
119 1.151254040508845
120 1.451244566096139
121 1.192866725537095
122 0.785423757833535
123 1.015684713476783
124 1.211235777662226
125 1.072861597960370
126 1.038275509281014
127 0.910396465037561
128 0.927220018545331
129 0.953982787742451
130 0.972621396262977
131 0.847220237593302
132 1.030127792748493
133 1.135495331835064
134 1.056053119516580
135 1.301132358699475
136 1.009851384662922
137 0.859409826946826
138 1.111224886066549
139 1.070105813386471
140 0.943003140512715
141 1.141138658122299
142 1.108686081855115
143 1.145728162471409
144 1.001358500865501
145 1.088486995893217
146 0.876923796094209
147 1.113040860980341
148 1.403055592280710
149 1.101945830790448
150 0.956310764336947
151 0.908098940104145
152 1.131244411142093
153 0.768234198223240
154 1.007366867619187
155 0.821032652078416
156 0.882219461005628
157 1.053215278828955
158 0.910563545782302
159 0.976033661650220
160 0.826790895895280
161 0.809212794688389
162 0.861439717760807
163 0.900449844622351
164 0.969362270358365
165 0.818465950860458
166 1.173888846145342
167 1.042478728336969
168 1.053936320883425
169 0.895119152881669
170 1.028039213843474
171 0.972622442819070
172 0.842800308583596
173 0.829999669852761
174 0.823366345608926
175 1.098954596725249
176 1.219982075879416
177 1.228507563604773
178 1.184474970621737
179 1.047812101609282
180 0.984194659484719
181 1.030056215352722
182 1.136107783270143
183 0.853438266093152
184 1.131855351433460
185 0.792809370867543
186 0.901259997448082
187 0.769394395788506
188 0.872186541099662
189 0.940357220623491
190 0.928095177556950
191 0.789475955636854
192 0.900725415708167
193 1.059729979410872
194 0.905768391523792
195 0.943928629361473
196 1.026460435130283
197 0.967911411040882
198 1.061414728643769
199 1.048555156465595
200 1.048947685467444
201 0.991443682840165
202 0.853101903716210
203 0.941649399195033
204 1.191873658158625
205 2.486343248464804
206 1.344059941481291
207 1.157132277016925
208 1.346477069096696
209 1.108155105880765
210 0.897466928980801
211 1.007529850259645
212 1.072608996334650
213 0.729679751436181
214 0.858735221671120
215 0.872323222715531
216 1.136271175414258
217 0.996337418349118
218 0.973107559560147
219 0.840112417436259
220 0.900914330961187
221 0.826730109364989
222 0.778502510483602
223 1.094520214216001
224 0.849742166406576
225 0.897309864317897
226 1.055203056662390
227 1.154712530043880
228 1.001594769569504
229 0.829811625830717
230 1.045913443921655
231 0.948074737632729
232 0.817183039876007
233 0.845494444761271
234 0.977963238024551
235 0.883216390199150
236 0.916636677870476
237 0.982588640233335
238 1.141924451147363
239 1.209154732517199
240 1.021278764765300
241 0.877683916251611
242 0.880483457288783
243 1.024409918253604
244 0.941218579524852
245 1.252646452672669
246 1.240995824823404
247 1.250269050121520
248 1.099493726891361
249 1.061261904163862
250 0.936367603711705
251 0.999680159093802
252 0.885195666344809
253 0.847823598940031
254 0.864349529628825
255 0.952330259775794
