0 4096.000000000000000
1 0.001325755182758
2 0.005763827113189
3 0.013909394256558
4 0.013025780271289
5 0.026943616090412
6 0.014098273382228
7 0.074196906094313
8 0.105930551866832
9 0.049332263479072
10 0.129237504218377
11 0.046281654374119
12 0.120041356412128
13 0.127761430681916
14 0.129213170236313
15 0.193196879204679
16 0.260276482842324
17 0.249094895857762
18 0.215517512068402
19 0.182664033966859
20 0.341198794671072
21 0.212600160667078
22 0.260112791380595
23 0.391044526329389
24 0.721893839410231
25 0.335830627019014
26 0.421869333547905
27 0.491566338141849
28 0.534037276714867
29 0.542158132884108
30 0.800135358939165
31 0.414796129240911
32 0.326876398948713
33 0.415103475327565
34 0.484595278378758
35 0.767365225770223
36 0.853293644765961
37 0.420047752751335
38 0.733960665795416
39 1.070537896031891
40 0.497217010906371
41 0.541461814900303
42 0.383800891899409
43 0.394215642861686
44 0.350355499386920
45 0.510501424738007
46 0.490685502563702
47 1.232974491615840
48 0.727816429142513
49 1.181023850249108
50 0.918067092723332
51 0.630577638910085
52 1.054407452430406
53 0.661755540287682
54 0.691770887527726
55 0.831621208296573
56 1.181101902304389
57 0.936219412122709
58 0.693914600439791
59 0.522230535010254
60 0.707805480728980
61 1.694599476467186
62 0.765168567634875
63 1.328123901902706
64 0.901873336313936
65 0.805034043834906
66 0.944026811906311
67 1.346600290796514
68 1.771206094864836
69 2.108021334144766
70 1.242422713386716
71 1.787060059547985
72 1.149768166302674
73 0.807664759024267
74 0.827663831818148
75 1.448661116086850
76 1.028566188168301
77 0.867660607340902
78 0.834518147807955
79 0.665222112471073
80 0.935797747666416
81 0.675581410265141
82 0.788965551647703
83 0.825827253303790
84 0.614651256771588
85 0.592710006938542
86 0.841414268196826
87 0.765701705076108
88 0.648698323620617
89 0.684442344630847
90 0.628503149220007
91 0.721459143354041
92 0.662964754963200
93 0.830922019723104
94 0.729128725502309
95 0.835082269136542
96 1.038242891263552
97 0.540295374077170
98 0.587276498764907
99 0.795188867807905
100 0.704854747392795
101 0.966945476866404
102 1.130547916316256
103 1.197047367976819
104 1.479860053126942
105 1.462039108477104
106 1.123556787706757
107 1.043139610912705
108 1.434530580371171
109 1.202232673412263
110 1.066248819891363
111 0.832153586845413
112 0.861126832738954
113 1.002544911599144
114 1.167514761249656
115 0.913552136970611
116 1.048000332854533
117 0.848657064738442
118 1.219208870357747
119 1.150692554894567
120 1.448307156950500
121 1.191628795606527
122 0.785538527089213
123 1.014744276551322
124 1.210248345565683
125 1.069962491214604
126 1.041183764585581
127 0.912223585420695
128 0.925677176257925
129 0.954127689696909
130 0.972900517246289
131 0.847391672706335
132 1.031038618386006
133 1.140337289850107
134 1.057291660134650
135 1.298842190847952
136 1.011862719711747
137 0.858974798872678
138 1.112744868290925
139 1.069726392925004
140 0.942953194020862
141 1.144855630426665
142 1.108096170798377
143 1.147548670895797
144 1.004474009498177
145 1.091476716956161
146 0.879590262235271
147 1.114434835019227
148 1.405622444104222
149 1.104056655388122
150 0.957242899904673
151 0.908023888857747
152 1.132759934555705
153 0.768714304467466
154 1.012220188247716
155 0.822503353843329
156 0.880465083323879
157 1.053994094980581
158 0.910459933472393
159 0.977913620335812
160 0.828421580415738
161 0.810083529527285
162 0.861350987277199
163 0.900101602571980
164 0.965023898029747
165 0.816659138475286
166 1.173721951589161
167 1.038920463831261
168 1.053565632287151
169 0.893302388976458
170 1.024356350672394
171 0.972392964055295
172 0.844577137202367
173 0.828585807585996
174 0.820419407068213
175 1.097753613025020
176 1.223229131180271
177 1.227627261735482
178 1.183380525709736
179 1.050943031800574
180 0.983754816534484
181 1.029121476400722
182 1.132016225932344
183 0.855312469762312
184 1.135499735866646
185 0.793187121704256
186 0.903084541930064
187 0.769159006460942
188 0.872314537531297
189 0.935925707624411
190 0.926951599286247
191 0.786091577895243
192 0.902546994774095
193 1.056951620029214
194 0.903846011546489
195 0.943756184783600
196 1.026482738299188
197 0.966854848303781
198 1.060457339809645
199 1.047491633430831
200 1.049198918309022
201 0.988477310927249
202 0.851478771513462
203 0.937881621921243
204 1.191265989009196
205 2.488457334286613
206 1.345131937897567
207 1.159923126451039
208 1.348987655409407
209 1.110791919927431
210 0.899168487110865
211 1.005800751293002
212 1.073504434602652
213 0.729788037085900
214 0.860632245765674
215 0.871274959430842
216 1.138309109360518
217 0.996192178946462
218 0.971491087872579
219 0.839539915716423
220 0.902443951292031
221 0.829179007060695
222 0.779512881135648
223 1.092522371662324
224 0.848611042573005
225 0.897827526182960
226 1.054035791528210
227 1.152661184132179
228 0.999666442351117
229 0.829167805607676
230 1.044158622615634
231 0.949435096882327
232 0.816747642533621
233 0.846072565900615
234 0.975694698827503
235 0.885009984955193
236 0.918940332969028
237 0.985963445835551
238 1.143251063969849
239 1.209062128171738
240 1.017900330753247
241 0.879873550016284
242 0.882926396718435
243 1.024151448347700
244 0.942515794915374
245 1.254995005445704
246 1.247450803693762
247 1.247287102052889
248 1.097134503386146
249 1.058352887255207
250 0.936329196423290
251 0.999325828855329
252 0.885462125585358
253 0.847265292695790
254 0.863657224973555
255 0.938779402678759
