0 4096.000000000000000
1 0.001324412529542
2 0.005766975572663
3 0.013906477689345
4 0.013029104454071
5 0.026983572717303
6 0.014113818742284
7 0.074304434110133
8 0.106052299075975
9 0.049307565319591
10 0.129418558705607
11 0.046197690544892
12 0.119930106289523
13 0.127787292665161
14 0.129134378136321
15 0.193327474929537
16 0.260158168699142
17 0.249251392377194
18 0.215440591266098
19 0.182679215651821
20 0.341661555159863
21 0.212775947367077
22 0.260168211499790
23 0.391119807962335
24 0.721788932167994
25 0.335247531442510
26 0.422100177465643
27 0.491633658088777
28 0.534035299445540
29 0.542759291863902
30 0.800914428228922
31 0.415383304977900
32 0.326872454111098
33 0.414741690084659
34 0.484627031306544
35 0.766788268416268
36 0.853839163943657
37 0.419928612178802
38 0.733938510855951
39 1.071258472761271
40 0.497271352879545
41 0.541205471444337
42 0.383780077136773
43 0.394107878865800
44 0.350430492838701
45 0.510694697899979
46 0.491509053799560
47 1.233163888272759
48 0.728541052207816
49 1.180417415444572
50 0.917658351326704
51 0.630853989911713
52 1.055629037107020
53 0.661925160499378
54 0.691437621588255
55 0.831354961128731
56 1.181450620261854
57 0.932445093946305
58 0.694572440195312
59 0.521621485368132
60 0.707855254628296
61 1.694460676447178
62 0.765357312845987
63 1.329751649023274
64 0.902763233992241
65 0.804380518115383
66 0.943183115035032
67 1.345779030722999
68 1.771803583213818
69 2.110380844729979
70 1.242746455444764
71 1.787848845889025
72 1.149782028237692
73 0.807318873008212
74 0.828332690361519
75 1.448993856329475
76 1.028051205126974
77 0.867966418899795
78 0.835568407446294
79 0.665611089155618
80 0.936610337234572
81 0.675624959781174
82 0.788165778966450
83 0.825760968419871
84 0.614509404603090
85 0.592022339873772
86 0.840208477622727
87 0.764516866717675
88 0.647779667491397
89 0.683873782875101
90 0.628141122556851
91 0.720654154118725
92 0.663163677132949
93 0.828512581852156
94 0.728410268398017
95 0.833942318156178
96 1.037775427945206
97 0.538818674799074
98 0.587047312502528
99 0.795081673587356
100 0.705325730471616
101 0.967505831319089
102 1.131524533457475
103 1.197417889528214
104 1.480717355899579
105 1.462858292700082
106 1.123165133068062
107 1.042889590854638
108 1.435115814027621
109 1.202551773263051
110 1.065119725874710
111 0.830349244317959
112 0.861765667830586
113 1.002276810538036
114 1.168041404220813
115 0.915220544293499
116 1.049784389378480
117 0.849176824121660
118 1.218780053105324
119 1.150042711504521
120 1.451442860600944
121 1.192413083704905
122 0.785585399716858
123 1.015096586907228
124 1.209647752800288
125 1.069530739327166
126 1.040972617964554
127 0.912270053972502
128 0.927223807849112
129 0.953400801400658
130 0.972293572772064
131 0.847717598459309
132 1.030400263832034
133 1.140118249337076
134 1.057616743281328
135 1.301366218452938
136 1.011747770075226
137 0.859339312083883
138 1.112124712237224
139 1.069340002346582
140 0.941873334125638
141 1.143576690027958
142 1.106866769919627
143 1.146496554951135
144 1.004416632670858
145 1.088510389704592
146 0.879313717223184
147 1.114284894579398
148 1.405160972338502
149 1.104343455430556
150 0.957950840716751
151 0.908742590906930
152 1.135498706402931
153 0.767843445378560
154 1.009943429079531
155 0.821387933823306
156 0.880232791438756
157 1.051688635352419
158 0.910162051399772
159 0.975783811320571
160 0.827192208856021
161 0.809904627599567
162 0.863123317315185
163 0.899994294255707
164 0.966371143007166
165 0.818012309094611
166 1.174206005786369
167 1.041016489144133
168 1.055485563332851
169 0.893897940814453
170 1.025084866653256
171 0.973711265627415
172 0.843677629089616
173 0.829008320914506
174 0.822207867110406
175 1.098362023103325
176 1.223346490685133
177 1.228763454226781
178 1.185199271138960
179 1.051066866326769
180 0.983909310268316
181 1.029742459196425
182 1.133161123936398
183 0.855001394983798
184 1.136976011126543
185 0.792493632574535
186 0.903259571428517
187 0.768712108043071
188 0.871323982407397
189 0.937157031328781
190 0.925199352238220
191 0.786787876572548
192 0.900384473705633
193 1.057872665851575
194 0.904434896255732
195 0.942664091130292
196 1.025790871751977
197 0.967362490236202
198 1.061672040480508
199 1.046917357666677
200 1.050028164247633
201 0.987026494269641
202 0.850806343902990
203 0.936767403445913
204 1.190967196015961
205 2.489025504590109
206 1.346586836239699
207 1.158330686599628
208 1.350120256031589
209 1.109495929235841
210 0.897947311540942
211 1.005859837375978
212 1.074036458872330
213 0.729664587664200
214 0.860699607706086
215 0.871952441796782
216 1.139871839018199
217 0.995006332797516
218 0.971893606213462
219 0.839937619544546
220 0.901256460227384
221 0.827382129253743
222 0.779760174185165
223 1.091565257301912
224 0.848805584932786
225 0.897980330342015
226 1.054681182359098
227 1.153833317194155
228 1.001227160454098
229 0.830296061378655
230 1.045461167343111
231 0.949640256970687
232 0.816413938403196
233 0.845009944991454
234 0.975120641432782
235 0.884921379434160
236 0.917239494803039
237 0.983883297627979
238 1.142685432072540
239 1.206767462804264
240 1.019470660591053
241 0.878290930279009
242 0.882218947086070
243 1.023649035293938
244 0.941870549147681
245 1.255085247207030
246 1.248438581507413
247 1.246217655527210
248 1.096305421415473
249 1.057170404086039
250 0.935715890084755
251 0.999194252589100
252 0.886011957312867
253 0.845756776386261
254 0.862826913441469
255 0.945207548387520
