0 4096.000000000000000
1 0.001325710293027
2 0.005765432242356
3 0.013896193293231
4 0.013022378413105
5 0.026961745375991
6 0.014118071954290
7 0.074002713419734
8 0.105584356042460
9 0.049234468792892
10 0.129246075302090
11 0.046170669606071
12 0.120238994911533
13 0.127889905759983
14 0.129071608203156
15 0.192880812424046
16 0.259950118931513
17 0.249233370586266
18 0.215374413812987
19 0.182570327279658
20 0.341019777319571
21 0.212799284032933
22 0.260216196784781
23 0.391188722780249
24 0.721763614006638
25 0.336707686698807
26 0.423395390421964
27 0.492207027644091
28 0.534691675137837
29 0.543336020619355
30 0.801242077904363
31 0.415953669865324
32 0.326965230591948
33 0.415739992902588
34 0.484498914945969
35 0.768407060844053
36 0.853432064651095
37 0.420852400245399
38 0.733969185662284
39 1.072643348871099
40 0.497895646498798
41 0.543198697941746
42 0.384443459555877
43 0.394752866664765
44 0.351032716471652
45 0.510332867190201
46 0.492121147177024
47 1.233429604402726
48 0.730994157896673
49 1.182680429640642
50 0.919033105970365
51 0.631306921754124
52 1.053546626639628
53 0.662274771141062
54 0.691338667838345
55 0.831835399407967
56 1.180715296008485
57 0.948221515636003
58 0.694877313299005
59 0.523586964125018
60 0.707360499575759
61 1.689493198787863
62 0.763926971971610
63 1.327859877692748
64 0.901349992569027
65 0.806029412574051
66 0.943162585429579
67 1.344361445265406
68 1.771227212546358
69 2.112299836511077
70 1.241245714294965
71 1.785448290141784
72 1.148761491772165
73 0.806083192422208
74 0.826413272712143
75 1.446998900394671
76 1.028007679611475
77 0.868051891264234
78 0.835521451459900
79 0.666862768690009
80 0.935889769459169
81 0.676911351795938
82 0.787820201948897
83 0.830019617405568
84 0.613436895524098
85 0.592046916616045
86 0.842519627594432
87 0.766807399695305
88 0.649278616238509
89 0.686895521354424
90 0.627601465936004
91 0.721613794956540
92 0.662787435091052
93 0.828701090110439
94 0.730576872114915
95 0.838415497723721
96 1.039414504356379
97 0.542943459157404
98 0.587494555695207
99 0.795260339182900
100 0.704994908468649
101 0.967880658604559
102 1.132283898032022
103 1.194574441546396
104 1.478521565694351
105 1.456736845239877
106 1.117605856633080
107 1.038669271396862
108 1.427534651610730
109 1.199744139351487
110 1.060331713040095
111 0.831768765702664
112 0.861368431718426
113 1.001037123182651
114 1.163804842367408
115 0.914154172735558
116 1.047967380559898
117 0.849181912739088
118 1.218423521219799
119 1.153454902693710
120 1.449977102147289
121 1.191590692554068
122 0.783371870446092
123 1.014065769551351
124 1.210030618705063
125 1.068587348333073
126 1.038184938389459
127 0.911909985789675
128 0.927629171451926
129 0.954259753732177
130 0.973286214448381
131 0.847203222928467
132 1.028590488468919
133 1.133724515198115
134 1.054505888417224
135 1.299144334878972
136 1.008122333246592
137 0.858886999959864
138 1.108672792317645
139 1.071597641807222
140 0.944300882340205
141 1.142393289170703
142 1.112835748260298
143 1.153768749254642
144 1.002796726714017
145 1.096717406011934
146 0.879673079597660
147 1.118054311158729
148 1.407471430840767
149 1.106205077214677
150 0.957280254438432
151 0.906659466719848
152 1.126485285490962
153 0.766884974723958
154 1.009667333962113
155 0.824276118465987
156 0.884550015825660
157 1.061662968590197
158 0.909031198822767
159 0.983229406890295
160 0.827769776085280
161 0.810693944052068
162 0.863064362863461
163 0.902693969690406
164 0.968940813436994
165 0.820772266797025
166 1.172854847932763
167 1.037877825405975
168 1.053006432154699
169 0.892729546152391
170 1.028204251017537
171 0.972019420452894
172 0.840071485170375
173 0.831858528307742
174 0.819863885102403
175 1.095339388483156
176 1.218062907945361
177 1.221194486797766
178 1.178475470185211
179 1.050808392118056
180 0.983498370764033
181 1.037952261741447
182 1.135531719611793
183 0.854828748089445
184 1.132149532878894
185 0.796127073030079
186 0.902016111679529
187 0.772692283018776
188 0.875608343897180
189 0.941614445913240
190 0.922518719933301
191 0.789751727319638
192 0.901545786026784
193 1.058074975319610
194 0.901402884354009
195 0.942527591525009
196 1.024284402595293
197 0.965758214837881
198 1.061086346463864
199 1.052059461212641
200 1.050235487643580
201 0.990945761628487
202 0.853244071216914
203 0.943258444117254
204 1.193053182117592
205 2.486133419242528
206 1.339896053892594
207 1.161420267953839
208 1.338057025352237
209 1.107240612290700
210 0.895667976489737
211 1.011539707035495
212 1.069918977088611
213 0.729562616361890
214 0.859342905882483
215 0.872246469174356
216 1.135635659445922
217 0.998185221629937
218 0.972834654986187
219 0.839497247431606
220 0.903696913133956
221 0.832260684300858
222 0.777886264502132
223 1.098395630283607
224 0.847741090544581
225 0.897079927972672
226 1.051985108946242
227 1.152757938312672
228 0.997649795163254
229 0.829293758522075
230 1.040564159237505
231 0.944159017075620
232 0.813192308975320
233 0.846572886400947
234 0.980859381765294
235 0.883717874770099
236 0.914607699444269
237 0.985661519793250
238 1.138917454698603
239 1.210510643590816
240 1.018126294718143
241 0.880744892435362
242 0.880722767247865
243 1.023463890556649
244 0.939985624492068
245 1.250976346023170
246 1.238559435512865
247 1.256496899939858
248 1.106087508290312
249 1.072440562457185
250 0.940235555908650
251 1.001732386773234
252 0.884059219201125
253 0.842894703300402
254 0.864350330424245
255 0.939664875177718
