0.0934851 0.101408
0.10911 0.601408
0.124735 0.351408
0.14036 0.851408
0.155985 0.226408
0.17161 0.726408
0.187235 0.476408
0.20286 0.976408
0.218485 0.163908
0.23411 0.663908
0.249735 0.413908
0.26536 0.913908
0.280985 0.288908
0.29661 0.788908
0.312235 0.538908
0.32786 0.0389079
0.343485 0.132658
0.35911 0.632658
0.374735 0.382658
0.39036 0.882658
0.405985 0.257658
0.42161 0.757658
0.437235 0.507658
0.45286 0.00765791
0.468485 0.195158
0.48411 0.695158
0.499735 0.445158
0.51536 0.945158
0.530985 0.320158
0.54661 0.820158
0.562235 0.570158
0.57786 0.0701579
0.593485 0.117033
0.60911 0.617033
0.624735 0.367033
0.64036 0.867033
0.655985 0.242033
0.67161 0.742033
0.687235 0.492033
0.70286 0.992033
0.718485 0.179533
0.73411 0.679533
0.749735 0.429533
0.76536 0.929533
0.780985 0.304533
0.79661 0.804533
0.812235 0.554533
0.82786 0.0545329
0.843485 0.148283
0.85911 0.648283
0.874735 0.398283
0.89036 0.898283
0.905985 0.273283
0.92161 0.773283
0.937235 0.523283
0.95286 0.0232829
0.968485 0.210783
0.98411 0.710783
0.999735 0.460783
0.0153601 0.960783
0.0309851 0.335783
0.0466101 0.835783
0.0622351 0.585783
0.0778601 0.0857829
