0.546611 0.0427048
0.550517 0.542705
0.554424 0.292705
0.55833 0.792705
0.562236 0.167705
0.566142 0.667705
0.570049 0.417705
0.573955 0.917705
0.577861 0.105205
0.581767 0.605205
0.585674 0.355205
0.58958 0.855205
0.593486 0.230205
0.597392 0.730205
0.601299 0.480205
0.605205 0.980205
0.609111 0.0739548
0.613017 0.573955
0.616924 0.323955
0.62083 0.823955
0.624736 0.198955
0.628642 0.698955
0.632549 0.448955
0.636455 0.948955
0.640361 0.136455
0.644267 0.636455
0.648174 0.386455
0.65208 0.886455
0.655986 0.261455
0.659892 0.761455
0.663799 0.511455
0.667705 0.0114548
0.671611 0.0583298
0.675517 0.55833
0.679424 0.30833
0.68333 0.80833
0.687236 0.18333
0.691142 0.68333
0.695049 0.43333
0.698955 0.93333
0.702861 0.12083
0.706767 0.62083
0.710674 0.37083
0.71458 0.87083
0.718486 0.24583
0.722392 0.74583
0.726299 0.49583
0.730205 0.99583
0.734111 0.0895798
0.738017 0.58958
0.741924 0.33958
0.74583 0.83958
0.749736 0.21458
0.753642 0.71458
0.757549 0.46458
0.761455 0.96458
0.765361 0.15208
0.769267 0.65208
0.773174 0.40208
0.77708 0.90208
0.780986 0.27708
0.784892 0.77708
0.788799 0.52708
0.792705 0.0270798
0.796611 0.0505173
0.800517 0.550517
0.804424 0.300517
0.80833 0.800517
0.812236 0.175517
0.816142 0.675517
0.820049 0.425517
0.823955 0.925517
0.827861 0.113017
0.831767 0.613017
0.835674 0.363017
0.83958 0.863017
0.843486 0.238017
0.847392 0.738017
0.851299 0.488017
0.855205 0.988017
0.859111 0.0817673
0.863017 0.581767
0.866924 0.331767
0.87083 0.831767
0.874736 0.206767
0.878642 0.706767
0.882549 0.456767
0.886455 0.956767
0.890361 0.144267
0.894267 0.644267
0.898174 0.394267
0.90208 0.894267
0.905986 0.269267
0.909892 0.769267
0.913799 0.519267
0.917705 0.0192673
0.921611 0.0661423
0.925517 0.566142
0.929424 0.316142
0.93333 0.816142
0.937236 0.191142
0.941142 0.691142
0.945049 0.441142
0.948955 0.941142
0.952861 0.128642
0.956767 0.628642
0.960674 0.378642
0.96458 0.878642
0.968486 0.253642
0.972392 0.753642
0.976299 0.503642
0.980205 0.00364226
0.984111 0.0973923
0.988017 0.597392
0.991924 0.347392
0.99583 0.847392
0.999736 0.222392
0.00364239 0.722392
0.00754864 0.472392
0.0114549 0.972392
0.0153611 0.159892
0.0192674 0.659892
0.0231736 0.409892
0.0270799 0.909892
0.0309861 0.284892
0.0348924 0.784892
0.0387986 0.534892
0.0427049 0.0348923
0.0466111 0.046611
0.0505174 0.546611
0.0544236 0.296611
0.0583299 0.796611
0.0622361 0.171611
0.0661424 0.671611
0.0700486 0.421611
0.0739549 0.921611
0.0778611 0.109111
0.0817674 0.609111
0.0856736 0.359111
0.0895799 0.859111
0.0934861 0.234111
0.0973924 0.734111
0.101299 0.484111
0.105205 0.984111
0.109111 0.077861
0.113017 0.577861
0.116924 0.327861
0.12083 0.827861
0.124736 0.202861
0.128642 0.702861
0.132549 0.452861
0.136455 0.952861
0.140361 0.140361
0.144267 0.640361
0.148174 0.390361
0.15208 0.890361
0.155986 0.265361
0.159892 0.765361
0.163799 0.515361
0.167705 0.015361
0.171611 0.062236
0.175517 0.562236
0.179424 0.312236
0.18333 0.812236
0.187236 0.187236
0.191142 0.687236
0.195049 0.437236
0.198955 0.937236
0.202861 0.124736
0.206767 0.624736
0.210674 0.374736
0.21458 0.874736
0.218486 0.249736
0.222392 0.749736
0.226299 0.499736
0.230205 0.999736
0.234111 0.093486
0.238017 0.593486
0.241924 0.343486
0.24583 0.843486
0.249736 0.218486
0.253642 0.718486
0.257549 0.468486
0.261455 0.968486
0.265361 0.155986
0.269267 0.655986
0.273174 0.405986
0.27708 0.905986
0.280986 0.280986
0.284892 0.780986
0.288799 0.530986
0.292705 0.030986
0.296611 0.0544235
0.300517 0.554424
0.304424 0.304424
0.30833 0.804424
0.312236 0.179424
0.316142 0.679424
0.320049 0.429424
0.323955 0.929424
0.327861 0.116924
0.331767 0.616924
0.335674 0.366924
0.33958 0.866924
0.343486 0.241924
0.347392 0.741924
0.351299 0.491924
0.355205 0.991924
0.359111 0.0856735
0.363017 0.585674
0.366924 0.335674
0.37083 0.835674
0.374736 0.210674
0.378642 0.710674
0.382549 0.460674
0.386455 0.960674
0.390361 0.148174
0.394267 0.648174
0.398174 0.398174
0.40208 0.898174
0.405986 0.273174
0.409892 0.773174
0.413799 0.523174
0.417705 0.0231735
0.421611 0.0700485
0.425517 0.570049
0.429424 0.320049
0.43333 0.820049
0.437236 0.195049
0.441142 0.695049
0.445049 0.445049
0.448955 0.945049
0.452861 0.132549
0.456767 0.632549
0.460674 0.382549
0.46458 0.882549
0.468486 0.257549
0.472392 0.757549
0.476299 0.507549
0.480205 0.00754851
0.484111 0.101299
0.488017 0.601299
0.491924 0.351299
0.49583 0.851299
0.499736 0.226299
0.503642 0.726299
0.507549 0.476299
0.511455 0.976299
0.515361 0.163799
0.519267 0.663799
0.523174 0.413799
0.52708 0.913799
0.530986 0.288799
0.534892 0.788799
0.538799 0.538799
0.542705 0.0387985
