0 256.000000000000000
1 0.486340469574049
2 0.729389053017922
3 0.823514892852278
4 0.835816715765463
5 0.902176558744748
6 0.888188124922086
7 0.914192784453742
8 0.921848859140973
9 0.929620616249290
10 0.940280164822512
11 0.936785615352582
12 0.953095508739751
13 0.955957628457441
14 0.959331167844801
15 0.972693694905822
16 0.969661442656800
17 0.965584963334899
18 0.966765488663228
19 0.971930404682674
20 0.983852666613023
21 0.979452556189879
22 0.967958943377897
23 0.980469065801170
24 0.977278385990374
25 0.984389222202909
26 0.983900831950039
27 0.987018155471325
28 0.975106918587038
29 0.980746064220047
30 0.982292230966806
31 0.981362307420725
32 0.988573724432853
33 0.976958913418696
34 0.992429945903403
35 0.979199314290727
36 0.987939668505430
37 0.993467800593119
38 0.982597732839913
39 0.987922824637132
40 0.986820043007701
41 0.992361134982371
42 0.990451127871100
43 0.988819880107025
44 0.981439612923941
45 0.989876966471660
46 0.986131790299459
47 0.992142590578914
48 0.993900455536128
49 0.989565663643189
50 0.992540786174115
51 0.997112385764210
52 0.985977203990272
53 0.991116805951099
54 0.994465597776025
55 0.995312718610694
56 0.991114290398726
57 0.991269852678090
58 0.988912400482821
59 0.991455663677829
60 0.995567994396660
61 0.997489434207486
62 0.995451858719162
63 0.993349731056035
64 0.989003882107899
65 0.994679366441935
66 0.997623249972225
67 0.996844946613391
68 0.998652890896484
69 0.997972893458044
70 0.993253131280145
71 0.993573521752251
72 0.993219867892216
73 0.996717977726441
74 0.996398735793042
75 0.997113663526227
76 0.999115482953152
77 0.999972299219189
78 1.000264830624195
79 0.995837280879249
80 0.997408925203326
81 0.996952743883236
82 1.000205813147905
83 0.996892997032315
84 0.994866060989235
85 1.001447973077216
86 0.996835447094447
87 1.004019109064130
88 0.997634289228015
89 0.995095684779881
90 0.999256682182785
91 0.998469621634055
92 0.996770854294206
93 0.997355917500832
94 0.995459074511552
95 1.000596373874962
96 0.997276578504399
97 0.998196280410694
98 1.003012380374355
99 0.998958170858112
100 0.999110807509950
101 0.998222204092823
102 1.001500853886347
103 1.001156224653676
104 1.001733496841144
105 1.000945492819302
106 0.996250420739197
107 0.998303698430149
108 0.997623457796579
109 0.997844675051894
110 0.997272687979577
111 1.000857575118974
112 0.997059880825123
113 1.001553362941881
114 0.997841601143099
115 0.997591219566881
116 0.993378336763764
117 0.998341745068387
118 0.998597106042136
119 0.996930437743183
120 0.998080322537516
121 0.999312253628090
122 0.998144476125024
123 0.996121837904708
124 0.998269009393166
125 1.001957862078098
126 1.001572466348014
127 0.999811221524701
128 0.998433964642081
129 0.997757196171503
130 0.996912041796367
131 0.999776000045685
132 1.001711439617257
133 0.998875180000253
134 0.996743969646781
135 1.000354100246553
136 1.002223707635936
137 0.998397894002448
138 0.998876307324064
139 0.998872775545428
140 0.999275470214042
141 0.998081299958623
142 1.000611811599102
143 1.002245067789675
144 0.999047632683385
145 0.999191029067864
146 1.000820826150504
147 0.997438428013412
148 1.001090749277959
149 1.001483998303821
150 1.002219957760180
151 1.001696839927469
152 1.000685252172919
153 1.002290129032171
154 1.001149007805935
155 0.998580417496392
156 0.999650056484918
157 1.000869853207094
158 1.001260665328870
159 1.002348088762901
160 1.002629621982099
161 0.999088981695436
162 0.999171351003226
163 0.995348847398902
164 1.001413062967457
165 1.000221587560678
166 1.000334519808642
167 1.001579979233152
168 1.000377935993902
169 1.003037304781851
170 1.002709391047423
171 0.994912067034826
172 0.996542843992412
173 0.998116575577828
174 1.002608931557958
175 0.998472907272769
176 0.997823744844212
177 1.003130971467522
178 1.002399638312543
179 0.999691994658225
180 0.999283998249685
181 1.002129415352119
182 1.000685951602011
183 1.000368851715298
184 0.999030244561031
185 0.999849509677748
186 0.999350359176420
187 1.001864090751448
188 0.996665415925848
189 1.001224100689929
190 1.001321866490192
191 1.001512925625781
192 1.000996361770528
193 1.004914269998868
194 0.997810975854163
195 1.001679236922847
196 0.998608931489583
197 0.999862223181566
198 0.999804330730026
199 0.997994531247579
200 0.998418028067084
201 0.997889076140204
202 0.999388197046183
203 0.999665901610953
204 1.000349319601503
205 0.998814071444511
206 1.003816892284464
207 1.000332759122332
208 1.001627022171925
209 0.998822510533741
210 0.997021810294094
211 1.001721607506225
212 1.002248509123756
213 1.002060332337043
214 1.000476075759448
215 0.998791007618104
216 0.996731367024595
217 1.001438526563837
218 1.002506219717747
219 0.999596625225880
220 1.000642252339739
221 0.998542631573056
222 1.001049450581695
223 1.000843448234047
224 0.998743064746925
225 1.001596830073224
226 1.003827628529588
227 0.998352868267666
228 1.000062249364777
229 0.998980127181582
230 0.999084182329531
231 0.999466343617882
232 1.001908628533032
233 1.001362249542641
234 0.999560099712643
235 1.000827100871954
236 0.998723338298708
237 0.997610950911471
238 0.997566256862468
239 1.000320443736477
240 0.999621822370402
241 1.001714134934353
242 0.998389976084358
243 1.002080270546588
244 0.999835768678154
245 1.002522697459608
246 0.998880144519743
247 0.999868133416920
248 1.001008940335311
249 1.001052949332061
250 1.004361580773036
251 0.998701610347576
252 0.999551986354162
253 1.000790008180422
254 1.001477529155614
255 0.999609307781175
