0 256.000000000000000
1 0.488969100182511
2 0.750929051188856
3 0.810989939225466
4 0.835578311821473
5 0.905405325140777
6 0.891126015013411
7 0.917355498881607
8 0.926911385137999
9 0.929994369301975
10 0.938987131333142
11 0.941012989360939
12 0.955035874147101
13 0.959101445832349
14 0.959078293595607
15 0.970357060490631
16 0.964853608725642
17 0.968660471397303
18 0.965579574650965
19 0.972139412502449
20 0.978195132210862
21 0.974766064821349
22 0.969470163542940
23 0.978639562439546
24 0.979821186604876
25 0.979339537305045
26 0.983400562730830
27 0.980623023318245
28 0.977619052916828
29 0.981810230124153
30 0.983594518352469
31 0.984575133806600
32 0.988168577935690
33 0.980370479676504
34 0.988333565998028
35 0.982490751833127
36 0.988077022414069
37 0.991960759886646
38 0.982801549080938
39 0.989285573124269
40 0.987679332533127
41 0.991770966522297
42 0.989225304811294
43 0.989747050507089
44 0.984667687796714
45 0.989209995545409
46 0.987212172606769
47 0.992098701344239
48 0.994558461708922
49 0.991268812745994
50 0.992478366307513
51 0.995477467087692
52 0.988520323097275
53 0.989950632577616
54 0.991589880457695
55 0.995467321974344
56 0.992035927182381
57 0.991761914912224
58 0.990472674403950
59 0.992815783783127
60 0.997197108488127
61 0.997209483956592
62 0.994771044142201
63 0.995669684564474
64 0.989431121881415
65 0.995375855225368
66 0.997312012090808
67 0.997607675482142
68 0.996908392639897
69 0.997082012132875
70 0.993850374972762
71 0.995024836962229
72 0.993347993250522
73 0.997387985831586
74 0.996631291880141
75 0.996712521576446
76 1.000102799676265
77 0.997467736737798
78 1.001347714383773
79 0.993722083546545
80 0.997928709920631
81 0.995946329354072
82 0.998629859571180
83 0.997303029441167
84 0.997022059429295
85 0.999202647023587
86 0.997887003919226
87 1.002145282630675
88 0.998940680519956
89 0.994631551883550
90 0.999020321932720
91 0.998348708741423
92 0.997581869467908
93 0.998296300877761
94 0.996648976418008
95 1.001062504302373
96 0.996900881284026
97 0.998484595214711
98 1.002853852641028
99 0.998242022683858
100 0.999372574971749
101 1.000229280772806
102 1.002310194208531
103 0.999233798119887
104 1.001233290371564
105 0.997855369520854
106 0.996329211884491
107 0.997795065561419
108 0.998870197713569
109 0.999814222218280
110 0.998331927299199
111 0.999680086071269
112 0.996670942249201
113 1.002004362759020
114 0.997887069576005
115 0.998974688869528
116 0.991952598642852
117 0.999861398908641
118 0.998366790777864
119 0.997960191083457
120 0.997318258921717
121 0.998908688925676
122 0.998467197259973
123 0.998088372276751
124 0.998432039714415
125 1.000501548195241
126 0.999926012169723
127 0.999498773013617
128 0.998468268679637
129 0.998532518964307
130 0.996629372531128
131 0.999572145584262
132 1.002694892443865
133 0.998821279540375
134 0.996421352274424
135 1.000546536753455
136 1.000052583248525
137 0.997637379261657
138 0.999536450734363
139 0.999484048648880
140 0.998860688566045
141 0.998522234027334
142 1.000306327628152
143 1.001229618626998
144 0.999520098380589
145 0.998846862893565
146 1.000797964812517
147 0.998586203392069
148 1.000844507368229
149 1.000857274561511
150 1.000270479976332
151 1.002055440997513
152 0.999293609006934
153 1.001418395611523
154 1.000004979984755
155 0.997325680095160
156 0.999908862245780
157 1.000571740353883
158 1.001031448354106
159 1.001214667441370
160 1.003078465716315
161 1.000366719192597
162 0.997822484506318
163 0.996448910698596
164 1.001193306653599
165 1.001745616948322
166 1.001554910082568
167 1.000538978611371
168 1.000561143292928
169 1.003288182416671
170 1.001980027398519
171 0.996106955427143
172 0.998218462470688
173 0.999598320641187
174 1.001170661196378
175 1.000052784666746
176 0.999085029466458
177 1.001279928339686
178 1.001057666815905
179 1.000468857553443
180 1.000887337693673
181 1.000283593105528
182 1.000281069161320
183 1.000388787230895
184 0.999135158178926
185 1.000872562933075
186 0.999868843772859
187 1.001177849049277
188 0.996069974589382
189 1.000576926516938
190 1.000641843719153
191 1.000076639425902
192 1.000625930824711
193 1.004400663151519
194 0.998197774798441
195 1.000986538680953
196 0.998189587523378
197 0.999557956941857
198 1.000631847620364
199 0.998763839484000
200 0.998984951772975
201 0.998022103447594
202 0.999097345924370
203 1.000397786826998
204 1.001031685193127
205 0.998148738408858
206 1.001401892816520
207 1.000269594084624
208 1.002521911917297
209 0.999487676674052
210 0.998312320146883
211 1.001695262326850
212 1.002417684217215
213 1.000963183386782
214 1.000421814427841
215 1.000081872804456
216 0.997582503014869
217 1.000731654244380
218 1.001856439112249
219 1.000394367602709
220 0.999918440550451
221 0.998651662796190
222 1.000188872642261
223 1.001184090689128
224 0.998899889401615
225 1.001948935677333
226 1.001447061790232
227 0.999267091938173
228 0.998998415752614
229 0.998933193564295
230 0.999844201010497
231 0.999685433413805
232 1.001186594898618
233 1.000481617170199
234 0.999389328862141
235 1.001032652250580
236 0.999247724016765
237 0.998661272152531
238 0.999072344067876
239 1.001303206098005
240 1.000808738992026
241 1.000858926337564
242 0.998557319304535
243 1.001667745219696
244 1.000257734745313
245 1.001563069489155
246 0.999382238119365
247 1.000438706341947
248 1.000269581550062
249 1.000903398843098
250 1.003900714001554
251 0.998400948250835
252 0.999894480929056
253 1.000912558096106
254 1.000275022367489
255 0.999666405506698
