0 256.000000000000000
1 0.487311103853444
2 0.754458920270976
3 0.806769862088938
4 0.833616232252354
5 0.905623050081575
6 0.888585053284722
7 0.918095003384859
8 0.929762833688645
9 0.926967532234315
10 0.939427175867296
11 0.940872837614758
12 0.957582661071088
13 0.960270380786409
14 0.958248689374927
15 0.969197922128907
16 0.964190039832989
17 0.967194418934286
18 0.967092793265880
19 0.972130826180588
20 0.974302230069302
21 0.974116946662839
22 0.971875864850311
23 0.978867180957188
24 0.979202258855732
25 0.978839525308569
26 0.983114299724361
27 0.979372236769675
28 0.977517810625395
29 0.981632213627808
30 0.982317795481861
31 0.984243642867441
32 0.987090756992102
33 0.980949859948138
34 0.988521503798644
35 0.983558237809628
36 0.988385524333298
37 0.990564166510364
38 0.982876580940645
39 0.988061381920108
40 0.988190182194118
41 0.992496669611873
42 0.989670673416404
43 0.989433540602572
44 0.987122112092115
45 0.991946736084919
46 0.987627299953524
47 0.991669826213393
48 0.993105062835420
49 0.989615997929346
50 0.992488405670433
51 0.994362875474791
52 0.988669958183586
53 0.990793441589929
54 0.992550087425021
55 0.994790302476362
56 0.992418977824310
57 0.992470479436791
58 0.990807314237740
59 0.992952662407181
60 0.996642263205139
61 0.996782530856975
62 0.994904157550947
63 0.994765636911061
64 0.989444767611060
65 0.995064362709060
66 0.996336968250028
67 0.998947865381689
68 0.997623205233665
69 0.996752903471923
70 0.993428685449127
71 0.994557874438276
72 0.993981507781283
73 0.997192217785344
74 0.997392931816368
75 0.996492176514651
76 1.000253789196750
77 0.996695452827961
78 1.000785261505280
79 0.995128121854526
80 0.998261991880312
81 0.995837077541290
82 0.998330213510022
83 0.996329643783495
84 0.996993226185050
85 0.998752432227428
86 0.997161378611069
87 1.001341976493179
88 0.998187298933677
89 0.995621878970553
90 0.997881686496912
91 0.998967430058032
92 0.997804407890336
93 0.998463828922376
94 0.995913146445341
95 1.000861389710681
96 0.996904073571955
97 0.997773782692302
98 1.002706051762060
99 0.998530227147184
100 0.999507108102299
101 0.999782650444763
102 1.002252099807537
103 0.998825996858240
104 1.000885243815958
105 0.997549871614104
106 0.996595427060171
107 0.998597203846633
108 0.997750130898391
109 0.999983399774854
110 0.999243976018242
111 0.999771915233605
112 0.998064760990088
113 1.002303565244483
114 0.998144635587811
115 0.998657495222088
116 0.992730252001907
117 1.000977370748892
118 0.999134063564732
119 0.998477944380827
120 0.998408318537803
121 0.999106519680402
122 0.999416961750614
123 0.997812530029420
124 0.998591367577333
125 0.999475552065745
126 0.999645844197869
127 0.999791886592731
128 0.998115025525677
129 0.998730241295814
130 0.996590567935996
131 1.000216745166132
132 1.002640561233090
133 0.999266214819505
134 0.997376169724286
135 0.999614695923255
136 1.000147914665730
137 0.998078592916203
138 0.998579561922983
139 0.998998872655306
140 0.999206656893765
141 0.998506095223316
142 0.999813718683156
143 1.000200766099860
144 0.999145607865220
145 0.999016302158616
146 1.000925544418257
147 0.998847471374672
148 1.001285864092998
149 1.000990852576459
150 1.000320023735072
151 1.002081015806245
152 0.999966152486599
153 1.000396616626857
154 1.000001036002683
155 0.996872902728590
156 0.999037813046220
157 1.000540195217168
158 1.001540935907678
159 1.001155055470007
160 1.003121674720889
161 1.000320690308120
162 0.998185459651139
163 0.996250772945921
164 1.001626245727577
165 1.001448082927560
166 1.000728711955479
167 1.000501546518673
168 1.000179280023074
169 1.003491844596466
170 1.000922068454609
171 0.995776334983699
172 0.998772100053443
173 0.999582540825300
174 1.001517953376869
175 0.999785996768517
176 0.999817590939048
177 1.001615424112334
178 1.000941595843957
179 1.000337129084989
180 1.000752627712585
181 0.999700282418642
182 1.000503991843626
183 1.000470282458324
184 0.999636280895376
185 1.001044604396236
186 0.999416039587387
187 1.001285107761501
188 0.996589526866848
189 1.001409780083194
190 1.000936023757295
191 0.999389041336684
192 1.000563909467595
193 1.003898126632028
194 0.998573324870998
195 1.000865620450988
196 0.998492066869906
197 0.998496398998504
198 1.000454053286033
199 0.998641043957665
200 0.999218848600626
201 0.998890506609116
202 1.000031795820495
203 1.000023539075536
204 1.000967272245960
205 0.997982582516256
206 1.001191954380699
207 1.000631033586471
208 1.001962532879190
209 0.999927555770557
210 0.998488450576392
211 1.001999546548179
212 1.003278953501947
213 1.000563581954158
214 1.000512937459828
215 1.000338971818446
216 0.997320805186919
217 1.001291801380118
218 1.000955053000604
219 1.000613893656012
220 0.999235926203421
221 0.998924503273360
222 1.000494566043719
223 1.001699643699596
224 0.999157926420863
225 1.001590662858689
226 1.001562909223693
227 0.999317948654424
228 0.999266725180006
229 0.998808209534289
230 0.999137441348849
231 0.999743148690178
232 1.001043063051088
233 1.000073000790176
234 0.999070141749349
235 1.000680549263141
236 0.998976471385366
237 0.998916413847867
238 0.999708838884224
239 1.001179349521351
240 1.001165417319889
241 1.001158036610248
242 0.998773902685256
243 1.000926281272959
244 1.000474139455614
245 1.001260559555852
246 0.999486804551470
247 1.000572798305478
248 1.000790394144452
249 1.001641311806344
250 1.003448616879077
251 0.998679580471826
252 0.999513751850647
253 1.000546741166980
254 0.999935056858148
255 1.002639051595108
