0 256.000000000000000
1 0.643040843369434
2 0.515269111036105
3 0.748747195233591
4 0.505607670401029
5 0.813638054690091
6 0.953295975706876
7 0.665362271141930
8 0.812034954088241
9 0.900530660617473
10 0.756578113294809
11 0.846350189790769
12 0.869993209830136
13 0.963547109149184
14 1.010571642228487
15 0.866935195876673
16 0.821478451546379
17 1.045714202770514
18 0.978833226149436
19 0.710383585141972
20 1.029133629579578
21 0.978133520311935
22 0.877994031260160
23 1.022370164495494
24 1.005797003300885
25 0.849995186824041
26 1.202311478068375
27 1.010709534410569
28 1.103025493370037
29 1.071992678150612
30 0.819275079946470
31 0.973801409574942
32 0.923789972672239
33 1.045904417911795
34 0.874752643898031
35 1.062855070582233
36 1.001994919353004
37 1.098132049076651
38 1.031847404040946
39 0.890664179841312
40 0.835168992482931
41 0.879578355131397
42 1.150662959990741
43 1.139489915789454
44 1.041731731254149
45 0.862652946783141
46 1.002259904109697
47 0.885305740130580
48 1.107067324967386
49 0.889745855106555
50 1.006173451932660
51 1.001043416450467
52 0.951610734262384
53 1.102793137854247
54 0.948551380656154
55 0.934238046481388
56 0.932301003553601
57 0.960580038592323
58 0.857545717442818
59 0.957388857582017
60 1.041849361359598
61 0.973438780693597
62 1.043688768906577
63 1.162108253438491
64 1.014002184402774
65 1.061072997526800
66 1.025583329002839
67 0.928947371728323
68 0.905408084994520
69 0.996696703673269
70 1.081930865431787
71 1.029229526211090
72 1.038033703445884
73 0.912442797123041
74 0.958319298592838
75 0.923389171635607
76 1.024109548029567
77 0.956306275207504
78 1.007846106562818
79 1.095413678336040
80 1.027946029964201
81 0.965526883298531
82 1.063887714737168
83 0.971013690385642
84 1.056640059922200
85 0.993304788642291
86 0.985864760886590
87 0.985086784587559
88 0.938882120186463
89 1.025211236249112
90 1.096336309427726
91 1.069929120428343
92 1.003407976492148
93 1.008332231403360
94 0.953010331393778
95 0.987483484934662
96 0.953190960171633
97 1.024320358127544
98 1.055460877676715
99 0.922675013106883
100 1.028052050654017
101 1.012219171241734
102 1.032926435907724
103 1.000712819541476
104 1.034105885691436
105 0.928937095085084
106 0.995915480136444
107 1.020167637335059
108 0.960216647093970
109 1.018013680500812
110 0.949060312480744
111 1.085240072247365
112 0.925529464493905
113 1.011016788609258
114 0.990389525703835
115 1.046763422466918
116 0.974063333573975
117 0.956265094752345
118 1.025454803646116
119 0.973520281911728
120 1.033536662758939
121 0.943382069147091
122 0.935203904619138
123 1.046671944819572
124 1.031224765273633
125 0.981215387998013
126 1.057350136099134
127 0.956561149873511
128 0.920244179808453
129 1.004121440539295
130 0.969616152748599
131 0.942212954530159
132 1.078469375206758
133 1.032840202795893
134 0.980840327076003
135 0.908033123507597
136 0.990872384312982
137 1.044019266610021
138 0.933367702040144
139 1.002736231315572
140 0.964699524378694
141 1.069876537440196
142 1.079280031955152
143 1.045783212281660
144 0.936937094020099
145 1.006772623238707
146 0.992174614138402
147 1.020260561384228
148 1.063379578946717
149 0.978941018665895
150 0.987921721613427
151 1.034944455641443
152 1.056209974987365
153 0.983939325307763
154 0.938615525860223
155 1.044072943577097
156 1.012286171485998
157 0.962053855654427
158 1.101917157926073
159 1.013159670597641
160 1.052747116023415
161 0.982990422548524
162 0.964453041921388
163 0.984050779653448
164 1.023042758215273
165 1.004130520799437
166 1.025162969717618
167 1.057512748626365
168 1.042857061919221
169 1.018174936831759
170 0.995720659775273
171 1.014350311888524
172 1.002490045561865
173 0.946651850650322
174 0.969645519349606
175 0.978217188817345
176 0.932904914037824
177 1.065599427466123
178 1.032245215882035
179 0.973415096338779
180 1.021363587435991
181 0.989702911946558
182 1.022382471594028
183 0.954691971102603
184 1.049931754381479
185 0.994670697996610
186 1.019405550993009
187 0.956626437133203
188 0.944940945436601
189 0.944566861210050
190 0.944883987180976
191 1.021836439844282
192 1.018420617507935
193 0.974198694975024
194 0.964769508595517
195 0.977280215358359
196 0.982648242971127
197 1.045434788611007
198 1.038671231187514
199 0.954370292592185
200 1.012596323772605
201 0.985136421636375
202 0.974090454230956
203 1.009303758006945
204 0.982991173937410
205 1.061278734314890
206 1.050931811633642
207 1.013711614457884
208 1.033273451558520
209 1.015537585515709
210 0.989605648759873
211 1.037052007169236
212 1.052923119462381
213 0.938158753940678
214 0.936721735186698
215 0.980067095665818
216 1.010518148707746
217 0.912004971604738
218 0.999625139765182
219 1.077728919150672
220 1.002380608560146
221 1.090449305834985
222 0.992853347828979
223 1.007525834237555
224 0.953418271655448
225 0.973699892644756
226 0.969861128566959
227 0.985367809583248
228 0.960843623534102
229 0.971426387571787
230 1.012056612926535
231 0.991769404090721
232 0.985531092729142
233 0.988025521140156
234 1.067194212923472
235 0.993852800501632
236 1.012786780177251
237 1.000199381429794
238 0.992617046761850
239 1.013206113928391
240 0.956406816707853
241 0.998994747959155
242 1.025367717325639
243 0.957926712751114
244 0.954191648068426
245 1.016537222847127
246 1.036530450184710
247 0.973785631172540
248 1.011755061517722
249 0.972976716600604
250 0.998652295816654
251 1.033390332218260
252 1.068285771005938
253 1.025786244484038
254 0.993654853464862
255 0.863736690125532
