0 256.000000000000000
1 0.498449992168829
2 0.728077510078244
3 0.810276357787790
4 0.846067706005992
5 0.886932666778359
6 0.887186589574716
7 0.913569481877383
8 0.896837105213390
9 0.898392598237853
10 0.964050341081479
11 0.930671875459565
12 0.943812269717348
13 0.948868755253551
14 0.997378555853249
15 0.953977594994671
16 0.973143716904849
17 0.963527677268180
18 0.962317747277382
19 0.973271768158002
20 0.994764009058160
21 0.983096245278429
22 0.959213882972467
23 0.989922862341602
24 0.968606421085489
25 0.993061322318392
26 0.977032369158011
27 0.990687052675139
28 0.978294992724537
29 0.968782608179509
30 0.988506788702993
31 0.981745202511026
32 0.987740006116414
33 0.963942826764477
34 0.985178644492901
35 0.974874636166216
36 0.984885164642050
37 0.988246874232891
38 0.986291899004736
39 0.997335977891408
40 0.982873299107727
41 0.981976688429688
42 0.997343602546722
43 0.986084956833410
44 0.985228116510549
45 0.991399570044205
46 0.981032767603794
47 0.989526255145550
48 0.998471243577463
49 0.980885015621098
50 0.993390657510279
51 1.002341104946592
52 0.978199911871149
53 0.998364400002378
54 1.001635993282558
55 0.991770468727023
56 0.985218543851222
57 0.997735296886353
58 0.981028459479068
59 0.982523390792149
60 1.001052942451774
61 0.996997522837582
62 0.998253091088261
63 0.992719927594945
64 0.993565505309291
65 0.991424536637029
66 0.996971982816958
67 0.999230225446261
68 1.004565655933822
69 1.002087957843797
70 0.985720353700553
71 0.981511535752911
72 0.999510941678136
73 0.984290121057183
74 1.010192649496717
75 0.985875021043439
76 1.000617135065943
77 1.002819042688406
78 0.995978614899403
79 0.991709161041776
80 0.994512606901545
81 0.997245235134824
82 0.992286533925363
83 0.993487230090840
84 0.996869098497052
85 1.006078953341216
86 1.001813697325749
87 0.998241257042571
88 0.995249639294667
89 1.000498307362670
90 1.005620880350466
91 0.994001645059234
92 1.007222517722304
93 0.997266229475361
94 0.991668656121762
95 1.002283393564233
96 1.004594284980526
97 1.000137161354512
98 1.000286543376151
99 0.990791836354428
100 0.990042707630219
101 1.002015283268088
102 1.002437803465821
103 1.003506004653670
104 1.008872012051669
105 0.999318021593591
106 0.990225355482244
107 0.996357707643848
108 1.004425092934122
109 0.998322221382661
110 0.996563477879625
111 0.996037261946474
112 0.993930301577593
113 0.996623912116808
114 0.995141875619421
115 1.001897655930216
116 0.988398080216287
117 1.003518278807977
118 1.001969392840300
119 1.000866789105572
120 0.998565450527765
121 0.995201572614544
122 1.005223457647606
123 0.996366365065144
124 0.993731698498960
125 1.006334424745247
126 1.011030925978515
127 1.005311448619331
128 0.996388954265258
129 0.996636572486379
130 0.993491407620745
131 0.994202614587375
132 0.999288580860484
133 1.000114321383086
134 0.997268960878985
135 0.997863487635019
136 1.004151342638930
137 1.007655528004118
138 0.994256125220999
139 0.998209754880800
140 1.004305588549846
141 0.997023315978177
142 1.005001700106011
143 0.999661211998478
144 0.997299282084649
145 1.008768335917031
146 1.005357307656823
147 0.996568128114162
148 0.993932077730037
149 0.997851515386242
150 1.008577860685582
151 1.002639217511537
152 0.999643049001533
153 0.998573392541362
154 1.003704125609358
155 0.997138595537239
156 0.994679642211479
157 1.004416857263929
158 1.009935626388637
159 0.999414496671449
160 1.000107073646692
161 0.993258940856052
162 0.999046289755344
163 0.993498529971673
164 1.002318065854949
165 1.006475277619951
166 1.004594734535236
167 1.002324871934568
168 0.997869281402037
169 0.993799018531603
170 1.006852360878411
171 0.997792627496181
172 0.993746906297078
173 0.998697339727102
174 0.998862725514892
175 0.994237118542525
176 1.000310184351614
177 1.005140313316427
178 1.006267125793965
179 0.998675701756265
180 0.998477673038411
181 0.996836118986885
182 0.996243864614452
183 1.003269895148436
184 0.997404373935091
185 1.011677655079467
186 0.998446639742195
187 0.993050055753849
188 0.999310882460389
189 1.004891349174347
190 0.998297827029554
191 1.009652782748995
192 0.999137638545424
193 1.004028561620644
194 1.002427144979329
195 0.999086073021731
196 1.002126427290627
197 0.994151284553101
198 1.000968782467776
199 0.992396030778892
200 1.005653472683203
201 0.998540777109033
202 1.003405421824021
203 0.996661339393469
204 1.004786982902508
205 0.997092934099522
206 1.008038665013300
207 1.002137092253744
208 1.001386347457871
209 1.002759661260239
210 0.996263122493461
211 1.008695470791227
212 0.999292436266551
213 1.002078806352614
214 1.004954484854317
215 0.997251840336337
216 0.996246390861577
217 0.998173048662104
218 0.998653089441916
219 0.996117387729379
220 0.998282693352426
221 0.995779414041939
222 1.004930964867031
223 0.999526551236979
224 0.997027166398406
225 1.004512922825598
226 1.003824769553620
227 0.997967236466022
228 0.999570686058719
229 0.996198956961570
230 0.997397928117930
231 1.002554863108077
232 1.000343132906244
233 1.001778327443334
234 0.993419348227228
235 0.999955635240066
236 1.000291799816746
237 0.997806316722363
238 0.998830082022895
239 0.998856704908540
240 0.998401770907636
241 1.000875122368895
242 1.000619806247667
243 0.997232392264189
244 0.998384999705137
245 1.008460439922182
246 0.997608533320545
247 0.997243253719996
248 1.002164659186180
249 1.001493669140590
250 1.004005585139802
251 0.998605062622952
252 1.003385153531835
253 0.997178582372866
254 1.003437036404737
255 0.982723549472349
