0 256.000000000000000
1 0.515247415355614
2 0.722413223494379
3 0.818728557281023
4 0.841040466564496
5 0.896968262863334
6 0.888688804050210
7 0.919990350170950
8 0.921168107517273
9 0.925163113562045
10 0.947473990684034
11 0.945417514241891
12 0.954297783366948
13 0.946173796050408
14 0.965764712835393
15 0.978228488234604
16 0.978713041074666
17 0.964377715196440
18 0.967361522574884
19 0.974611437465863
20 0.990426078343129
21 0.974123067592392
22 0.967867377292731
23 0.976682178751625
24 0.975720581455381
25 0.986163558033071
26 0.984179613546932
27 0.982818092266009
28 0.978755015633753
29 0.973412670526996
30 0.983769339083811
31 0.980554102777103
32 0.986623733384844
33 0.972745688110578
34 0.988804685037331
35 0.979122836073107
36 0.986729445248386
37 0.991730240813014
38 0.980439223677735
39 0.991315622010077
40 0.982997665246365
41 0.990957000888721
42 0.994501680514657
43 0.987715245235947
44 0.984327571094133
45 0.985925008082751
46 0.985852372019228
47 0.990871145180403
48 0.998816201137919
49 0.988187451125011
50 0.992083833184987
51 1.000362320961931
52 0.986231636527406
53 0.995144222194854
54 0.996329983996262
55 0.995486223928428
56 0.990317982920561
57 0.992173781845636
58 0.990708388749267
59 0.989994383474293
60 0.998792862090835
61 0.994464453686177
62 0.993193659622710
63 0.992789636326427
64 0.994257235418378
65 0.992555888068812
66 0.996615879968801
67 0.991752035321095
68 1.004751948010363
69 0.999434578732991
70 0.992274033020186
71 0.990246828780166
72 0.994638720941021
73 0.991803628567053
74 0.998441658314977
75 0.998027872475030
76 1.002643092456308
77 1.000595387853369
78 0.996867824349049
79 1.000074940556445
80 0.997524746841658
81 0.996297030483041
82 0.996373324026169
83 0.993173479312638
84 0.997563989748623
85 1.002968027570156
86 0.999432907681249
87 1.007746873084697
88 0.997726769200005
89 0.997815596746167
90 0.997233356868398
91 0.994136127939268
92 0.998064896822103
93 0.996971326917248
94 0.993601119520230
95 1.000085622452123
96 0.998890720170093
97 0.996025537108711
98 1.000582005306817
99 0.997427492327526
100 0.999151400728315
101 1.001246838063574
102 1.000166880212324
103 1.000580705427776
104 1.001594770001031
105 1.000114769852568
106 0.991153677348701
107 1.001517736359329
108 0.997158434419370
109 0.999078771638817
110 0.996287177783683
111 1.000894251410628
112 0.997614516499164
113 1.002522805544094
114 0.999742385917099
115 1.000598377937674
116 0.991277527678458
117 1.002678260595033
118 0.993805445233910
119 0.999688451059723
120 0.997519460053609
121 0.996982133324672
122 1.001123071381396
123 0.998294111668259
124 0.994893056616336
125 1.001174294824049
126 1.004912585161401
127 1.000656742932710
128 0.998906652619782
129 0.998370864625377
130 0.993540442895614
131 0.997748720429393
132 1.001100885160323
133 0.999111462703411
134 0.998552903112699
135 0.999964949300316
136 1.002481402115203
137 1.002306381290051
138 0.999292907150438
139 0.997165416659416
140 0.996286861848041
141 0.995595282116198
142 0.997178131658822
143 1.000970559789643
144 0.996585053286904
145 1.004984860215404
146 1.002786023954539
147 0.995465594902919
148 0.999221895843325
149 1.002715157223034
150 1.001992007802583
151 1.002136067840327
152 1.001192609388302
153 1.002287557624198
154 1.000865237071860
155 0.996874573479793
156 0.999099337231802
157 1.002824570314799
158 1.002607110227659
159 1.001579108345974
160 1.002983177623592
161 0.995726215177359
162 1.002228206546753
163 0.994416306059740
164 0.998389043101318
165 1.001203969389346
166 1.004551886345420
167 1.001901516850894
168 1.000558658784227
169 0.999940815184727
170 1.005378586463326
171 0.993991214509358
172 0.995073803258774
173 0.998490937056152
174 1.001173429788890
175 0.997442231797724
176 0.997636616269278
177 1.001573520658122
178 1.003628168550343
179 1.000103082544936
180 0.998841423220313
181 1.003006019820291
182 1.000183471705204
183 1.000822998552085
184 1.002377552517065
185 1.001817190008520
186 0.999721815269040
187 0.999828919701974
188 0.999620432723222
189 1.003052704767781
190 0.999550964906074
191 1.002049553835313
192 1.001640514151077
193 1.005246388976142
194 0.996473710345528
195 1.003873504689544
196 0.999828272844554
197 0.998128151982265
198 0.999111688461715
199 0.997397510125213
200 0.997872306200230
201 0.998163729481822
202 0.999652111385334
203 0.999764196915209
204 1.000226691396685
205 0.997523615258076
206 1.006290120596145
207 1.000687763870350
208 1.001548492891311
209 1.000684050984485
210 0.998217725926423
211 1.002268434376103
212 1.000867237777658
213 1.000822124498583
214 1.004134003208075
215 0.999764268811263
216 0.997336632763120
217 0.999299268586168
218 1.000800757525321
219 1.000067811097268
220 1.001008079866468
221 0.996676459640214
222 1.002447471623265
223 0.999813139761715
224 0.997999468257353
225 1.003237495239843
226 1.003346680460480
227 0.998339002967002
228 1.001784500092364
229 0.998114522396203
230 0.998904872619732
231 1.000900195140853
232 1.001122719057285
233 1.001284720146695
234 0.997641903477332
235 1.000090832249714
236 1.000473882416581
237 0.996841072918375
238 0.996066903673545
239 0.999466862570620
240 0.998965169767268
241 1.002705118173390
242 0.999691960878977
243 1.000508416054372
244 1.000348216237456
245 1.001321464702820
246 0.998043030389655
247 1.000037975931628
248 1.000969555232146
249 1.001922653907562
250 1.001804004630716
251 0.999174254355927
252 1.002331146543278
253 1.002683425920867
254 1.003162553229970
255 0.997384342916390
