0 256.000000000000000
1 0.490616449466525
2 0.727565266791474
3 0.814497367702479
4 0.838842026808016
5 0.901669342474512
6 0.882329102547686
7 0.917869517265275
8 0.924114393485453
9 0.925913169699021
10 0.939833008870443
11 0.939597257292553
12 0.946193219097088
13 0.949161571253792
14 0.959999999974064
15 0.973143311117763
16 0.972264675230869
17 0.966126201602219
18 0.967579071931246
19 0.972706452375163
20 0.985700851632740
21 0.978561043955805
22 0.968536521418353
23 0.979930636022282
24 0.979933448646290
25 0.985415388125297
26 0.984880547060933
27 0.986665202639824
28 0.976307795122247
29 0.977081228315193
30 0.979818016942186
31 0.981137394227449
32 0.987454156195493
33 0.977594697205892
34 0.991894587042246
35 0.979578224834067
36 0.988408345464114
37 0.993678486528743
38 0.983134153884352
39 0.986641672133924
40 0.983697306500043
41 0.991280074070694
42 0.991458759332542
43 0.987301194407987
44 0.984705339233102
45 0.990856720658263
46 0.984669898307055
47 0.991149626697509
48 0.996219455959540
49 0.990826469432391
50 0.993768560504325
51 0.996842674916476
52 0.985163874862562
53 0.992699198555514
54 0.996201457627958
55 0.994844244609313
56 0.991525929512077
57 0.990705022687351
58 0.989685091782556
59 0.992498906833363
60 0.999520874232169
61 0.994203964362280
62 0.995902136927117
63 0.992704338885168
64 0.990784184963981
65 0.994181040595341
66 0.996686072625185
67 0.995872287429785
68 0.999109233576561
69 0.996886764182164
70 0.993465004301378
71 0.990167791648631
72 0.994132955811278
73 0.994589849372030
74 0.996930729049266
75 0.997882136166485
76 0.998532282514230
77 1.000934015657218
78 1.000398293767254
79 0.996977113045783
80 0.996664523139013
81 0.997775075416806
82 1.000628287312255
83 0.997223959053653
84 0.994654448291383
85 1.001417843866028
86 0.997587277239069
87 1.004117643270155
88 0.999194251609449
89 0.994610363119039
90 1.001730990992188
91 0.997988856230620
92 0.997121300094942
93 0.998383666845580
94 0.994775296105497
95 1.000182318488758
96 0.996480517778795
97 0.997740144427748
98 1.000991808066853
99 0.998700041078190
100 0.998719584905144
101 0.998411904172267
102 1.002351274598965
103 1.001595912076873
104 1.002870103735502
105 0.999125226150828
106 0.996164762636423
107 0.998378472197799
108 0.996692994993324
109 0.997743407536029
110 0.997754626835267
111 0.999494592454347
112 0.997484241595235
113 1.000146618336098
114 0.997476747843409
115 0.998610064893551
116 0.993412729101263
117 0.998225044480628
118 0.998711581263264
119 0.998214417787030
120 0.997725552494565
121 0.999158285192706
122 0.999879100030614
123 0.996164815818135
124 0.996928298586522
125 1.001623686168973
126 1.002661049821919
127 0.999453370508720
128 0.999369116490425
129 0.997626452880986
130 0.997090350003560
131 0.999215763434160
132 1.001849918960614
133 0.998612181011502
134 0.998577491731790
135 1.000088933539097
136 1.002261660188521
137 0.999162686265007
138 0.998428339612303
139 0.998550979402188
140 0.998286820388596
141 0.997732534231081
142 1.000583120346446
143 1.002938141164095
144 0.998527805857556
145 1.000374609045328
146 1.001300573745714
147 0.996851738070698
148 1.000731418007950
149 1.001919091628258
150 1.002917547884094
151 1.001208955058138
152 1.000288078986011
153 1.002538461335089
154 1.000849382484989
155 0.996975846167864
156 0.999481802909875
157 1.002667094906337
158 1.000890018367234
159 1.001679402902841
160 1.003635777692908
161 0.997332491175242
162 1.000690206201116
163 0.995141065076986
164 1.000973701807154
165 0.999623717488437
166 1.001848276756017
167 1.000424062312229
168 0.999568913670150
169 1.001206959197040
170 1.003124486368247
171 0.995074489786726
172 0.995572148529087
173 0.998497624289743
174 1.003269343795150
175 0.998280782456548
176 0.997172204438141
177 1.003739969671032
178 1.002074790760990
179 0.999085954949796
180 0.999826875655380
181 1.002500305580332
182 1.000906038538365
183 1.000181727585640
184 1.000116948985183
185 0.999856985413992
186 1.000251204840824
187 1.001455682223727
188 0.996165792639146
189 1.001283585634818
190 1.001393282373610
191 1.001917069330482
192 1.001409301390082
193 1.005624888726269
194 0.996807272888953
195 1.002285106696578
196 0.999835796015228
197 0.998773120012184
198 1.000155191270523
199 0.997273861965475
200 0.997221936386575
201 0.997969283853506
202 0.999869633840796
203 0.998953728456726
204 1.000950850783302
205 0.998522933739238
206 1.004474116577380
207 1.000031949354383
208 1.001807709905320
209 0.999119397161343
210 0.997567441350320
211 1.002588338153118
212 1.002385643807411
213 1.002035269105159
214 1.001812443770969
215 0.998710050177813
216 0.998143797906240
217 1.001406851113056
218 1.002270016262760
219 0.999303135119185
220 1.000531335740940
221 0.998039727872281
222 1.001136341379594
223 1.000033321834816
224 0.999205348501821
225 1.001101395243315
226 1.004270381530254
227 0.998090474738237
228 0.999790445530342
229 0.998373046811603
230 0.999954252299929
231 1.000389462676694
232 1.000977233895844
233 1.000590650390450
234 0.999132952488387
235 1.001383823368191
236 0.999123624930516
237 0.997336582231374
238 0.996889711560062
239 1.000556671891751
240 0.999977277112758
241 1.002286238322085
242 0.999128572908138
243 1.001955907504496
244 0.999466670170325
245 1.002364047528455
246 0.998773933224819
247 0.999712197087464
248 1.000743256193361
249 1.001043487211639
250 1.003990903043032
251 0.999146253464975
252 1.000408467010317
253 1.001322613900604
254 1.001417142219010
255 0.999870932048441
