0 256.000000000000000
1 0.504904053330253
2 0.711168796318522
3 0.837391541580497
4 0.866355267190855
5 0.887647377919552
6 0.886685181637201
7 0.929065428218472
8 0.913749269435579
9 0.916768282981723
10 0.946984096796065
11 0.953096077096709
12 0.959927280876262
13 0.946440154101772
14 0.969542191456779
15 0.974258819700038
16 0.979553992175747
17 0.961490028335745
18 0.962182067185804
19 0.976877113124891
20 0.988443544404194
21 0.978247028294707
22 0.964540072726028
23 0.981770009903646
24 0.966060653018974
25 0.989146860959944
26 0.982147478806400
27 0.988540851915156
28 0.972191713413799
29 0.974132324337603
30 0.980535121016595
31 0.981194494701931
32 0.987274808558980
33 0.971852341687599
34 0.989623659118762
35 0.972351815545444
36 0.988330566445389
37 0.993223593643996
38 0.986896662193919
39 0.990572645896366
40 0.979714217903754
41 0.984684242620739
42 0.995636350295055
43 0.986579211055152
44 0.983240030597969
45 0.990900346899684
46 0.984290746520737
47 0.988799004888515
48 0.999692773763013
49 0.987604961807201
50 0.991490467155910
51 1.003260471235683
52 0.985658099307408
53 0.994822196757903
54 0.991832770538152
55 0.996734109194912
56 0.990793141850368
57 0.993755862093970
58 0.992839962101092
59 0.994227810899728
60 0.994920936429484
61 0.992413448953245
62 0.997994027411457
63 0.994563386775218
64 0.991941521579742
65 0.990638130505043
66 0.993635728536964
67 0.993852524625068
68 1.007493021655771
69 1.004334911063075
70 0.994522055457156
71 0.992447600135209
72 0.995871155585418
73 0.991067087566448
74 0.998541449351186
75 0.996343073716053
76 1.001421268294124
77 0.999653392636674
78 0.995456354505416
79 0.998910004595098
80 0.994964392074206
81 0.992016253329835
82 0.996048053750060
83 0.993533425653112
84 0.996589215132689
85 1.007308594174021
86 1.000765218550089
87 1.009174263096672
88 0.999873698626117
89 0.997277396270836
90 0.998713960914894
91 0.997838823311408
92 0.995985179090516
93 0.998411441991344
94 0.993891688450006
95 0.999002838319411
96 1.001221071459877
97 0.995081527264651
98 1.001210320282207
99 0.998179713129283
100 0.998293056377488
101 1.001237709554692
102 1.000836403015445
103 1.001129385556332
104 1.005679655925695
105 0.999396575888487
106 0.992953902614913
107 1.001069085479023
108 0.998150523062795
109 0.999081844034973
110 0.995169908239053
111 0.994468457602890
112 0.993945246917640
113 1.002458453373864
114 1.003191650336245
115 1.002456582430697
116 0.994993551282797
117 1.002937073820816
118 0.996111938443012
119 1.000906081048895
120 0.999609259060743
121 0.990722592407005
122 1.000377943957606
123 0.996354774557611
124 0.995811108888797
125 1.003573612430905
126 1.006784465814576
127 1.001878025617291
128 0.997868458819833
129 0.996187760020181
130 0.994220438212699
131 0.995369991661180
132 0.999145743422953
133 0.999347169552120
134 1.000288731745741
135 1.000621699716964
136 1.003153290884909
137 1.005914299035306
138 0.997932591175603
139 0.997504723302374
140 0.998991030616203
141 0.993978079117301
142 0.998330988138882
143 1.003034536287940
144 0.996238704611568
145 1.006119252239520
146 1.004885168445156
147 0.997339888364483
148 0.998278614316660
149 0.999521843321820
150 1.004791333532445
151 1.003347549086939
152 1.001387659792004
153 0.999881213757829
154 0.998542753531529
155 0.996386501282221
156 0.998541543274545
157 1.002132540738108
158 1.002027530118196
159 1.000088249149503
160 1.002662932507790
161 0.995353359052692
162 0.999204586387040
163 0.995114414504234
164 1.000666716141513
165 1.000592816111432
166 1.003834205040130
167 1.000913184585892
168 1.001128688356829
169 0.998101998600756
170 1.005869311739462
171 0.995205048081107
172 0.993846684675682
173 0.999140771149951
174 1.000993071145453
175 0.993754323444056
176 0.996930521777529
177 1.003914077908072
178 1.002198529352863
179 0.997097478031410
180 0.996045733692425
181 1.000709181823439
182 1.001029218365054
183 1.000558550483866
184 1.002435559427747
185 1.004748917232769
186 0.999024815533437
187 0.998354516531676
188 0.999392268633931
189 1.003401274195223
190 0.999524304369598
191 1.004430132677469
192 1.000164331709565
193 1.005075174687249
194 0.999256122797410
195 1.000119849169216
196 1.000452468154560
197 0.994999076112143
198 1.001078693643683
199 0.997240501884755
200 1.000577114613058
201 0.998911525409972
202 1.001228656751614
203 0.996591717671686
204 1.001851215399068
205 0.996190137126685
206 1.008895695673644
207 0.999548279081184
208 1.000986237428937
209 0.998001562782229
210 0.995785914617539
211 1.004332484472144
212 1.000348173044774
213 1.001683632397402
214 1.002926247799357
215 1.000202332103992
216 0.996146055905179
217 1.000007116356014
218 1.001219784617325
219 0.997563548142316
220 0.998214588913673
221 0.998930592954435
222 1.002742260701711
223 0.999969235241528
224 0.997655351626147
225 1.003863531137281
226 1.003970637625055
227 0.998823836666278
228 1.001622783231121
229 0.997171315183289
230 0.997576339058625
231 1.001528115166018
232 1.003560084615859
233 1.003124538544356
234 0.993883149296476
235 1.001082752279809
236 1.000838443963018
237 0.998042142639030
238 0.996635512840932
239 0.999130269501113
240 1.000146247718584
241 1.003220250139253
242 0.999651062100982
243 0.999955505095861
244 1.000656781771477
245 1.003320911285014
246 0.998617570339039
247 0.998228554448681
248 1.002646205969888
249 1.002462158837760
250 1.002234747340401
251 0.999470372374918
252 1.001948574627699
253 1.001443635357643
254 1.003898695968880
255 0.997679549738823
