0 256.000000000000000
1 0.487160553397764
2 0.741737693038301
3 0.819128666080437
4 0.836810034448198
5 0.903430062377956
6 0.885243583274078
7 0.919341110378336
8 0.922967427555862
9 0.930594091365631
10 0.939771478818188
11 0.939388037002584
12 0.953971615198225
13 0.955951379300101
14 0.959881712670304
15 0.971820096747876
16 0.969752947740298
17 0.968320962006366
18 0.967354204743200
19 0.969842376509492
20 0.980927897510768
21 0.977209803865673
22 0.966025352971296
23 0.981623653712139
24 0.978525707062556
25 0.982385968795818
26 0.985592771296961
27 0.983013018964538
28 0.976739481723880
29 0.982309095615214
30 0.983280412650937
31 0.980925046013988
32 0.986956504890998
33 0.978045428244594
34 0.989796575377160
35 0.981760978179143
36 0.988416784320235
37 0.991429814464850
38 0.982026699076320
39 0.988437456570484
40 0.986349889058016
41 0.991744012079244
42 0.989064993307885
43 0.989018204396107
44 0.984227398705454
45 0.991256587216509
46 0.987337278764673
47 0.991002500827202
48 0.993801606916361
49 0.988291135829427
50 0.992176770242821
51 0.996656806765820
52 0.987711208576326
53 0.990942142619042
54 0.993340880395731
55 0.995267117876804
56 0.991724152713115
57 0.991664927985516
58 0.990567968254029
59 0.991253804547026
60 0.996295947282274
61 0.997704474022098
62 0.995217400108715
63 0.992565230085603
64 0.989639406143273
65 0.994863900096714
66 0.998811917288308
67 0.996612696106097
68 0.998073942046674
69 0.997599184868221
70 0.992965365455658
71 0.995341517811271
72 0.993281722393277
73 0.997612977214513
74 0.996379680616375
75 0.997793509340303
76 0.999426644461534
77 0.998670195040177
78 0.999850421542469
79 0.994957787829618
80 0.998572544985345
81 0.997018522160977
82 0.999956992858863
83 0.997912757513398
84 0.994926188962619
85 1.000435889051755
86 0.996887332253492
87 1.003859489908298
88 0.998249460371699
89 0.995152424245090
90 0.999541476671371
91 0.999001849944384
92 0.996074379185673
93 0.998782676066874
94 0.995790380985389
95 1.000013058623670
96 0.998150047126096
97 0.998722106481600
98 1.003382541949968
99 0.998661077494417
100 0.998208307584441
101 0.999609280823994
102 1.001290199106499
103 1.000967268337611
104 1.002000091176666
105 0.998949354183129
106 0.995270210650245
107 0.997553177449716
108 0.997789560912147
109 1.000162286045994
110 0.997288351256352
111 1.000346460519254
112 0.997033800078040
113 1.002071272359790
114 0.997680774395353
115 0.998923936914515
116 0.992869765583894
117 0.998901526729786
118 0.997848990493118
119 0.997764770798452
120 0.996125137693663
121 1.000132759245242
122 0.998755508365514
123 0.997187992710339
124 0.997450946699938
125 1.001273443927878
126 1.000324595042411
127 0.999702210018184
128 0.999003146562983
129 0.998431929793618
130 0.996482967324206
131 0.998986557560471
132 1.002504132638548
133 0.999089951370120
134 0.995961231960647
135 1.000799077644483
136 1.000757783184629
137 0.997852122825614
138 0.999165962144082
139 0.998700720385063
140 0.999304220522270
141 0.998757779323802
142 1.000501677253905
143 1.002270065756007
144 0.998142947342204
145 0.999866514016274
146 1.001414762463405
147 0.998097225002794
148 1.000115452862784
149 1.002122737079595
150 1.001793105075095
151 1.001087838240629
152 1.000429200882611
153 1.001036384769809
154 1.000564793432732
155 0.997309230428235
156 0.999995319027791
157 1.001114095804551
158 1.000950484710283
159 1.002189725467713
160 1.002953535444496
161 1.000026790296443
162 0.998947650267906
163 0.995733318844748
164 1.001375014394078
165 1.000850445619788
166 1.000919750448483
167 1.001092340401391
168 1.000873897429396
169 1.002416563572177
170 1.001868023233486
171 0.995237659375469
172 0.997738521148003
173 0.998491745823279
174 1.002599604623363
175 0.999101999795387
176 0.997819951311041
177 1.002585611576375
178 1.001581597199474
179 0.999269182422432
180 1.000163870613887
181 1.001733354420244
182 1.000543629491651
183 1.000201705722076
184 0.998980063443664
185 0.999986092021640
186 0.999281311850149
187 1.001758308698153
188 0.996027405584243
189 1.001015816292098
190 1.000848222664077
191 1.000837677658258
192 1.001019590971054
193 1.004196883115566
194 0.997487218206683
195 1.001664887891877
196 0.997416130475809
197 0.999596943195910
198 1.000098630143389
199 0.997574398307140
200 0.999091954219753
201 0.997793935601681
202 0.999550369123738
203 0.999374899410030
204 1.000656500249585
205 0.998982377198858
206 1.003257037017540
207 0.999748134810512
208 1.001924258164652
209 0.999245870930026
210 0.997810070854680
211 1.001763516211787
212 1.002127806895619
213 1.001219937934038
214 1.001071353662389
215 1.000189992273770
216 0.997091255927968
217 1.000925291544342
218 1.002136704059469
219 1.000480846411884
220 1.000672222488032
221 0.998788809034907
222 1.000736918119523
223 1.000824936811086
224 0.998507587730536
225 1.002356745112542
226 1.002389578462531
227 0.999104619596123
228 0.999497723696774
229 0.998771487851143
230 0.999074484922523
231 0.999362628291633
232 1.001604430855368
233 1.001184613442539
234 0.999007130205937
235 1.000514379518322
236 0.998932805525693
237 0.998090769400558
238 0.998826461798774
239 1.000891163048846
240 0.999913749941049
241 1.000510662770645
242 0.998423032017722
243 1.002051916673279
244 1.000289692368085
245 1.001755487898836
246 0.998873643457768
247 1.000840158505341
248 1.000802127022855
249 1.000849185818196
250 1.004658645512775
251 0.998661692964580
252 1.000285741765336
253 1.001552456263902
254 1.000620160289389
255 0.997061542515367
