0 256.000000000000000
1 0.505281432673605
2 0.736784895562017
3 0.812654281220511
4 0.837345779051462
5 0.893670306326493
6 0.892600023806636
7 0.914837698978832
8 0.920024884177250
9 0.926810967626070
10 0.945647731740135
11 0.946215034493293
12 0.944662855822235
13 0.950917603379578
14 0.962950661670850
15 0.974751486758875
16 0.977237199861006
17 0.965256966182914
18 0.970696976862217
19 0.972398761878960
20 0.988918600591458
21 0.977891898708982
22 0.968310591266589
23 0.980725396299132
24 0.975887203491635
25 0.983345824338674
26 0.982871572975165
27 0.983249624143883
28 0.976974362003602
29 0.974450576975517
30 0.980754502674933
31 0.978369066328930
32 0.987395630047470
33 0.969643898630222
34 0.991948855704311
35 0.978863006640828
36 0.987743878320511
37 0.994149255309783
38 0.980126961147148
39 0.989816308434942
40 0.981556207486388
41 0.992077016002251
42 0.992357188188354
43 0.987274522597817
44 0.983361601326816
45 0.991686605001359
46 0.985487108943831
47 0.992310028268654
48 0.995671910218202
49 0.989746424091296
50 0.993198275384933
51 0.996432991408411
52 0.985714964304218
53 0.995195773871768
54 0.999148908082040
55 0.996015424508338
56 0.991586912276353
57 0.993185370384893
58 0.989811701379346
59 0.990523758946578
60 1.000487494102224
61 0.991016109751982
62 0.995262825780502
63 0.993086134774023
64 0.993639937612181
65 0.995088140916239
66 0.992952404405415
67 0.997662818769559
68 1.000714425859023
69 0.998306561632280
70 0.994192183893514
71 0.990070374494601
72 0.996233696250580
73 0.993140453116166
74 0.996551703934009
75 0.999645541440598
76 0.999098764884035
77 1.001748604658212
78 1.000486684296181
79 0.997484777351615
80 0.997797896785855
81 0.996241841566463
82 0.998447575324008
83 0.995946810195477
84 0.995522566473384
85 1.001811173697594
86 0.996905072327420
87 1.004924846935673
88 0.998205001072415
89 0.994894091387553
90 0.999811695542500
91 0.995799064533851
92 0.996749568482096
93 0.996581317380797
94 0.995232724598480
95 0.998864747846617
96 0.997847945982673
97 0.997699725479200
98 1.000350389989122
99 0.998874282559855
100 0.997977619796255
101 0.999923682796308
102 1.001768003822677
103 1.000433824104077
104 1.000637612764534
105 1.000509507929012
106 0.994208516153143
107 0.999963967168787
108 0.997662500602407
109 0.998515139610416
110 0.998220410830198
111 0.998741573355896
112 0.995838187917734
113 1.001301038661837
114 0.996964384355641
115 0.998937952325820
116 0.992045366246842
117 0.999349895933451
118 0.997312883626043
119 0.996966247865905
120 0.997918961991594
121 1.000110667436128
122 0.999281998287017
123 0.997308775192971
124 0.996696116350386
125 1.001091687233231
126 1.003769299435731
127 0.999639590066617
128 0.998915872653520
129 0.998835260659986
130 0.997658100410537
131 0.999367418167235
132 1.002509502818867
133 0.999472557076485
134 0.999689211457347
135 0.999850219992477
136 1.001583009259553
137 1.000039278523517
138 0.999009117754678
139 0.997846406345651
140 0.996803309979561
141 0.996185756885234
142 0.997415501778490
143 1.002393091591953
144 0.998017185667912
145 1.001350797243178
146 1.001263595016586
147 0.996978750908366
148 0.999543039196498
149 1.002384868269766
150 1.003410499480793
151 1.000962234525725
152 1.000371777044166
153 1.004051982068171
154 1.002171991001263
155 0.996359770106189
156 0.999003600884770
157 1.002877937474015
158 1.001831831594167
159 1.000848610563061
160 1.002768705217938
161 0.995745182681482
162 1.001600057788781
163 0.995157008127809
164 0.999944852670441
165 1.000943190055100
166 1.003509892381382
167 1.000288154035470
168 0.999783512099642
169 1.000853787391561
170 1.003561354648181
171 0.996222550867765
172 0.996965333100089
173 0.998125261316142
174 1.001546501720444
175 0.999522186376328
176 0.997733778351000
177 1.002585047479855
178 1.001849076087720
179 1.000449950404926
180 0.998681988229657
181 1.003095482415685
182 1.000940195774441
183 0.999833644448704
184 1.000766007025447
185 1.000763786620489
186 1.000675974747521
187 1.000990168153785
188 0.997920839875008
189 1.001042033601461
190 1.002147761063469
191 1.002592516809308
192 1.000620010591450
193 1.006256347376408
194 0.997038451868679
195 1.002634882503157
196 0.999787199229874
197 0.999042832134813
198 0.999719109193044
199 0.997714722221491
200 0.997519606941854
201 0.997374115115010
202 1.000576835089507
203 0.998231732516402
204 1.000436409435996
205 0.998783876869340
206 1.004822576747773
207 0.999946790735198
208 1.001418427576388
209 1.000698102587544
210 0.996804799516079
211 1.002268490355151
212 1.002487188299167
213 1.000954264590050
214 1.002291747424171
215 0.999125509954829
216 0.997984467017136
217 1.001205348789036
218 1.000909139000135
219 0.999583760322292
220 1.000276697259793
221 0.997842833250813
222 1.001396955176979
223 0.999941180838126
224 0.999428546322036
225 1.002735299368800
226 1.004199793138119
227 0.998361714312925
228 1.000160379421538
229 0.999041074246877
230 1.000734625871719
231 0.999811472930138
232 1.001118450779475
233 1.000781767721468
234 0.998474613172523
235 1.000883531651264
236 1.000315378652732
237 0.996938533759023
238 0.995443993458958
239 0.999809193633533
240 0.999088379688964
241 1.002163484806868
242 1.000235805409970
243 1.001220797556653
244 1.000111716666696
245 1.001481417026902
246 0.998411974561758
247 0.999941633577224
248 1.001766257329066
249 1.001127269490679
250 1.002303724588838
251 0.998542765526947
252 1.000964160185368
253 1.001542899960377
254 1.001631138390533
255 0.990177088537200
