0 256.000000000000000
1 0.486537917505071
2 0.746446391470444
3 0.813735585308746
4 0.834282100656455
5 0.905003251450893
6 0.887206179971639
7 0.916482866604851
8 0.924055495948162
9 0.932763184591074
10 0.936729109775454
11 0.939538380937555
12 0.956096143710856
13 0.959583597987615
14 0.958422539307475
15 0.972000780232497
16 0.969151372576318
17 0.970358046661324
18 0.965712707183486
19 0.971053903251816
20 0.979610289991988
21 0.975963657070540
22 0.968114470266669
23 0.980033808259199
24 0.978789025783702
25 0.981756508688327
26 0.983927200908524
27 0.982713887106380
28 0.978312764844487
29 0.981563808289939
30 0.984903640349729
31 0.984442440964644
32 0.986908779557265
33 0.979259510885501
34 0.988884299282668
35 0.981408555017237
36 0.987313113991084
37 0.990320191854909
38 0.982565175482123
39 0.990435121080030
40 0.987232855139914
41 0.992508755804910
42 0.989030299388200
43 0.988349613367474
44 0.984169172883686
45 0.989708111273261
46 0.987089730927982
47 0.991632982762913
48 0.993563419982655
49 0.989285700518819
50 0.992632991667179
51 0.996353612200356
52 0.989752394956269
53 0.990140866528755
54 0.992192240310449
55 0.996264303893740
56 0.991919478233444
57 0.991639087236563
58 0.990243161587641
59 0.992909991252785
60 0.996034481886878
61 0.996826395982750
62 0.995077687803290
63 0.994223403325110
64 0.988717442606197
65 0.995665832129308
66 0.997976721611399
67 0.996209660179320
68 0.997109475074353
69 0.997767929734986
70 0.993468424828221
71 0.995172824601798
72 0.993322984445307
73 0.998082200687667
74 0.995866223785182
75 0.996825621010857
76 1.000549039049068
77 0.997310141021066
78 1.000851170645190
79 0.994368806185088
80 0.998895066680914
81 0.995659234018312
82 0.999545871885021
83 0.997689076410643
84 0.995719770821984
85 0.999585712677099
86 0.996331435947523
87 1.003002520364088
88 0.999131065712215
89 0.995859420199865
90 0.998315537374079
91 0.999148311460593
92 0.996720931340050
93 0.999294918288600
94 0.996894866145282
95 1.001796487260645
96 0.996670864524832
97 0.998719224792141
98 1.002798064922584
99 0.998102492095027
100 0.998114467857270
101 0.998918926587107
102 1.001922792260180
103 1.000693964178193
104 1.001210131087798
105 0.999344527998616
106 0.995550169673289
107 0.997406455520370
108 0.999452504679031
109 1.000334976067943
110 0.997549358444921
111 0.999892553804556
112 0.997258535447560
113 1.001569719168083
114 0.997749744417706
115 0.998182920973444
116 0.991697005960614
117 0.999360412123716
118 0.998223483884228
119 0.997246396383837
120 0.997509477390074
121 0.999508058814161
122 0.998568806719049
123 0.997609936039120
124 0.998366294547841
125 1.001180260688506
126 1.000373303122606
127 1.000165553005654
128 0.998540752758095
129 0.998456309231841
130 0.996022055024591
131 0.999032270260757
132 1.002601452240819
133 0.999707967189532
134 0.996361054545308
135 1.001000933705459
136 1.000256412086133
137 0.996878100851374
138 0.999241320916469
139 0.998788239184747
140 0.999292023664957
141 0.999003502405686
142 1.000255746998017
143 1.002672150129304
144 0.999058141118146
145 0.998792393969180
146 1.001034836453180
147 0.998486092036902
148 1.000483882482139
149 1.001246724595134
150 1.000800426502830
151 1.001888994905819
152 1.000537990794737
153 1.001197296225323
154 1.000006928915665
155 0.996811663992651
156 0.999663093573236
157 1.000306321821359
158 1.000658100452544
159 1.002035539120118
160 1.002625006107732
161 1.000233811746862
162 0.997744149474244
163 0.996411376227847
164 1.002313973033061
165 1.001036247665748
166 1.001413309703807
167 1.000583921929966
168 1.000907721201376
169 1.003502947647868
170 1.001898238895759
171 0.995872315251943
172 0.997919919166821
173 0.999210671495345
174 1.002109155056508
175 0.998852996755360
176 0.997628140258649
177 1.001577877224019
178 1.001230282588748
179 0.999937240428379
180 1.000968700857281
181 1.000824832647978
182 0.999798792199024
183 1.000813479248192
184 0.999536889449865
185 1.000560224709561
186 1.000400049378030
187 1.002011948669804
188 0.995361171508278
189 1.000598080673804
190 1.000210214507097
191 1.000405818869131
192 1.000794998081624
193 1.004610754420093
194 0.997532241680937
195 1.000667111315653
196 0.998185264414523
197 0.999518836685567
198 0.999862879704777
199 0.998561776893651
200 0.998350232547223
201 0.998308204203443
202 0.999295617017910
203 1.000143683805391
204 1.001595617088256
205 0.999500288900051
206 1.002074441885485
207 0.999126287456415
208 1.002510242889479
209 0.999457233871881
210 0.997496423880324
211 1.002052997741566
212 1.002222100135465
213 1.001312463540750
214 1.000545958600662
215 0.999867279274156
216 0.997115155663139
217 1.000462192729130
218 1.002281626926838
219 1.000516099708319
220 0.999910344035867
221 0.998775110439647
222 1.000460025511054
223 1.001037970421315
224 0.998443053220200
225 1.002339532815291
226 1.002007797320289
227 0.999214656754353
228 0.999383084778540
229 0.999108651591469
230 0.999794551961261
231 0.999654212126290
232 1.001288638714291
233 1.000965208015417
234 0.999228485621481
235 1.000882297723911
236 0.998801496483041
237 0.998519542411703
238 0.998319713140581
239 1.001482695034907
240 1.000625919370913
241 1.000766518459062
242 0.999014591655417
243 1.001963865482807
244 0.999838806290700
245 1.001498079334477
246 0.999213673063465
247 1.000786900645319
248 1.000421539908501
249 1.001053010854117
250 1.003537617432082
251 0.998695972085040
252 0.999896255134028
253 1.001165899535711
254 1.000067119843620
255 1.003741608317504
