0.272359 0.458247
0.823825 0.577324
0.619996 0.0785598
0.456964 0.511075
0.95902 0.229671
0.614786 0.152963
0.492119 0.672268
0.905133 0.251169
0.894671 0.967017
0.517598 0.548282
0.699782 0.462693
0.0547327 0.270514
0.748278 0.805734
0.456343 0.812176
0.401673 0.135875
0.705154 0.928516
0.34876 0.93301
0.510328 0.0289503
0.102239 0.759467
0.432081 0.848426
0.232469 0.541133
0.370581 0.735289
0.15078 0.207482
0.13316 0.53849
0.79299 0.387496
0.00635164 0.00451058
0.900823 0.874045
0.18744 0.245213
0.119125 0.927806
0.321064 0.142454
0.762581 0.412779
0.690151 0.0851452
0.627399 0.724444
0.230491 0.6513
0.479944 0.489377
0.0808549 0.354163
0.0222175 0.848505
0.905498 0.360744
0.968345 0.567188
0.495689 0.796964
0.949775 0.291918
0.8875 0.400412
0.960972 0.559094
0.343352 0.53459
0.951109 0.985113
0.406884 0.993009
0.528154 0.773672
0.929709 0.294024
0.965173 0.876108
0.512929 0.884661
0.258435 0.959653
0.43731 0.561495
0.684575 0.668426
0.558355 0.597043
0.519674 0.409866
0.203826 0.289883
0.524636 0.23816
0.172441 0.585305
0.754684 0.0243684
0.0373457 0.830659
0.830671 0.454568
0.103725 0.816479
0.208287 0.95218
0.256679 0.832108
