0 256.000000000000000
1 0.013459000302489
2 0.059176737469300
3 0.118312475546159
4 0.191875501655886
5 0.298456134346610
6 0.398318297680169
7 0.495624966115789
8 0.604683450806008
9 0.692355981871195
10 0.801450605904659
11 0.840875823884085
12 0.879665447075888
13 0.951647176474751
14 0.969370807300006
15 0.984480799349129
16 1.017035030629238
17 0.999378970062515
18 1.002480393197321
19 0.982357196267220
20 0.979258532614710
21 0.991718527180710
22 0.980935653278241
23 0.969663813992705
24 0.965135205799247
25 0.987329126425055
26 0.988126129062809
27 0.983045826746180
28 0.989217988000855
29 0.997002354736432
30 0.998751828544705
31 0.988756275484180
32 1.001201825015431
33 0.994614955278820
34 1.001825927004810
35 0.999782044889259
36 1.009559977503021
37 0.993822099615489
38 0.987558217897422
39 0.990558918576975
40 1.002198516239383
41 1.000644131386903
42 0.998233765733743
43 1.001492561687133
44 0.987818876919319
45 0.998190988007683
46 1.001252142889396
47 1.001161149902508
48 1.007964308570357
49 0.996184513445585
50 0.997260000200318
51 1.004721350155658
52 0.997386915650461
53 0.997265567452478
54 0.999134033688837
55 0.994074889870155
56 1.001438743392845
57 0.996536353057620
58 0.998543114503847
59 0.998321439089676
60 0.993509181410057
61 1.006743607215549
62 0.999773634464671
63 0.999060871463963
64 1.002775735661436
65 0.999221278502936
66 0.998261651423955
67 1.001979737946521
68 1.000494469516353
69 1.004841573956537
70 1.001325709496610
71 1.000692264789783
72 0.998067724485640
73 0.998582526377818
74 1.003957479065866
75 0.999396276673602
76 0.998349339482936
77 1.003511338949215
78 1.004998787413739
79 0.995069384194336
80 1.003132522093286
81 0.998852001450892
82 0.997245319887530
83 0.996838786377981
84 0.993565429796760
85 1.003673373192465
86 0.994911421475394
87 0.998676979437334
88 0.997917393570378
89 1.002390054803111
90 1.000658804755628
91 1.002763790668117
92 0.999453248379997
93 1.001911491412973
94 0.997620523730722
95 0.999906296168820
96 1.001771123183044
97 0.999778871041921
98 1.000733834800571
99 1.001358509973434
100 0.999350122920495
101 0.994727593202502
102 1.003022786694986
103 0.998697687713322
104 1.004281545342248
105 1.001269954830817
106 0.997789854992240
107 1.001166263812475
108 1.001212463053738
109 1.002489010617305
110 0.996854649629438
111 0.998998789931256
112 0.998898638936692
113 0.999866547607164
114 1.000329761603848
115 1.001260142900424
116 0.994819706863472
117 0.996433209846872
118 1.003540523895744
119 0.999368734506854
120 1.002710126357268
121 1.000991586026493
122 0.998487307460738
123 1.000245831083636
124 0.995426519110535
125 0.999481987642559
126 0.999372910592692
127 0.998453069628441
128 0.999608402995207
129 0.999667330109374
130 1.003092179292036
131 1.001598490893075
132 1.002275786089509
133 1.000626737425048
134 0.999604382009542
135 1.002125737629609
136 1.000285089001545
137 1.001242915779370
138 1.001002371358879
139 0.994876505377324
140 1.000129905645418
141 0.997817404470882
142 1.000968958159070
143 0.997359933213071
144 1.002477253794196
145 0.994398244004934
146 1.001890969809979
147 1.001894835035365
148 0.997307948168052
149 0.997473494018773
150 1.002091312275934
151 1.001387222131823
152 1.000594528716197
153 0.999784275069837
154 1.003835800478169
155 1.000088362448579
156 1.000401595763098
157 0.997116709246433
158 1.003684588714137
159 1.000145502239767
160 0.999868656663176
161 1.000169966549631
162 1.000954529114626
163 0.998376576445435
164 0.999554429899398
165 0.998443217525434
166 0.999226724684148
167 1.001948626757278
168 1.000860753000825
169 1.001662280721499
170 0.995963970211675
171 1.002091440673501
172 1.000526779323888
173 1.002940884813547
174 0.999742748890544
175 0.997923101860006
176 0.995009086671712
177 0.997879213070067
178 1.001964227285342
179 1.001557264553736
180 1.002723800836498
181 1.003611696657462
182 1.000969183853533
183 0.998202599530782
184 0.997939591848513
185 0.999874910674508
186 0.999830733154445
187 1.002052217461359
188 1.003546748590472
189 0.998826468580526
190 0.999192747684892
191 0.997246640788728
192 1.000529912421127
193 0.999214927929282
194 0.996416135071955
195 1.002908645162136
196 1.003656928943567
197 0.996963118186273
198 1.000239907707507
199 0.999526075433242
200 0.997143626073845
201 1.000777064935198
202 1.002952052844036
203 1.001141711429373
204 1.001051734511286
205 1.000341874391177
206 1.002257286035419
207 0.999302898588224
208 0.999298808631671
209 1.001835789123944
210 0.997150513412040
211 1.000556243577940
212 0.999885644425099
213 0.999174472677520
214 1.004632607806480
215 0.995463483873403
216 0.999078984436906
217 1.000463265907899
218 1.000423164852920
219 0.998347839355081
220 0.997233575650854
221 0.999386531014662
222 0.998109445583552
223 1.001916008301663
224 1.002910435028553
225 1.002830955629991
226 0.999363345364312
227 0.994479737330558
228 1.003744608614413
229 1.001051166295460
230 1.000344224275347
231 0.995981400674823
232 0.998611618432641
233 0.998791680972338
234 1.000089080908231
235 1.000571964169273
236 0.999656316509529
237 1.002428021022583
238 0.999402887448911
239 1.001479149227233
240 0.998471870919200
241 1.001678543142655
242 1.000105062654292
243 0.997691973350586
244 0.998972071764029
245 1.001576142280288
246 0.997828827754205
247 1.002287378629847
248 1.000560645971035
249 0.999443351669121
250 1.000125168589827
251 0.999557396632311
252 1.003433671290544
253 1.001541046684330
254 0.995989840402896
255 1.005162872407341
