0 256.000000000000000
1 0.012956800899020
2 0.059768612267932
3 0.119237617808104
4 0.192951409705098
5 0.294622897839688
6 0.409540908545347
7 0.493971796678428
8 0.601032406164540
9 0.688637299387332
10 0.798236465127056
11 0.830111128669019
12 0.882717288998428
13 0.958794470225322
14 0.967985487836549
15 0.994488911259422
16 1.020763459741596
17 1.000113972789337
18 1.000389244092873
19 0.981244007084889
20 0.988199823654329
21 0.990551370930516
22 0.984329751669796
23 0.965712217983531
24 0.962544916184281
25 0.985024705843724
26 0.984270773203311
27 0.986349022790274
28 0.984721368409591
29 0.995809368173901
30 0.995877476742371
31 0.982869991882613
32 0.997453104717453
33 0.996078323343796
34 1.010135725564445
35 1.001512426355431
36 1.014933050087300
37 0.994341442202648
38 0.986551418554370
39 0.991446657672395
40 1.001604228743011
41 1.001666772933687
42 0.993072351218338
43 0.998736565344863
44 0.986164493736450
45 0.993546730222557
46 1.001745191868894
47 1.002064837035039
48 1.005733187321718
49 1.001410521275576
50 0.999175562204686
51 1.008850711081998
52 1.000749203893912
53 0.996868964373901
54 0.991813145895129
55 0.991752433023389
56 1.003875548593085
57 0.998294432177842
58 0.993770425088430
59 0.999077379875878
60 0.992456667673338
61 1.006178460251778
62 0.998603868080658
63 1.002858707586105
64 1.003359925689575
65 0.997444700196149
66 0.997974581866094
67 1.002676738048881
68 1.002472539965850
69 1.005435845222765
70 1.002330191317833
71 0.998342113277875
72 0.996652850343986
73 1.001739975628025
74 1.005759044211501
75 0.997956727911818
76 1.002914233948405
77 1.007595790977150
78 1.000992490134245
79 0.993551713337418
80 1.002316371668809
81 0.995757034972808
82 0.998122783471160
83 0.995884234444839
84 0.992342811801206
85 1.000649551678044
86 0.994968682706310
87 0.998365089309503
88 0.996773223328514
89 1.000319936353114
90 0.997751187147001
91 1.006885288868637
92 0.995669762076137
93 1.004459830443847
94 0.997770216459983
95 0.999878588221297
96 0.999119172864206
97 1.002644131226742
98 1.003893106021592
99 1.003350866796103
100 1.002633629234909
101 0.992782615155324
102 1.002796570732836
103 0.998784377206557
104 1.004885239800218
105 1.002410933120280
106 0.998924967527786
107 1.001058470410651
108 0.999157217882777
109 1.001421765210126
110 0.997041750238869
111 1.004761066838771
112 0.997068320496799
113 0.998821803995629
114 1.001021000297780
115 1.006089880804728
116 0.990966076434834
117 0.999126126930511
118 1.000162321538799
119 1.001106980058072
120 1.003755844802418
121 1.001712073532662
122 0.999749736187660
123 0.998165026230948
124 0.995750879531206
125 1.000134062195027
126 0.998521466548102
127 0.995714895851774
128 0.997562038320344
129 1.002107435304351
130 0.998841657010936
131 1.002945413540273
132 1.000831760225454
133 1.001400179790172
134 1.002842228116277
135 1.002199735793657
136 1.003431526631397
137 1.001324358240646
138 0.999733079814968
139 0.996993608203521
140 0.998728415234554
141 0.995959219314902
142 1.002409783398944
143 0.997129222243296
144 0.999314466149346
145 0.991895360483186
146 0.998572587999616
147 1.005810915295111
148 0.999733091823588
149 0.993842945125575
150 1.002571174071674
151 1.002925628145092
152 1.000433461069764
153 1.000430100148541
154 1.004718580307467
155 0.998282310969354
156 0.999881226251157
157 1.000050626927064
158 0.999997054259504
159 0.999483611437469
160 1.001157262013695
161 1.001299772083944
162 1.003068319304877
163 1.000200556167246
164 0.997175688143611
165 0.998953246787370
166 0.999001170812791
167 1.001147672586510
168 1.002747934798539
169 0.999960473889056
170 0.993789461449084
171 1.002863116024052
172 1.000906646189350
173 1.005433094302773
174 0.997840424277380
175 0.995648352923036
176 0.996073265686650
177 1.000379386646748
178 1.001428883832398
179 1.000001610119721
180 1.002318269610331
181 1.003989466500993
182 1.001906089324001
183 0.997515419390211
184 1.000185533174132
185 1.000180457799196
186 0.999414280945281
187 1.004839643638534
188 1.001882181065171
189 0.997288691485386
190 0.998823435799487
191 0.996913629639959
192 1.002606370657406
193 0.995408746946260
194 0.998115649271352
195 1.001700928859482
196 1.002464238759134
197 0.997116930237943
198 0.999578947356033
199 1.001129323628389
200 0.995994780817062
201 1.000673793981983
202 1.001346165271199
203 1.002986523602263
204 1.001240835010069
205 1.001139725103544
206 1.001536500209657
207 1.000546910180474
208 1.001439593970119
209 1.000413872878582
210 0.998083675686596
211 0.998022170390208
212 1.000949275892175
213 1.002624308103494
214 1.001838925844807
215 0.995552500670624
216 0.998001776460739
217 0.999969824131246
218 1.000428589094550
219 0.999105689295501
220 0.997404803876790
221 1.002044705804719
222 0.997915746013953
223 1.004111590879261
224 1.004316156749662
225 1.003138505957966
226 0.998956653582240
227 0.993244642822384
228 1.002277424192142
229 1.001381374992059
230 0.999175237525514
231 0.995939727459067
232 0.998399034842390
233 0.995099117878435
234 1.000475069542993
235 0.999398738094455
236 1.003177695259183
237 0.999573588936259
238 0.997565741729557
239 1.004473886079644
240 0.997780906453545
241 1.001805185588633
242 1.001297992177253
243 0.997467356318896
244 0.999706417280417
245 1.001500405561754
246 0.997676409301894
247 1.001074474180188
248 0.998632542491400
249 0.999790650061076
250 0.999345693686091
251 1.001376596034516
252 1.005023052148865
253 0.999717831034824
254 0.995986839452243
255 0.995960849172823
