0 256.000000000000000
1 0.013532787015312
2 0.059736675563522
3 0.115603442224936
4 0.190055903785383
5 0.300552325538545
6 0.400639228588295
7 0.497512623043438
8 0.605242274767021
9 0.695606096212684
10 0.793090406123697
11 0.845885872428659
12 0.897651808839698
13 0.946200897775049
14 0.975269190351857
15 0.978175668402944
16 1.001702774539631
17 0.998758260456993
18 0.997517002333613
19 0.988954453057390
20 0.978936495945046
21 0.983457993106501
22 0.976639881616040
23 0.977983301373827
24 0.980560077546701
25 0.987495819988255
26 0.988308923731994
27 0.989530421669201
28 0.988516002184999
29 0.997657365396538
30 0.996753318841469
31 0.999312149188426
32 0.996677302325405
33 1.000885405416764
34 1.000428737852407
35 0.996728033792821
36 1.001253334454993
37 0.997083808292536
38 0.993172293833986
39 0.994254909054963
40 0.999101858669709
41 1.000295229873390
42 0.995086874038336
43 0.998551787574647
44 0.991701638413519
45 0.994699696116894
46 1.001118844323016
47 1.001421770002716
48 0.998550956360978
49 1.001210354420168
50 1.000047503869021
51 0.999689826262224
52 1.000850678849696
53 0.999829961367375
54 0.997666753388652
55 0.999685519397571
56 0.999450450667869
57 1.000296418963146
58 0.997374572030290
59 0.995184424227126
60 0.994758392964885
61 1.001508832729935
62 1.002435056053084
63 1.001915814101772
64 1.000560353406191
65 0.999034572013339
66 0.998585424120670
67 0.999534277616960
68 1.001426638014129
69 1.000596148587631
70 0.996551651563074
71 0.999055682644788
72 0.999898730303279
73 0.997645792850161
74 1.000171287824330
75 1.000769051868745
76 0.997997482713750
77 1.003086164065708
78 1.000194551097815
79 0.997549010872427
80 1.000960186044037
81 0.998944917440022
82 1.000720735849583
83 0.999555789555739
84 1.001143348014630
85 1.000659868449802
86 0.999953324067684
87 1.000820269179267
88 0.998294682466910
89 1.002098217060187
90 0.998578264932774
91 1.001684477521366
92 1.001096613908032
93 1.000334867433315
94 0.997987379062405
95 0.999874605305692
96 1.000558313458616
97 1.002571428258055
98 0.999255675982638
99 1.001161666570582
100 0.999890244689792
101 0.996545275146244
102 1.000906983282169
103 0.997495344278460
104 1.001607546832843
105 1.000906859369797
106 0.999520142072908
107 1.000303943696611
108 1.000542045361478
109 1.000486246726159
110 0.998271638400745
111 1.000443586992215
112 1.001293926941102
113 0.995629725992661
114 1.001592391516187
115 0.999787247314643
116 0.998944617678062
117 0.999212599849243
118 1.003868157944067
119 0.997053775083355
120 0.998925859750788
121 0.999570020369347
122 0.998172109626620
123 0.998979762649246
124 0.999518323862532
125 0.999506859158079
126 1.002436285726712
127 0.999868146053955
128 1.000291312691347
129 0.999256039695283
130 1.000630329823418
131 1.000779609689543
132 1.001128417186704
133 1.000006029459533
134 0.998036923740482
135 1.002090339901660
136 1.000131514210350
137 0.998633999625342
138 1.001516056769270
139 0.997243177888105
140 0.999960563093640
141 0.997411503142668
142 1.001404208014881
143 0.997592830616847
144 1.001818692105771
145 0.998550872764468
146 1.002227702693216
147 1.001417005039329
148 1.000247043021404
149 0.998205322999607
150 0.999959543994956
151 0.997641095423297
152 0.998998416977732
153 1.000364104783436
154 1.001637635354297
155 1.000497636210359
156 1.001108586470616
157 1.000493425165068
158 1.002021886017968
159 0.999391731213365
160 0.999794607512316
161 1.000856959806783
162 1.001241742832122
163 0.999840332864379
164 0.996375376286596
165 0.999123036743080
166 0.999257049888547
167 1.001136197494465
168 1.001411740712950
169 0.999802263373811
170 0.999496013894612
171 1.000751972324265
172 1.000574359303368
173 1.001239616161507
174 1.001311574650465
175 0.998765245299535
176 0.998060739946788
177 0.998571599159820
178 1.002751316856685
179 1.004354772072837
180 0.999931790962240
181 1.000693760992154
182 0.999461599932575
183 0.998964452402734
184 1.000256355534914
185 0.999261533218256
186 1.000351831586780
187 1.000931400103210
188 1.000328514414295
189 0.999928413581935
190 0.998070528731102
191 0.997645698839249
192 1.001163294370841
193 0.998618351764524
194 1.000046866465712
195 1.001037078957469
196 1.000881201375512
197 0.998792694298737
198 1.000852527028802
199 0.998414995821678
200 1.000212677264304
201 0.999677006823559
202 1.000238910095473
203 1.000179616663604
204 1.000593712244806
205 1.000627564829617
206 1.001257821362938
207 0.998468580915358
208 0.999515646737938
209 0.998766192358844
210 1.000073686749092
211 1.000970765007378
212 0.999885538778576
213 1.000020091529862
214 0.999745159939551
215 0.996806530281269
216 1.000819444469678
217 1.000351080283588
218 1.001219183158406
219 0.999455173163846
220 0.998102534018124
221 0.999861176042803
222 0.998855336390597
223 0.999889604910762
224 1.001306516283895
225 1.000942574057907
226 1.000212743946832
227 0.999054725825807
228 1.001481839678966
229 0.999146765911325
230 1.001138088833824
231 0.999341357121445
232 1.000432273383831
233 0.999575622630606
234 1.001952791539733
235 0.999340789896623
236 1.000702197848402
237 1.001721450412369
238 1.000627078369104
239 1.000269437360879
240 0.999367293639368
241 1.000041274431379
242 0.999427489300440
243 0.999073342063706
244 0.998505290360260
245 1.001067741818838
246 1.000106459772271
247 1.000171365328591
248 1.000217718417234
249 1.000301106757906
250 0.999238363082753
251 0.998277584691911
252 0.999849015563105
253 0.999772016790920
254 0.999618750003588
255 1.001180346090360
