0 256.000000000000000
1 0.013542773620917
2 0.060088452554360
3 0.115879557700962
4 0.190557663164434
5 0.299752656335668
6 0.400990029720770
7 0.494845254937931
8 0.604945568776759
9 0.694585730929177
10 0.793336749142722
11 0.845171751374247
12 0.897538302921331
13 0.947867337516098
14 0.977124157712728
15 0.979955201026937
16 1.003262366395030
17 0.997943729256862
18 0.999915786013096
19 0.988453956829857
20 0.979802092712513
21 0.982405650384348
22 0.974816572065421
23 0.977290746465817
24 0.982627754934405
25 0.988375279715366
26 0.989370859062681
27 0.988680428930130
28 0.988001983930342
29 0.996794899266296
30 0.997251911081976
31 0.999127120954063
32 0.996172983926343
33 1.000596446578724
34 0.998525380407494
35 0.996238832434590
36 0.999034746188467
37 0.997306588277059
38 0.992121648051916
39 0.993775787877936
40 0.997951647497084
41 1.001510854032190
42 0.995969199148275
43 0.999740039273458
44 0.992205614895599
45 0.995621697722256
46 0.999194245325621
47 1.002497536399034
48 0.998530840015107
49 1.001989844668871
50 0.999672269447913
51 1.000357952585670
52 1.000772021833414
53 1.000054622335038
54 0.998067883738042
55 0.998592009230820
56 0.999476813089853
57 1.000197116616765
58 0.997190138720281
59 0.994394536849560
60 0.996120787458488
61 1.002127960645565
62 1.001042529815835
63 1.001548009285753
64 1.001095969101084
65 0.998656014634442
66 0.998642188971696
67 1.000464159048731
68 1.001436815099996
69 0.999877162595281
70 0.996618464672309
71 0.997751361480013
72 1.000582853452032
73 0.996890487767394
74 1.000476100488523
75 1.001792996039038
76 0.997567410915340
77 1.003741676640813
78 1.000841278399660
79 0.997192963118940
80 1.001507006029282
81 0.998159018134991
82 1.000645464656534
83 0.999220076175705
84 1.000964377782470
85 1.001247462017670
86 0.998271028549497
87 1.001143057859362
88 0.999105879632864
89 1.002031911303232
90 0.997719168838719
91 1.002794740417279
92 1.001307335749880
93 1.000603426347087
94 0.997088949899352
95 0.999758542760082
96 1.000845389800333
97 1.002165474529628
98 1.000219709327865
99 1.000644376120863
100 1.000221204233037
101 0.996983385798045
102 1.000938883684488
103 0.997049036086709
104 1.002320735290794
105 0.999378177738973
106 0.999522105505365
107 1.000922389920585
108 0.999936998148772
109 1.000997353909450
110 0.998654599326162
111 1.000724688722211
112 1.000473113913142
113 0.995864515200298
114 1.002242771026319
115 1.000114882552493
116 0.999005573602330
117 0.998399025088980
118 1.003756262577252
119 0.997138051820988
120 0.998644962022004
121 0.999644046694629
122 0.998516444672185
123 0.998671508459105
124 0.999751872178363
125 0.999220484274644
126 1.001936807229171
127 1.000194813563790
128 1.000496866047855
129 0.998883064474514
130 1.000560468807603
131 1.000931832736927
132 1.001196487196903
133 1.000316184249238
134 0.998496277459173
135 1.001645014803854
136 1.000339020180491
137 0.998687245026396
138 1.001913407296555
139 0.997676106626158
140 0.999353764812229
141 0.997518969230291
142 1.001399153738578
143 0.996898371634331
144 1.001994217739781
145 0.999044658955880
146 1.002167284116719
147 1.001640423442683
148 0.999807516147780
149 0.997748233485526
150 1.000254306069420
151 0.997150835846680
152 0.999325786781560
153 1.000347140926077
154 1.001702975209642
155 1.001072446139526
156 1.001214942681829
157 1.000120935018505
158 1.001938448849898
159 1.000480211319895
160 0.999584432124560
161 1.000757199858560
162 1.001528631461406
163 0.999633470673928
164 0.996393879461013
165 0.998885101293289
166 0.999164685230093
167 1.001178702418022
168 1.001259165229639
169 0.999510344165773
170 0.999842515034754
171 1.000926445342408
172 1.000438466777499
173 1.001126397068833
174 1.001047401243448
175 0.997947734626934
176 0.998960971498062
177 0.998304373069170
178 1.002770335114305
179 1.004134635215842
180 1.000174984701542
181 1.000884136817998
182 0.999450718119742
183 0.999444274809435
184 1.000996075534374
185 0.998758189550206
186 1.000835980113197
187 1.001253792537736
188 1.000213473681078
189 1.000181533373270
190 0.998094910032955
191 0.997406085584650
192 1.000948038199978
193 0.998464114611584
194 0.999873112323683
195 1.000492657970743
196 1.001040825860660
197 0.998238879991018
198 1.001486501883436
199 0.998868978527296
200 1.000002479509065
201 1.000340478419196
202 1.000937729255267
203 0.999662643767612
204 1.000740850922517
205 1.000103799835262
206 1.001385497905055
207 0.997995286411792
208 0.999259739042057
209 0.998522511358708
210 1.000838698840266
211 1.000639515916279
212 0.999968006491490
213 1.000918210564923
214 0.999646294340473
215 0.996170967143184
216 1.000469566064008
217 1.000751331605489
218 1.001247685846061
219 0.999529073302351
220 0.997655964835419
221 0.999777845777871
222 0.998628363715375
223 1.000257131427691
224 1.001153365396263
225 1.000794078535342
226 1.000478263962074
227 0.998757787261145
228 1.001349676296558
229 0.999256798591341
230 1.000816770137798
231 0.999719396263534
232 1.000740614412277
233 0.999591743047190
234 1.001863471809956
235 0.999484824810226
236 1.000754476572364
237 1.001643105561591
238 1.000428701636368
239 1.000285394438226
240 0.999430892337767
241 1.000054623128043
242 0.998703016228661
243 0.998475066573064
244 0.998240876659400
245 1.000717126228893
246 1.000513203378314
247 1.000745902063449
248 1.000641743835042
249 1.000203385257192
250 0.998815371716901
251 0.998487108720089
252 0.999538309475697
253 0.999935011790252
254 0.999669858405582
255 1.002784496595845
