0 256.000000000000000
1 0.013259239881288
2 0.059712146976774
3 0.119633742512130
4 0.198448960344369
5 0.286119988433086
6 0.408980696231488
7 0.487373946513694
8 0.605442469635147
9 0.682737249377070
10 0.794104298862627
11 0.820724431309454
12 0.888160283816536
13 0.962429027689915
14 0.948945488776395
15 0.992605216601785
16 1.020703374489200
17 0.998523567580729
18 1.010520481043736
19 0.972419127380834
20 0.999204478948231
21 0.985742965478617
22 0.998244119004302
23 0.977623905537123
24 0.954537342966939
25 0.982917242085053
26 0.980726385179059
27 0.983738175748070
28 0.985916971061855
29 0.993815816168290
30 1.005505673453867
31 0.982622014723876
32 1.000983769163259
33 0.989929092250717
34 0.998852092727562
35 1.010302044324322
36 1.018400490216694
37 0.995228507798225
38 0.987274555365959
39 1.006237160220358
40 1.001999742566061
41 0.994401549654949
42 0.997326605666138
43 1.005502655938058
44 0.985812109493846
45 0.994844089990572
46 1.004143681990981
47 1.000536957595660
48 1.013891476693269
49 0.993389434475165
50 0.992247040591106
51 1.020917196689760
52 0.991867585083864
53 0.993678249780736
54 0.997016487970880
55 0.986871554278147
56 1.013290445789514
57 0.995134118834501
58 0.991126730825116
59 0.996217546758647
60 0.985739399754305
61 1.009696119303136
62 1.000269151728783
63 1.002949815034542
64 1.001850523172644
65 1.002341946826883
66 0.991906961767134
67 1.000976238588445
68 0.995118612145536
69 1.004112619728443
70 1.009537545957478
71 0.997548206200485
72 0.991845805905412
73 1.008291174883750
74 1.004297288856367
75 1.000562634443637
76 1.010325258216454
77 1.004145083506775
78 0.999184915759315
79 0.986773414974160
80 1.004597235339289
81 0.988144716641871
82 0.996204813085068
83 0.992835384963312
84 0.992691576343136
85 0.996273159527718
86 0.999375143534352
87 1.003071060681130
88 0.999884920195171
89 1.000843508727084
90 1.005256787467965
91 1.005478562861016
92 0.993639708582852
93 1.003646241457870
94 0.996637325031862
95 0.998443430567576
96 0.997057458374619
97 0.994659035753433
98 1.008524758243579
99 1.003016497709196
100 0.999616925123207
101 0.992755725279756
102 1.009883866393030
103 1.006212365794464
104 1.003629272679714
105 0.997659443602126
106 0.994122652528383
107 0.998588187546273
108 0.997472073915557
109 1.006717462934136
110 0.994388300452871
111 1.005940552678979
112 0.995285882309773
113 1.002604614826538
114 1.002377379796880
115 1.003206293717043
116 0.994353834322984
117 1.000630603898236
118 1.002582851587072
119 0.999323818880700
120 1.008022335788189
121 1.000380484378541
122 0.999920661456247
123 1.000535479338370
124 0.996115075935227
125 0.995401099205090
126 0.998373673663245
127 0.987026474571780
128 0.994784614848214
129 1.005507709977763
130 1.003074246235951
131 1.007595155842802
132 1.003445135273105
133 1.000584711166429
134 1.007853467978751
135 0.999755548845817
136 1.015454230731318
137 0.997386180663240
138 0.996113374525534
139 0.997705525093374
140 0.999755613013550
141 0.994299216475439
142 0.996724851393087
143 0.995559915351490
144 1.000368062611678
145 0.985370263579374
146 1.001098506334506
147 1.011099288359838
148 0.994165595814119
149 0.994349533639258
150 0.998796318070576
151 1.010668328510396
152 1.003677226575995
153 0.999786509291569
154 1.005688690084851
155 0.997767480041890
156 1.001362707572643
157 0.999090414884242
158 0.997104624985608
159 0.997540458877236
160 0.997712264916467
161 1.002322287580673
162 1.006133737608556
163 0.997204141864347
164 0.999268723183201
165 0.998574438205110
166 0.999238601437384
167 1.000531154463575
168 0.998708286896665
169 1.000326974072836
170 0.992227837482342
171 1.000540258451700
172 0.995727342457435
173 1.007072486851715
174 0.997848545842822
175 0.998479310274964
176 0.999121524628160
177 0.997605073651767
178 1.002095160796346
179 0.997663515919151
180 1.007795218764667
181 1.005184049337203
182 1.003920146777761
183 1.000726501240327
184 0.996818142273625
185 0.998456553037448
186 1.000131269149921
187 1.005366168971201
188 1.001718968468529
189 0.997557455904244
190 0.999698641633844
191 0.994710787338789
192 0.996509664117783
193 0.996722358059395
194 1.004909459238913
195 1.001654696187130
196 1.000682499795601
197 0.994576248303243
198 0.998665219199881
199 1.007779866238157
200 0.993367514127738
201 1.008412496281220
202 1.001999697497288
203 0.997427886034952
204 1.003420842143279
205 1.000906958357242
206 1.004404408550419
207 1.005138067477167
208 0.999197427018832
209 0.999475149796739
210 0.996055988222024
211 1.002433727810437
212 0.998751191325565
213 1.003163051030521
214 1.004028505123569
215 0.995768427868694
216 0.997743135499978
217 0.998476034495600
218 0.995830115153260
219 0.999753569364123
220 0.996547358371735
221 1.000950030534125
222 0.996280076802642
223 1.004493813784957
224 1.004647808620793
225 1.001822355334822
226 1.000942805583859
227 0.990959069111690
228 0.999892072952434
229 0.998434471516020
230 0.992156889501455
231 0.995473119755498
232 0.996176004244857
233 0.991061345291469
234 1.000784067607656
235 0.999871947202118
236 1.006628110253382
237 1.002521012604175
238 1.000377499522791
239 1.005384060231432
240 0.997697298093352
241 1.003354596837834
242 1.002802897873139
243 1.001124334774352
244 1.000016811605438
245 1.000428039869847
246 0.995892958851385
247 1.001407763149001
248 0.996364740995526
249 1.001041159155553
250 1.003489435225377
251 1.000671476958946
252 1.002000784397711
253 1.000832106829850
254 0.999912532787626
255 0.981991423985940
