0 256.000000000000000
1 0.009057049896228
2 0.125938820543524
3 0.076951650607953
4 0.233022052469702
5 0.249745202173654
6 0.221406331473392
7 0.496406569145620
8 0.774612194426092
9 0.598209776936398
10 0.845185142761158
11 0.554890811978112
12 0.905994950514287
13 1.262670988318227
14 1.000985357161633
15 0.891067054724166
16 1.110003769837931
17 0.997043307953924
18 0.910149578315516
19 0.854409688902282
20 0.896265981003507
21 0.967383384258331
22 0.932646440793606
23 0.909500067301269
24 1.125389802465705
25 0.991235942462005
26 1.100250645030015
27 0.799438557522258
28 0.959517846077991
29 1.089605637777519
30 1.018553860938830
31 0.915348408842244
32 0.867720658165199
33 1.033019347779023
34 1.004357140151817
35 1.045197096169711
36 0.997299745472164
37 1.032263300692042
38 0.962205897920285
39 1.009743486020354
40 1.200554143534815
41 0.861626095309689
42 0.990831330270422
43 1.039693737920768
44 0.924259340404060
45 1.056517122193541
46 0.976131782219651
47 1.035987937248835
48 0.848491167483795
49 1.019017190583614
50 0.970410098837982
51 0.891905174406682
52 1.069036932582280
53 0.977630837408956
54 1.150303433291373
55 0.996912180394073
56 0.896495512443010
57 1.056545159048013
58 1.082517263886345
59 1.090081471372801
60 1.104335641649989
61 0.972926946309786
62 1.024996716624164
63 0.937844764969777
64 1.080495669410478
65 1.024267535021796
66 0.967932997478638
67 0.909977055036129
68 0.933144415236301
69 1.062148040798582
70 1.073061956127146
71 0.906088863204616
72 1.049162743438501
73 1.005458937291004
74 0.984458585580859
75 1.012925636307962
76 1.026726122998419
77 0.888974468768274
78 1.019225624203095
79 0.940095259943196
80 1.012872680050966
81 0.967125062232837
82 1.055091164997473
83 0.981073520305226
84 0.973875786164782
85 0.948980197539879
86 0.957662873899287
87 0.988122045724384
88 0.989940468217682
89 0.934760635490529
90 1.112299420003631
91 0.954022288631273
92 0.969842877484665
93 1.121805357533086
94 1.060133482331845
95 1.021602182648474
96 0.967645416493227
97 1.128406382138587
98 0.986716240237384
99 0.933760298420267
100 1.088518687573684
101 0.937778938112147
102 0.923968431114484
103 1.036734336879678
104 1.061098335721735
105 1.004866613732956
106 0.925383318938186
107 1.101252884845183
108 1.013370966058508
109 1.014014004529876
110 0.947853836161558
111 0.979030741891216
112 0.985081442692608
113 1.084132152056881
114 1.015568910203236
115 1.046178171193848
116 0.996365829930067
117 0.947743685606363
118 0.943443300176481
119 0.975567631913773
120 0.889340908969411
121 1.096316153170293
122 0.998934954911811
123 1.010308518142409
124 1.026215292501296
125 0.958614839229382
126 1.052031210209760
127 0.934388325118241
128 1.037340436099115
129 0.933286064715060
130 1.043882755980650
131 1.015024125924689
132 1.005648432676228
133 0.977881680229614
134 0.975984623280819
135 1.025677650089545
136 1.033566417196599
137 0.949707229066333
138 1.005180090927213
139 0.914298751311674
140 1.073851897696282
141 0.919112393999024
142 1.087403751139521
143 0.988176116347798
144 0.949950759492104
145 0.963500420830579
146 0.941870766454930
147 1.079871239355462
148 0.947717370526540
149 1.020919171873267
150 0.958137344749731
151 1.034760451542578
152 1.028112962906875
153 0.985918830771722
154 1.125337663915474
155 0.916722741071862
156 0.928105894027451
157 1.085728858118219
158 0.961911521269152
159 1.008141342522576
160 0.993190509420207
161 1.046688680857959
162 1.074924758552147
163 0.990145280729699
164 0.977942119863404
165 1.055664161760574
166 1.031091744454440
167 0.998961552250985
168 0.952163632618976
169 1.028665055274366
170 0.973434165332859
171 0.955237661649611
172 0.974891121591940
173 1.028107194563712
174 0.976289509400550
175 1.010524929821905
176 0.977351762377039
177 0.983877700012920
178 1.033997805387318
179 0.967061656207028
180 1.008333586695997
181 1.032793289268637
182 0.984500548359978
183 1.012239364483556
184 1.015849484866368
185 1.014336133016950
186 1.039484866342197
187 0.976565440074118
188 1.013418168255944
189 1.009675186085961
190 0.986893895565026
191 1.002622758277832
192 0.994015335031610
193 0.973461299943618
194 0.948070402460385
195 0.984642956085736
196 1.012896857496414
197 0.951885566792757
198 0.948166269149367
199 1.110132163339302
200 0.947805804962380
201 1.030445723235871
202 1.055027162506846
203 1.031758951772206
204 1.000866098155737
205 0.965320230101299
206 0.982453844639374
207 0.986371867914112
208 1.014476862676256
209 0.977263861171123
210 1.055228526904213
211 0.995325507581713
212 0.981982341718136
213 0.938877669001591
214 1.038674289054879
215 0.957544471912038
216 1.053384639662583
217 0.942284775490914
218 1.080000170992459
219 0.949010182418349
220 1.025840371120566
221 1.054209859742527
222 0.962904655842864
223 0.953170614975872
224 1.018635395885375
225 1.046378111113850
226 1.016992341335588
227 1.001574637409264
228 0.996538148716845
229 0.966606402941629
230 1.030816297336714
231 0.932459502588932
232 0.998882151543873
233 0.959844005958471
234 1.020804801100451
235 1.011225775005638
236 1.013396738317002
237 1.036791005717302
238 1.003395700886571
239 0.964685270251418
240 0.967020362330272
241 1.030199856179358
242 0.966604500708116
243 0.991205378045384
244 1.013083629792594
245 1.030526841807288
246 1.028708806116477
247 0.940625360547477
248 0.992752944231119
249 1.035495640699873
250 1.045991133861142
251 0.993487957649631
252 1.024212562758770
253 0.957199826488784
254 0.966823088932762
255 1.044111046008766
