0 256.000000000000000
1 0.013436547301902
2 0.059611420359035
3 0.116181998261457
4 0.191477859701557
5 0.297226437035225
6 0.397427810488993
7 0.497440271174115
8 0.601108530631245
9 0.694399610535993
10 0.800249747318719
11 0.846260607299809
12 0.885894582284185
13 0.944643149110011
14 0.975068167712093
15 0.982976057941859
16 1.004410975339529
17 1.004448254178021
18 1.005766287437718
19 0.990406715735663
20 0.977452288525994
21 0.982534710553181
22 0.977245278405582
23 0.974244611559250
24 0.972590525482434
25 0.982559570768389
26 0.986307802035951
27 0.987655827053000
28 0.987712090233002
29 0.995218390477478
30 1.000870178565957
31 0.992436055221554
32 1.001328823284642
33 0.998179560675025
34 0.998873574546306
35 0.996587242719941
36 1.005178494664958
37 0.999735251468444
38 0.990892062482808
39 0.989709438686176
40 1.000048883428214
41 1.001115119262474
42 0.994406899326073
43 1.004668057867112
44 0.990762470479099
45 0.995247234099536
46 0.997815439300224
47 1.003888004814123
48 1.002894528317101
49 0.999854320781173
50 0.999636552460656
51 1.003402736271136
52 0.996018913454120
53 1.000768203950263
54 0.997700907082330
55 1.002988527726831
56 1.000482277346550
57 0.998862278459319
58 0.997702456429948
59 0.993619788255928
60 0.995525240949193
61 1.004505599099325
62 0.999695957556279
63 1.001100030459861
64 1.000451022015083
65 0.999174718491249
66 0.998075564299127
67 1.001613850705700
68 1.001141835796983
69 0.998459839030377
70 0.999979731630223
71 0.999809205258679
72 0.999455476076417
73 0.997334335818381
74 1.000870179839797
75 0.997795763094007
76 0.999325044833772
77 1.006081877318574
78 1.003104680277075
79 0.996038346491073
80 1.000477335126622
81 0.997757469036383
82 0.998430688307221
83 0.996669810475137
84 0.999404048771784
85 1.003532950465658
86 0.998275909279936
87 1.001255604169784
88 0.997084891596408
89 1.001034016183130
90 0.999907101617908
91 1.001088850507985
92 0.999424016106489
93 1.004046646277424
94 0.998802151945083
95 0.998612601065675
96 1.000307525372142
97 1.001955764040071
98 1.001381691946337
99 1.000609528594046
100 0.997234498751763
101 0.996409706916047
102 1.001318920116038
103 0.998955573075633
104 1.005252368855400
105 1.001499694175242
106 0.998568954526877
107 1.000530631087290
108 1.001110819779852
109 0.999180318714408
110 0.997541904701376
111 1.000774297017316
112 1.000582800436847
113 0.996756267161713
114 1.000937576416524
115 0.999505610346727
116 0.997814962013930
117 0.999394375859265
118 1.004019580403159
119 0.997484243197927
120 0.999236158764638
121 1.002085771150224
122 0.998156023699971
123 0.999812812164144
124 0.997186320147412
125 1.000204277787725
126 1.000299595589354
127 1.000640288549072
128 1.000446968194161
129 1.000022987098368
130 1.000609132512019
131 1.000729487730794
132 0.999934408072241
133 0.999009109794333
134 0.998984430838735
135 1.001605226641646
136 1.001372721291170
137 0.999837124822703
138 1.002852208381879
139 0.997641346508689
140 0.999551996411827
141 0.996919248585212
142 1.000247071904421
143 0.996807051776370
144 1.002412006825668
145 0.997420016915233
146 1.001241733617468
147 1.001678917386897
148 0.996104233968868
149 0.997122647280636
150 1.002413828253262
151 0.998396884848900
152 1.001746936236303
153 0.999610141996188
154 1.004076676152242
155 0.999080340435346
156 1.000613090060660
157 1.001533451834510
158 1.003374091270057
159 0.999767630145218
160 0.999961038385003
161 1.001194541275851
162 1.000521816156591
163 0.996189811780768
164 0.998097167902923
165 0.997893894665525
166 0.999417181952764
167 1.000655296131537
168 1.000940625060329
169 0.999536221640260
170 0.999902062360897
171 1.004461411212694
172 1.000668902533516
173 1.001285759971896
174 1.000761367164444
175 0.996265959682080
176 0.996338570638120
177 0.998295493475805
178 1.002137037132031
179 1.003594666532124
180 1.002527710312264
181 1.001038114476610
182 0.999923306110141
183 0.999926511705721
184 1.001169398043236
185 0.998472791206341
186 1.002330213720222
187 1.001090337003595
188 1.000516553144900
189 1.000008695545645
190 0.997098466274590
191 0.996359017477374
192 1.001279839675808
193 0.998723870805550
194 1.000403550034249
195 1.001392472669767
196 1.001378783532014
197 0.997399712062809
198 1.002551325380822
199 0.998524759948670
200 0.997669781737093
201 1.000162321147581
202 1.001923933300609
203 1.000962338825108
204 1.000778005538357
205 0.999797658722093
206 1.001752017368888
207 0.999580477939202
208 0.998613809179377
209 1.000486156788567
210 0.998944725969661
211 0.998772520963935
212 1.000339668421070
213 1.000235348075504
214 1.001094914575579
215 0.995916757297855
216 1.000057384341174
217 1.001747557169556
218 1.002739949151318
219 0.998436379467865
220 0.997000901222837
221 0.998587984896010
222 0.997085424200962
223 1.001265711091416
224 1.001713764885019
225 1.001300618994464
226 1.000200516070805
227 0.996500714350040
228 1.001855339387925
229 1.001209797313659
230 0.999364052947415
231 0.998589135310446
232 0.999285164877595
233 0.998881899701110
234 1.001134782828978
235 1.000961474817331
236 1.000809391462681
237 1.001455210627416
238 0.999876181056019
239 1.001271815498267
240 0.998473096171233
241 1.001399957259732
242 1.001041252611179
243 0.999577504091304
244 0.997995874683820
245 0.999713367698254
246 0.999699054836083
247 1.000669572032121
248 0.999210714559707
249 0.999759204454669
250 0.999041568974187
251 0.999327945727037
252 1.002623383468097
253 1.000365833925329
254 0.997365925597882
255 1.006085306079438
