0 256.000000000000000
1 0.013459772208155
2 0.060012794138425
3 0.116124353755052
4 0.190475400411903
5 0.298414749467579
6 0.400058320714658
7 0.495385940000951
8 0.603651901764399
9 0.695093694358156
10 0.797189115990459
11 0.844747672359988
12 0.892581856539179
13 0.945813595902908
14 0.978693081383053
15 0.978683528585318
16 1.004364596847976
17 0.999384042947451
18 1.002309364365866
19 0.990418717325001
20 0.976688142356381
21 0.984900942926006
22 0.976778537056600
23 0.977535315832811
24 0.980061164037330
25 0.987908475797284
26 0.987886631754960
27 0.987418615816775
28 0.986144324985947
29 0.997352496490860
30 1.000355188827960
31 0.994616896093130
32 0.997168993607283
33 0.998073612307832
34 0.997932840379223
35 0.995749069036256
36 1.000753598006223
37 0.999081403308383
38 0.992623116273405
39 0.993590861178496
40 0.997078004750294
41 1.000978233805867
42 0.997378299153080
43 1.001878862589744
44 0.990752207911777
45 0.996129975617610
46 0.998544542389783
47 1.003100866067020
48 0.999887233806844
49 1.002435452765151
50 0.999584930467388
51 1.002026906482383
52 0.999337329957232
53 1.000379296504777
54 0.998668431107090
55 0.999857903312084
56 1.001217675045276
57 0.998621737789992
58 0.997762844921970
59 0.993024775664571
60 0.995341327128875
61 1.003288016797583
62 1.000208063228280
63 1.003389775063651
64 0.999388212632791
65 0.999360819640840
66 0.998340340174534
67 0.999687041826520
68 1.000879631129818
69 0.998997462741176
70 0.997899736573884
71 0.998781104428196
72 0.999580584034448
73 0.998431261935556
74 0.999833373602356
75 0.999788239324030
76 0.996992039509683
77 1.004294213594270
78 1.000522172445113
79 0.998350394864618
80 1.000803926754656
81 0.999489592315342
82 0.999637505006902
83 0.999274393792669
84 0.999817597716498
85 1.002713401841779
86 0.998501905086398
87 1.002041472023936
88 0.998437442764912
89 1.001792044598315
90 0.997708730888615
91 1.004026581583995
92 0.998875313119810
93 1.002420339660447
94 0.997154318864384
95 0.998829872135792
96 1.000205447418383
97 1.002393549222769
98 1.001784245510165
99 1.000995401890802
100 0.999326115754814
101 0.994779890846856
102 1.001709310068329
103 0.997775366703279
104 1.003543990328151
105 1.000120805103071
106 0.999792868222085
107 1.001336952537430
108 1.000650368539990
109 1.000335995613785
110 0.997260685195212
111 1.000182654248410
112 1.000409698077865
113 0.995548270665719
114 1.002561059336666
115 1.001109719372732
116 0.998189366497697
117 0.997607561185987
118 1.004261292231153
119 0.996918999787160
120 0.998758171071120
121 1.001248291018367
122 0.998788211577999
123 0.998322620635196
124 0.998869040564185
125 0.999392159542144
126 1.000876217073330
127 1.000494277468450
128 1.000561775491037
129 0.998808155245928
130 1.000926592674431
131 1.001054471437416
132 1.002179749732627
133 1.000219115366705
134 0.998939184334742
135 1.001537091143209
136 1.000261968983345
137 0.998960402020723
138 1.002031292109297
139 0.998550271801770
140 0.998142403352574
141 0.996515604806062
142 1.000466298434491
143 0.996677665096014
144 1.003011312226964
145 0.999940535136405
146 1.002297039225949
147 1.000348770733116
148 0.998519098853500
149 0.997158893207219
150 1.000791956943482
151 0.996560093972501
152 0.999821027299377
153 1.001033482881820
154 1.003879090737577
155 0.999854036286211
156 1.001478830944333
157 0.999393824976916
158 1.001940492289344
159 1.000318661411280
160 0.999692128978552
161 1.000932806412239
162 1.001135648504619
163 0.998687889749777
164 0.996718751728002
165 0.998545295585779
166 0.999671391589642
167 1.000267086686023
168 1.000615470136619
169 0.999625322107009
170 1.000241273723619
171 1.003344651360428
172 1.000293370163168
173 1.001126139661353
174 1.001255897217647
175 0.996334574116726
176 0.997546286684955
177 0.998582644984283
178 1.003268978880429
179 1.004081345537211
180 1.001028228856930
181 1.001130906196536
182 1.000093283758903
183 0.999396835901651
184 1.000920144194058
185 0.997228362777256
186 1.001422829137249
187 1.000768686106224
188 1.000390663250153
189 0.999263874764326
190 0.997456088204714
191 0.996909456734833
192 1.001429568369062
193 0.997850877069501
194 1.000562330842445
195 1.000214398579168
196 1.002821950448033
197 0.998711270459930
198 1.001623055388479
199 0.997732185119368
200 0.999661548884241
201 1.001236728147039
202 1.000844788188259
203 0.999371628280556
204 1.001227927317493
205 0.999490625454017
206 1.001996810736538
207 0.999105451936057
208 0.998480918280669
209 0.999213532226879
210 1.000446688743589
211 0.999506441223484
212 1.000783375639134
213 1.000266981265919
214 1.000652330837009
215 0.996472224650789
216 0.999086511131268
217 1.001013316270414
218 1.001445498984128
219 0.999460038189600
220 0.997173226651902
221 0.999233801017133
222 0.998123335488978
223 1.001480341118301
224 1.000816287654095
225 1.001524964482889
226 1.000523417833991
227 0.998511271525174
228 1.001316649977239
229 1.000226040771597
230 0.999564873489751
231 0.999414683254929
232 0.999609806754217
233 0.999313383544551
234 1.002298666090460
235 1.000631276365503
236 1.001707885339347
237 1.001125660950516
238 1.000613541945095
239 0.999578180535312
240 0.998775948272914
241 1.000097074771592
242 1.000082388379373
243 0.998773371979660
244 0.997240546639631
245 1.000511192727623
246 1.000178460403037
247 1.000882696770234
248 1.000049165877770
249 0.999921397305885
250 0.999386133961648
251 0.999742607847949
252 1.000951029397531
253 0.999457620462038
254 0.998782020197077
255 1.007832739268452
