0 256.000000000000000
1 0.013710603778900
2 0.059358001505580
3 0.116962149386938
4 0.191456991594729
5 0.297934673899028
6 0.396319277979568
7 0.497123111431097
8 0.600242532845577
9 0.696619117147796
10 0.798646145448792
11 0.845635344713658
12 0.883719605923910
13 0.950564260586636
14 0.972492765276263
15 0.982590813395313
16 1.008617836428888
17 1.002409436268415
18 1.004206864904348
19 0.988195160749357
20 0.979758229910708
21 0.988330686606055
22 0.978442280657534
23 0.973899583051946
24 0.969862604913741
25 0.983575606104091
26 0.985041543971117
27 0.984926400794136
28 0.991217265120648
29 0.993124518806080
30 1.000745545751694
31 0.992575584672750
32 1.001612027237612
33 0.995158577508256
34 0.999288968496536
35 1.000033401164562
36 1.006713748491134
37 0.997711830318853
38 0.989897924881197
39 0.992853336208324
40 0.998835562641001
41 0.999475053946800
42 0.996509956258185
43 1.002235457147135
44 0.989560391908881
45 0.996110077316831
46 0.998199129961306
47 1.003604243881007
48 1.003673899407127
49 0.999182821354700
50 0.998352398290004
51 1.003753270176006
52 0.995652846011616
53 1.000290225197725
54 0.996627327814990
55 0.998587667584120
56 1.003596469810692
57 0.997626325052713
58 0.996849936086535
59 0.995342225109266
60 0.993817237307421
61 1.004150689359699
62 0.998817491531220
63 0.999488859486544
64 1.002963381206733
65 1.000138910516490
66 0.998414556225941
67 1.001582337760375
68 1.001502851017466
69 1.001091801152495
70 1.000335701671235
71 1.000629753841755
72 0.999131493443772
73 0.999221828064233
74 1.000622478442262
75 1.000308664156733
76 0.999721432568707
77 1.004955620376089
78 1.003798355549830
79 0.995931810118781
80 1.000985524680325
81 0.997261764412403
82 0.998795617014973
83 0.998934547607961
84 0.996700075453701
85 1.001481670770916
86 0.996514592132065
87 0.998921065680485
88 0.997547033169374
89 1.001669144397488
90 0.999234571836915
91 1.000155357476582
92 0.999846088059348
93 1.002992012366987
94 0.998266726467271
95 0.999883213234432
96 0.999343905012324
97 1.002477166135031
98 1.003208313387082
99 1.000822379805003
100 0.996833677517205
101 0.995356506778424
102 1.000722949969914
103 1.000209073382135
104 1.006146415154649
105 1.000587811666173
106 0.998568082238408
107 1.001297643777207
108 1.001497518980344
109 0.999310043363949
110 0.996360787425699
111 0.998640189850238
112 1.001300133510743
113 0.998249455393463
114 1.000795370086681
115 0.999804345969137
116 0.997374048148406
117 0.998188383821982
118 1.003622729406709
119 0.999849645158009
120 0.999595155351690
121 1.002472722274226
122 0.998871579517898
123 1.000631639573549
124 0.996028888829236
125 0.998590104917569
126 1.001095428999980
127 0.999411840523327
128 1.000627161539127
129 0.999661580684017
130 1.002103387533323
131 1.000462823701136
132 1.000184823582845
133 1.000036200739720
134 0.999510564762030
135 1.000886303153747
136 1.001754001643654
137 1.000849087537582
138 1.002381030442182
139 0.998555948281549
140 0.999794254937744
141 0.997256074478930
142 1.000667290735400
143 0.995472507255446
144 1.001874458683480
145 0.996380955670022
146 1.001799275575177
147 1.000563940456602
148 0.997406986807513
149 0.996465885567523
150 1.001454046891086
151 0.999942957157897
152 1.001143396344394
153 1.000148225777685
154 1.004454242543025
155 0.998653533390453
156 1.001009304370095
157 1.000369801031151
158 1.003623123731381
159 1.001009869597416
160 0.999969653406322
161 0.999520174036642
162 1.001163829353182
163 0.997227633281183
164 0.998658543300228
165 0.996931713309035
166 0.999803475894345
167 1.001458487621794
168 1.000290924986297
169 1.000884563065275
170 0.998381637553509
171 1.003373962331525
172 1.000361693407995
173 1.001918671267916
174 1.001522437635037
175 0.996849654603851
176 0.995939886263493
177 0.997816383832085
178 1.002268269264494
179 1.002629027805382
180 1.002215166437572
181 1.002371598902589
182 1.000199888714592
183 0.998994673563452
184 1.000225412479320
185 0.999849595539106
186 1.001829039936595
187 1.000275119947437
188 1.000952600550094
189 0.999394357487197
190 0.997947617338459
191 0.996327885534662
192 1.000581381845111
193 0.998475765972103
194 0.999407764755237
195 1.002161940423058
196 1.001818913247790
197 0.997490590514503
198 1.001673908632299
199 0.999527764579745
200 0.998206422497317
201 1.000280480779611
202 1.001622628169987
203 1.000532124944113
204 1.000542754997745
205 1.000859132652804
206 1.001501759494571
207 0.999642943079999
208 0.999559862024154
209 1.001041317994431
210 0.998463741832070
211 0.999344045621281
212 0.999989699061019
213 0.998513015893825
214 1.002351979919842
215 0.996259064776662
216 0.999152545124261
217 1.002783184446985
218 1.001204887695936
219 0.997954278681807
220 0.997401900217146
221 0.998195184453632
222 0.997986807600027
223 1.001841056467963
224 1.002060067827190
225 1.001976591368622
226 0.999261313548582
227 0.995860856812868
228 1.002345357505376
229 1.001693131990702
230 0.998844945172072
231 0.997843900742575
232 0.999402041803338
233 0.998570913771618
234 1.000804485964499
235 1.001623305315057
236 0.999806371901870
237 1.003422171246482
238 1.000292180727464
239 1.001227578575181
240 0.998696613839713
241 1.001250724388850
242 0.999693135217852
243 0.998427072316826
244 0.998779912536573
245 1.000023952213129
246 0.998579042147410
247 1.001766945321265
248 0.999840026545800
249 0.999140301269518
250 0.999238329375432
251 0.999510705237142
252 1.003244893359383
253 1.001417992056537
254 0.996765779713570
255 1.007838397346686
