0 256.000000000000000
1 0.013361314013610
2 0.059423532746719
3 0.116296333577804
4 0.189722516219445
5 0.298199925748054
6 0.398712002860027
7 0.495085935532813
8 0.601651934918918
9 0.694788178126376
10 0.800145735299825
11 0.846024603741327
12 0.891265536173941
13 0.945748601816877
14 0.978189710083885
15 0.979970304730231
16 1.003283512860473
17 1.001658671154360
18 1.002333465036045
19 0.989046376485540
20 0.976153691120744
21 0.984050065057206
22 0.978769081402514
23 0.974582106099619
24 0.977303480909727
25 0.985451720301555
26 0.990578315552517
27 0.986711211334230
28 0.985087278820055
29 0.997552799036960
30 1.000406399424447
31 0.993076509283413
32 1.000726306529939
33 0.997198396991530
34 0.998398584758799
35 0.997358247300827
36 1.002536412234904
37 0.999692157672046
38 0.991733428905107
39 0.990618815118291
40 0.999103437386148
41 1.003247354592244
42 0.997319234362096
43 1.002406952403528
44 0.990543987982610
45 0.996000986631016
46 0.998161995329292
47 1.002484291859056
48 1.000894724209203
49 1.001157958734718
50 0.998424703424858
51 1.002198326385202
52 0.997883467111834
53 0.999414986631591
54 0.999084203451619
55 1.000417623641181
56 1.001788675240384
57 0.998778146050174
58 0.998478311992175
59 0.993481677673039
60 0.995227842203333
61 1.003477319834407
62 1.000941227130847
63 1.001617317790226
64 1.000092408950124
65 0.999444300309228
66 0.998455133915392
67 1.001198856257864
68 1.001032619275990
69 0.998320146451749
70 0.997634655356461
71 0.999969530660589
72 0.999427952818716
73 0.997902181637645
74 1.000460873821678
75 0.997900264709160
76 0.998229272916611
77 1.004797540884866
78 1.000858406796095
79 0.996963502805770
80 1.000767291340433
81 0.998937046223829
82 0.998758213592978
83 0.998692196745001
84 1.000485295116123
85 1.003050936424401
86 0.999904523312455
87 1.002226474856910
88 0.997432500221522
89 1.001416888722613
90 0.998376358754998
91 1.002516753859260
92 0.998646280051893
93 1.001833839538583
94 0.997813227502130
95 0.999186362325980
96 0.999624126362092
97 1.003129612630793
98 1.002053154920881
99 1.000401128763001
100 0.998561368395076
101 0.996095692314430
102 1.002556692453432
103 0.998879372292428
104 1.004280698982758
105 1.000792128683461
106 0.999376859718903
107 1.001041072407641
108 1.001304652732726
109 0.999053611702072
110 0.996623623057824
111 1.000631963691059
112 1.000510696219580
113 0.996416274697236
114 1.001563341126750
115 0.999846542243651
116 0.998094986159879
117 0.997763185121814
118 1.004436004658866
119 0.996780797177147
120 0.998404018602897
121 1.001393728018256
122 0.997584004775475
123 0.998414361578116
124 0.998447109090582
125 1.000100868111911
126 1.001050447116998
127 1.000230793959277
128 1.001616941564466
129 0.998442072691507
130 1.000587135540326
131 1.001362318011659
132 1.000789763666609
133 1.000384737447563
134 0.998585295186519
135 1.002364066740283
136 0.999822628275012
137 0.999349838841760
138 1.003014463687052
139 0.997546380559469
140 0.999192635080934
141 0.996555416642251
142 1.000315872115774
143 0.997194959028280
144 1.002482406629616
145 0.997657489294734
146 1.001743733347706
147 1.001142023418911
148 0.997551932240037
149 0.997251414319357
150 1.001832321548206
151 0.998018544526037
152 1.000870145777116
153 1.001539367721321
154 1.003501856418601
155 0.999685742692627
156 1.000506825802215
157 1.000783342240989
158 1.003195717355036
159 1.000116513037695
160 0.999074985187109
161 1.000446388745867
162 1.000856332926990
163 0.997953106394782
164 0.997313137177579
165 0.998343196010898
166 0.999880528119812
167 1.000063824563851
168 1.001518390958435
169 0.999731487471873
170 0.999779559955425
171 1.003826753634757
172 0.999832410742883
173 1.001113300218443
174 1.000968411083422
175 0.995457197645837
176 0.997932083549609
177 0.998289348626970
178 1.002649189214398
179 1.004856754600492
180 1.001513148010885
181 1.000815647960614
182 1.000224087012673
183 1.000282729794288
184 1.001484176726918
185 0.998039053270940
186 1.001273416194369
187 1.000339956580200
188 1.000427338250683
189 0.999700426270071
190 0.997168652794507
191 0.996080465430764
192 1.001312426341559
193 0.998495148602022
194 0.999745385192279
195 1.000423243853691
196 1.002673351968721
197 0.999086614014165
198 1.001841352936446
199 0.998832852013593
200 0.999674362231488
201 1.000325399967062
202 1.000269081272413
203 1.000119506952963
204 1.000247578988593
205 0.999952469558567
206 1.001170934705730
207 0.999960711900249
208 0.998681704082644
209 0.999963867571022
210 1.000555876274915
211 0.999197234994202
212 1.000876784850010
213 0.999830144675363
214 1.000289806199737
215 0.996398998098271
216 0.999115809830683
217 1.001564016387530
218 1.001557205907905
219 0.999671499129406
220 0.997143990669861
221 0.998883265699220
222 0.997373771524390
223 1.001012684020897
224 1.000483562740516
225 1.001811659487633
226 1.000180214327032
227 0.998030414681919
228 1.001138629690194
229 1.000662204484482
230 0.999862593333323
231 0.998779870046015
232 0.999674725826916
233 0.999984117545670
234 1.001641566592648
235 1.000747949185784
236 1.000018065256425
237 1.001064970772613
238 1.000723155599673
239 1.000065300063290
240 0.998595450165334
241 1.000905529966904
242 1.001019302092707
243 0.999575746493192
244 0.998268488334828
245 1.000625044462784
246 1.000056112055108
247 1.000444995127816
248 0.999406964447912
249 0.999791101520883
250 0.998823702995652
251 0.999113200680825
252 1.001355744103979
253 0.999734760925029
254 0.998113522840190
255 1.008546787115080
