0 256.000000000000000
1 0.013457838695617
2 0.060123053726112
3 0.116000209298024
4 0.190249670939328
5 0.300000919271744
6 0.401328526005376
7 0.495408842724764
8 0.605332342496897
9 0.695752827428523
10 0.794944107645028
11 0.846236255008381
12 0.894798520955868
13 0.948469293024148
14 0.976751387107550
15 0.977859012240748
16 1.002897772765560
17 0.998890265658567
18 1.000944144995203
19 0.989350362156225
20 0.979502291359632
21 0.982402353554163
22 0.975931098411860
23 0.975709724817393
24 0.980933834993040
25 0.988217761980256
26 0.989696117342966
27 0.986632143884596
28 0.988075721706872
29 0.997204957515479
30 0.998795466933881
31 0.997319161873747
32 0.997634786673285
33 0.999571095157112
34 0.998026231279370
35 0.997385208369135
36 1.000388900816710
37 0.998648380581980
38 0.991379383993127
39 0.993651176312421
40 0.996561143042803
41 1.001806917205988
42 0.995981945637393
43 0.999542010904219
44 0.990530964808330
45 0.995189442557780
46 0.999148551994350
47 1.004182107874459
48 0.998473483343151
49 1.003626545969833
50 1.000148428444563
51 1.001162538042502
52 0.999003781698944
53 1.000892552809012
54 0.997757953611308
55 0.999853212353070
56 1.000266296071221
57 0.999007470787439
58 0.997040602435402
59 0.993952909156315
60 0.996385614262543
61 1.002309409719525
62 1.000288676668447
63 1.002488989762768
64 1.000864115504036
65 0.999199251272351
66 0.998768638096466
67 0.999586172879620
68 1.000597420381772
69 0.999227994505750
70 0.996553922653698
71 0.998904398140663
72 1.000925848121128
73 0.997851385248231
74 0.999042897275800
75 1.000893150182813
76 0.996384825301315
77 1.003625115655974
78 1.000527316550448
79 0.997862949263188
80 1.001688854832327
81 0.998082004894427
82 1.000249124059384
83 0.999263094164173
84 1.001461265054743
85 1.001992652858467
86 0.998600805534421
87 1.002315781442667
88 0.998712060380646
89 1.001883475758435
90 0.997510625139612
91 1.003983384488079
92 1.000285720432576
93 1.001044199051814
94 0.996739960785233
95 0.999468844969263
96 1.000686786446510
97 1.002008300100759
98 1.000723863428796
99 1.001260818490415
100 0.999599375460355
101 0.995833698646389
102 1.001035728227286
103 0.997503567885761
104 1.002625952052105
105 1.000141708746225
106 0.999315232066969
107 1.001493440237864
108 0.999686654943256
109 1.000533429933019
110 0.998087609371226
111 1.000650144431212
112 1.000268524041606
113 0.996308172540334
114 1.002668617853000
115 1.000371376900941
116 0.999064490709784
117 0.998090584086555
118 1.004609803642327
119 0.997125991532483
120 0.998200228887096
121 1.000407919404382
122 0.998723551096571
123 0.998221319518809
124 0.999193028136349
125 0.999499330276801
126 1.000922748320937
127 0.999738938914465
128 1.000254065296534
129 0.998678015878802
130 1.000043675281405
131 1.001144814711365
132 1.002037247427540
133 1.000299619606579
134 0.998846214030438
135 1.001945443410796
136 1.000545865678600
137 0.999315010642427
138 1.001636461634385
139 0.997785300001881
140 0.998413890962996
141 0.997018860656496
142 1.000445091329775
143 0.996822663651154
144 1.003352169247648
145 0.998985010828052
146 1.001978421621471
147 1.000739174858222
148 0.999064320969786
149 0.998228487618490
150 1.000819282623667
151 0.997036672931428
152 0.999750850795796
153 1.000572298498852
154 1.002826929587621
155 1.000541423556319
156 1.001061644620167
157 0.999589759961839
158 1.002073866039917
159 1.000490876058624
160 0.999851603169380
161 1.000757318576454
162 1.001116053645053
163 0.998726656490909
164 0.996710764804419
165 0.998051410150357
166 0.999579713055369
167 1.001030710773659
168 1.001431528426503
169 0.999565825081919
170 1.000899482919246
171 1.001143297992685
172 0.999983562887404
173 1.001359406726077
174 1.001804531719865
175 0.996983808810440
176 0.998537115059750
177 0.998392537064816
178 1.003461642882611
179 1.004361251233364
180 1.000165526166720
181 1.001024454532264
182 0.999266238407988
183 0.999658548522843
184 1.000584233142099
185 0.998223441752577
186 1.001067972269955
187 1.001194594675245
188 1.000340535158748
189 1.000200665778218
190 0.997907384134056
191 0.996855616626057
192 1.001756867988733
193 0.997585381353269
194 1.000402497414263
195 1.000969081408037
196 1.001204072489184
197 0.998301754808578
198 1.001418084934294
199 0.998253786002005
200 1.000169433504863
201 1.001104836156354
202 1.001168931677387
203 0.999098995738695
204 1.000805173695892
205 1.000070651249086
206 1.001972868889936
207 0.998888237549459
208 0.998878167739875
209 0.998373533327630
210 1.000382574928596
211 0.999554907782921
212 1.000635270234111
213 1.000810010918886
214 1.000255171268359
215 0.996292704836593
216 0.999460792325010
217 1.001480600929172
218 1.001516741077409
219 1.000068089562969
220 0.996636404531563
221 0.999257823146058
222 0.998772661898068
223 1.000433567016694
224 1.001154189966593
225 1.001101297517671
226 1.000328780104838
227 0.998160946426609
228 1.001206146898776
229 1.000119664358877
230 1.000402669650038
231 1.000073020618038
232 0.999992434566576
233 0.998990512022331
234 1.002003153810380
235 0.999708853557689
236 1.001224337385067
237 1.001581122231653
238 1.000509328460653
239 0.999782120627478
240 0.998761965348196
241 1.000541935675618
242 0.999229926785235
243 0.999185901214434
244 0.997871895918554
245 1.000901177323914
246 1.000135608063111
247 1.000088879860104
248 1.000424530115135
249 1.000288471028823
250 0.999018703785072
251 0.999119810527851
252 0.999865457132285
253 0.999619882078539
254 0.999510197404892
255 1.002676454633293
