0 16350.315974121092950
1 0.004439489083591
2 0.003960833734358
3 0.003945994407751
4 0.005900579050698
5 0.005353891880313
6 0.005575385539501
7 0.005976689187500
8 0.008391285391111
9 0.007252722983359
10 0.007677255860268
11 0.010134850000511
12 0.009335348963268
13 0.010030430588523
14 0.011981568845185
15 0.013648658284100
16 0.013177435438110
17 0.014050800223735
18 0.012980743655779
19 0.014712252399351
20 0.014280152917189
21 0.018264662924075
22 0.016810722874874
23 0.019775497625092
24 0.018444193081642
25 0.024702284905463
26 0.018123237111154
27 0.020852133040502
28 0.023469165554010
29 0.028104156828528
30 0.027859165558832
31 0.024364300717158
32 0.029078475319611
33 0.030691636904240
34 0.037313434097326
35 0.030443288760906
36 0.040792448684499
37 0.033068033523177
38 0.038954638901192
39 0.035894333584165
40 0.037546931761900
41 0.048616051903205
42 0.044201296126642
43 0.039733952592181
44 0.046067247228709
45 0.053623198951790
46 0.048007864384732
47 0.055818518740077
48 0.052158309263691
49 0.057954725960977
50 0.062117325909292
51 0.060337388971492
52 0.055708886140435
53 0.061338425207889
54 0.070379868580118
55 0.073799418970638
56 0.066842856307940
57 0.079586512135932
58 0.078090356541736
59 0.097246557663813
60 0.081141755325189
61 0.089395836403572
62 0.104649295118685
63 0.105394714263784
64 0.104349412013029
65 0.099946190685735
66 0.132134377697775
67 0.137084141618148
68 0.143634617548212
69 0.155439640624732
70 0.236084841114553
71 0.284394763423528
72 0.450636422995427
73 0.544267488157622
74 0.958961581692974
75 0.920840415409918
76 0.862057524552377
77 0.736815022352577
78 1.144831561168955
79 1.109750640120616
80 0.786907464870594
81 0.985079536467510
82 1.021181993491056
83 0.900097995777239
84 1.040277906445897
85 1.010688417983422
86 0.848089291044802
87 0.939175840745291
88 1.056623241857546
89 1.002119142058757
90 0.900326277100603
91 1.220027396372565
92 0.966859427345165
93 0.827301086352573
94 1.030934658460259
95 1.080323930726391
96 1.009194072311976
97 0.926200105356034
98 1.089252166864240
99 1.090512277628103
100 0.900773615037552
101 0.917420153353819
102 0.900309917253564
103 1.003322275420639
104 1.137355864046685
105 0.933408341161437
106 0.948933575722581
107 0.975668063196185
108 1.041283916105708
109 0.959742210047982
110 0.965673972430101
111 1.079996633150066
112 0.909868376521030
113 1.038887605772316
114 0.934101643941084
115 0.985187255327711
116 0.953257776105217
117 1.094474366413289
118 0.874565520133296
119 1.135776482432842
120 0.890576550325398
121 1.020670068719079
122 0.865253099645774
123 1.034819779981763
124 0.950433708088222
125 0.999077217134888
126 1.023152783800222
127 0.953858750312143
128 1.084657272722239
129 1.071485272267653
130 0.945520675017152
131 0.893933525439460
132 1.175508788086086
133 1.012679084920141
134 0.945918747848535
135 0.916777660254685
136 1.034206094491030
137 1.035075812643881
138 1.016381923925712
139 0.881368676983986
140 1.218907687515667
141 0.928272639876692
142 0.962103234756469
143 0.962725120439664
144 1.038033784659542
145 0.976211975815778
146 0.982775856399475
147 1.052293514009720
148 0.944811638224308
149 1.117826723977765
150 1.007112488612398
151 1.028498227667890
152 0.948163057140250
153 1.084202166728671
154 0.976287181430811
155 0.986513748619448
156 0.861637382296429
157 1.054567922044486
158 1.047748811259704
159 0.921966605159638
160 1.009342159677397
161 0.996251124355486
162 1.006251428840285
163 0.947726827305289
164 1.017164175447328
165 0.961073748102495
166 1.018133370445858
167 0.941503676612143
168 0.975705558193681
169 1.032486340977369
170 1.073852980002836
171 0.926464639262447
172 0.949411947365840
173 1.087567177946532
174 0.982364592911658
175 1.005169201743261
176 1.019738071166929
177 0.949602028491082
178 1.029452541289196
179 0.980669575010585
180 0.910698182984575
181 1.066517349219978
182 0.973118737448644
183 1.053786153226805
184 0.937364273184619
185 0.998656639687882
186 0.990298971503267
187 1.053589138689417
188 0.941854150094709
189 1.015173918596766
190 0.947010785730515
191 1.032643833818692
192 0.973135209099476
193 0.991700028438133
194 0.976347047576144
195 1.060441832853187
196 0.973993037497385
197 1.020624934155200
198 1.046893080345542
199 0.965156183945377
200 1.008742015972832
201 0.940206905596889
202 1.103302737597757
203 0.974140814143091
204 1.014641534524703
205 0.879327309994120
206 1.026675441989727
207 0.997778663085610
208 0.935684588769917
209 0.971338535170246
210 1.011539724167920
211 1.033735460912916
212 0.939019250725541
213 1.024376180399673
214 0.965662829474560
215 1.054627962372272
216 0.945101363065148
217 1.067912846545485
218 0.944005025768233
219 1.042128015221800
220 0.990156215526125
221 0.945670323577601
222 0.977318912665733
223 1.020755315140606
224 1.009916530452967
225 0.977217723775314
226 0.998956647077840
227 0.937537039426456
228 1.100556367297715
229 0.985875227751519
230 0.948986153246360
231 1.036295329286705
232 1.096461653638354
233 0.915323427039971
234 0.968216308359425
235 1.029383612140119
236 1.021035304806237
237 0.950830846383657
238 1.015107393904284
239 1.002207321559800
240 1.049228314852776
241 0.946606730366038
242 0.995850112751826
243 1.042650766233326
244 1.007210165881204
245 1.003353210124418
246 0.947019628334601
247 1.051065252987738
248 0.979759007261097
249 0.969752113615203
250 0.945497460121967
251 1.079653584675662
252 0.960589423476711
253 1.013850739290411
254 0.962569850554156
255 0.891926759072204
