0 16351.154205322265625
1 0.004604433955143
2 0.003910850894402
3 0.004016497086507
4 0.005937385294649
5 0.005415460811295
6 0.005588763068691
7 0.005974925752501
8 0.008311580966356
9 0.007167351334983
10 0.007717731781939
11 0.010145855060297
12 0.009372378921453
13 0.009959089203082
14 0.012030457027810
15 0.013675383118592
16 0.013059835451727
17 0.014044655710534
18 0.013051240088072
19 0.014586859824982
20 0.014248696985446
21 0.018207629634667
22 0.016883232186816
23 0.019724101620935
24 0.018375348988128
25 0.024613932139748
26 0.018092330805449
27 0.020791111860257
28 0.023482894593456
29 0.028147470190150
30 0.027766038923263
31 0.024420269910085
32 0.029104198041541
33 0.030518795089086
34 0.037165931535196
35 0.030340432226285
36 0.040850607764941
37 0.033050381321277
38 0.038628946246044
39 0.035714767678217
40 0.037667346198472
41 0.048583739665691
42 0.044076949925006
43 0.039913961955851
44 0.046170012143095
45 0.053638530083160
46 0.048169287948405
47 0.055868136320061
48 0.052210999043044
49 0.057992563827474
50 0.062152046121667
51 0.060172432698321
52 0.055808340847934
53 0.061528346755906
54 0.070156804895940
55 0.073757459075201
56 0.066984407353849
57 0.079737064279202
58 0.078166436052088
59 0.097310149625442
60 0.080915973709260
61 0.089211637803804
62 0.104903669989917
63 0.105698518859311
64 0.104480014937422
65 0.099822880480430
66 0.131920426247483
67 0.137460975388832
68 0.143822938844449
69 0.155221370191209
70 0.236643535730781
71 0.283585823496766
72 0.450408670399714
73 0.543160508959668
74 0.957257579670055
75 0.921559769329233
76 0.860458639409176
77 0.738219659362063
78 1.145710964086437
79 1.106742367146114
80 0.785236707508600
81 0.985350801391621
82 1.022213543987443
83 0.897389080853359
84 1.037759394864876
85 1.011838387983004
86 0.848029945325983
87 0.938577174712789
88 1.056005677244660
89 1.000971168374237
90 0.900181817697248
91 1.218095308620659
92 0.964021788899164
93 0.825805964127528
94 1.029903782689239
95 1.078389754148307
96 1.009262282720935
97 0.927560211675552
98 1.087745201503558
99 1.089033875482341
100 0.897743664675318
101 0.918153462859743
102 0.900440924368784
103 1.004407307835441
104 1.137592535432610
105 0.936456207998986
106 0.947297319991487
107 0.976093845240349
108 1.040154420559273
109 0.960503139726811
110 0.966823119390963
111 1.079996862935889
112 0.908537330473195
113 1.037976362335878
114 0.938086919590064
115 0.985408265530282
116 0.952499015589138
117 1.093912039666631
118 0.872949920875488
119 1.137862756477420
120 0.890061481450117
121 1.021195923847144
122 0.866782671039785
123 1.036560749184040
124 0.952963753172778
125 1.000894003481438
126 1.024582303366834
127 0.952914116438785
128 1.086467261777473
129 1.074611094584424
130 0.943222964452375
131 0.894718046640375
132 1.177217444305796
133 1.013697303465354
134 0.945936429635923
135 0.916674647748303
136 1.036106603456939
137 1.040089989014109
138 1.018875648495618
139 0.881645348735937
140 1.220314154488754
141 0.926153427324955
142 0.960550981018152
143 0.961667313200269
144 1.035663788501408
145 0.973690553858181
146 0.982000788128726
147 1.050335772932408
148 0.943727773120131
149 1.114698388697242
150 1.008490306864688
151 1.027657889507247
152 0.948944370635290
153 1.084499334423801
154 0.976410951177077
155 0.986722590445416
156 0.861020049942668
157 1.053818566549943
158 1.050369474190750
159 0.924794997175344
160 1.008124636961744
161 0.997849224773681
162 1.007435450691556
163 0.945020948752105
164 1.015954734540685
165 0.960770900115790
166 1.017709269077627
167 0.943511590334587
168 0.977232017196683
169 1.030424335416338
170 1.077138256058465
171 0.927414014535271
172 0.949022571960341
173 1.090817174785143
174 0.982759567908423
175 1.006572736880673
176 1.018345536873837
177 0.949176079527178
178 1.029225933511706
179 0.981546343271389
180 0.909778115933733
181 1.066500620099791
182 0.972259465225770
183 1.053166032304601
184 0.937414410963099
185 0.997432625245685
186 0.989179692503476
187 1.052034384096291
188 0.942188233049268
189 1.014804834177920
190 0.945976062033428
191 1.033970777708856
192 0.971696705136527
193 0.992767280660260
194 0.974311261784068
195 1.062738336401782
196 0.973563524767573
197 1.018828251288877
198 1.046644489498996
199 0.963641080051990
200 1.007646847529245
201 0.941120849219004
202 1.101145483399326
203 0.972852895360619
204 1.013508088389244
205 0.878308373430762
206 1.028385938343658
207 0.997976620779651
208 0.935249075981374
209 0.972129910201393
210 1.009235773434985
211 1.033563399182952
212 0.940011400159442
213 1.026027860717142
214 0.966470091783799
215 1.053077910943731
216 0.947790263312904
217 1.069493770987373
218 0.945354956350695
219 1.043069682127669
220 0.990315617616253
221 0.945526534946809
222 0.979552359807725
223 1.022415299410898
224 1.010749361781140
225 0.976786892301338
226 0.997841386336521
227 0.938818669095443
228 1.100768431456852
229 0.987018901781435
230 0.949946289732310
231 1.037093932876239
232 1.096020547416979
233 0.914775723557728
234 0.967680687118677
235 1.029329005718476
236 1.019829589571941
237 0.950952045374370
238 1.014738573962914
239 1.002080704157959
240 1.050281737796313
241 0.946651607188202
242 0.996406609375213
243 1.042866124362911
244 1.007433933228437
245 1.005431081917632
246 0.946311882206557
247 1.050021397137548
248 0.980504863353474
249 0.968690630780831
250 0.946804634824692
251 1.083513474952816
252 0.961943300070969
253 1.015734075857039
254 0.963073193304954
255 0.894251016482187
