0 16350.001243489583430
1 0.004381592139642
2 0.003981390390206
3 0.003930160274792
4 0.005918902262739
5 0.005407011036717
6 0.005605723854691
7 0.005948322532219
8 0.008435939094854
9 0.007288443529027
10 0.007737658331471
11 0.010212042091120
12 0.009437525348816
13 0.010089646272260
14 0.011986677521290
15 0.013537212323871
16 0.013220551426352
17 0.014092746650813
18 0.013052854312837
19 0.014767457566324
20 0.014280685680406
21 0.018302674753715
22 0.016857796230076
23 0.019768170067610
24 0.018518227897373
25 0.024756772084350
26 0.018218235774166
27 0.020832538877918
28 0.023500189932630
29 0.028463464109419
30 0.027935895318418
31 0.024320320431897
32 0.028873512273689
33 0.030583540444645
34 0.037301915537125
35 0.030523804664073
36 0.040928632250979
37 0.033174469471402
38 0.039055984239302
39 0.035792851582545
40 0.037263876968441
41 0.048476980409385
42 0.044051481607314
43 0.039611481328586
44 0.045702872176174
45 0.053579765071012
46 0.047937882845256
47 0.055918543170815
48 0.052113788711644
49 0.058281719772340
50 0.062293744962968
51 0.060548604006994
52 0.055734250316960
53 0.061515358475371
54 0.070415443737964
55 0.073831223667727
56 0.066592981837594
57 0.079480496651786
58 0.077532009490465
59 0.097193613316234
60 0.081362199345979
61 0.089342337770823
62 0.105077539250111
63 0.105498518400820
64 0.104733844035970
65 0.100376504249906
66 0.132681168085156
67 0.136990952439388
68 0.143364423322558
69 0.155576797730992
70 0.236187665254475
71 0.283976208316745
72 0.450273738951730
73 0.542911144085759
74 0.957724261807545
75 0.921239801011352
76 0.862249315446136
77 0.734696340473395
78 1.143739367947556
79 1.111230574598608
80 0.784030044635958
81 0.984266004104730
82 1.022553484763158
83 0.897547120429131
84 1.037564931108735
85 1.010428989571149
86 0.846819102379590
87 0.938118037288193
88 1.053650526077365
89 1.000681007208459
90 0.900996100654596
91 1.221012202844864
92 0.966563852282640
93 0.826441729775342
94 1.032588167574690
95 1.082426711789030
96 1.010450449353621
97 0.925472368230736
98 1.087310875308987
99 1.088919627555755
100 0.898194818069255
101 0.915261836289053
102 0.899085779370306
103 1.004257097828938
104 1.138511325940933
105 0.935035059873541
106 0.949863908028274
107 0.975838302047166
108 1.042577847643850
109 0.958121674255242
110 0.965171158194507
111 1.083476333322610
112 0.910537036163739
113 1.039873363565059
114 0.936209008309400
115 0.983463161853471
116 0.954688666804368
117 1.094576443609108
118 0.873376559868376
119 1.137934277658947
120 0.889127045990857
121 1.022124615351342
122 0.865258845939496
123 1.036667860726658
124 0.950967742786944
125 0.999308471043702
126 1.025349571161658
127 0.955574303891474
128 1.084943306657329
129 1.074118630735040
130 0.944043344441741
131 0.894560215830225
132 1.175825136670492
133 1.013249796274634
134 0.945397429427385
135 0.916427179897429
136 1.033337337334822
137 1.037485916078035
138 1.020211938862288
139 0.881102209940687
140 1.218056903629892
141 0.926326582012645
142 0.961108570994523
143 0.961920054311040
144 1.035766068338872
145 0.977204605513240
146 0.981621309740444
147 1.053047897368128
148 0.943841032016237
149 1.120560480095848
150 1.006367372083037
151 1.025136723994752
152 0.948857358758718
153 1.087232508427931
154 0.975858581402152
155 0.985886791363698
156 0.860104567525103
157 1.058971445020029
158 1.049199033221806
159 0.921897672837224
160 1.011009127983575
161 0.998171485548248
162 1.004545710132009
163 0.948590699692839
164 1.018083234136731
165 0.962408078989036
166 1.017459124065190
167 0.939638716847712
168 0.974223273680090
169 1.034133233379156
170 1.073003040941096
171 0.926591749522114
172 0.950351506223412
173 1.090120730662785
174 0.985188454209799
175 1.005136761345767
176 1.019305924276072
177 0.950955789182661
178 1.030268010624367
179 0.983526783479863
180 0.910372798538099
181 1.068883392912264
182 0.972962682318954
183 1.049464971166205
184 0.935671005273841
185 0.997801723850843
186 0.988267577303167
187 1.050569402518529
188 0.939865192057716
189 1.014589887430667
190 0.946229629949287
191 1.031788956533584
192 0.972113344932311
193 0.990134304439315
194 0.975980943871778
195 1.058897453798698
196 0.972259658147489
197 1.021737557473497
198 1.048165654026862
199 0.966958858536129
200 1.009707356184267
201 0.941146322929468
202 1.105326574556001
203 0.975751755667062
204 1.017841128671919
205 0.881028085410399
206 1.028457829362030
207 1.000751808003866
208 0.934893363159114
209 0.971999057884628
210 1.011437044995056
211 1.034092266867832
212 0.940786293334079
213 1.024038950823668
214 0.964432387606037
215 1.054122285856681
216 0.946149336646435
217 1.069119004101465
218 0.940022146495770
219 1.040832891137454
220 0.988995064144253
221 0.947557968930485
222 0.978199918355376
223 1.022507966134723
224 1.011011713183576
225 0.976450975764340
226 1.000422624598401
227 0.935500674123397
228 1.098716603768687
229 0.984628514638050
230 0.949188012694926
231 1.036003254598878
232 1.098129840839147
233 0.915785294479952
234 0.968037865697503
235 1.030091968616223
236 1.020843211904950
237 0.950193960077456
238 1.013208829373861
239 1.003172610105959
240 1.048437621372555
241 0.945763334846782
242 0.995835053489718
243 1.040635440981319
244 1.007966271045396
245 1.001930385821608
246 0.946570704312384
247 1.049400737695105
248 0.980100030108376
249 0.971950069855933
250 0.947703686684016
251 1.078482294432966
252 0.962455312167947
253 1.011003933620766
254 0.960844311408502
255 0.896551090504646
