0 16343.008789062500000
1 0.003096032893154
2 0.006961267717998
3 0.005461633639788
4 0.005923047711500
5 0.008249326286023
6 0.004783987803320
7 0.006632002368860
8 0.006694108261140
9 0.007146002866128
10 0.006762337114196
11 0.012091287452677
12 0.008936684201763
13 0.010180824514148
14 0.009912758507364
15 0.014180719444388
16 0.014390099120192
17 0.009707946498032
18 0.015091992515712
19 0.014541579389728
20 0.013366794372550
21 0.015439260406614
22 0.014419564397138
23 0.016329948697967
24 0.015843596740237
25 0.031517407652462
26 0.016558962806233
27 0.020298021030080
28 0.021786171472264
29 0.027963342775517
30 0.031278265976691
31 0.026353895193936
32 0.028018632525927
33 0.032611585305438
34 0.040356761038103
35 0.027000789401847
36 0.046932679824812
37 0.031344377047501
38 0.032351760550227
39 0.044831200227603
40 0.042345715484062
41 0.045008280886203
42 0.036270484525231
43 0.041971953579731
44 0.047763462379605
45 0.047964769109405
46 0.043069221810387
47 0.064966496037501
48 0.060401690529267
49 0.055434920124610
50 0.063366936045765
51 0.046709470300688
52 0.055737177992015
53 0.058984219119909
54 0.067340789234516
55 0.078827896497542
56 0.074575460881999
57 0.075863681298991
58 0.081287366337754
59 0.094082546654491
60 0.077543801971954
61 0.087565690634404
62 0.080240998422485
63 0.100943961378362
64 0.093865246002735
65 0.107078033488640
66 0.127005413332663
67 0.129355447275472
68 0.164129073330844
69 0.148494017616590
70 0.232163441468012
71 0.250142246676243
72 0.503947277280531
73 0.594950310125192
74 1.004799451473007
75 0.868446666678852
76 0.904571323318426
77 0.884273118071677
78 1.050633996838563
79 1.018813322874672
80 0.839468096752758
81 1.052346054266207
82 0.993928706179609
83 0.956562466693290
84 1.132336315455666
85 1.049036036310530
86 0.884471485087381
87 1.000892703021553
88 1.105324642398156
89 1.019921959099981
90 0.908419881167862
91 1.251325995535202
92 0.993798292788741
93 0.870593121830272
94 1.034594307935454
95 1.014956153876245
96 0.961266971398533
97 0.944709897678796
98 1.214574479755308
99 1.013567132279435
100 0.925152158098124
101 1.087364333491404
102 0.917268793178348
103 0.918736559688114
104 1.024799416615549
105 0.969975581535092
106 1.024991371570859
107 0.995641244359008
108 1.047816249327341
109 0.895478051281241
110 1.035593358386270
111 1.083005889209421
112 0.894221163254697
113 1.105007190411005
114 0.899181359645320
115 1.053494789428078
116 0.860449132107848
117 1.053749530365720
118 0.892077895360497
119 1.094219224096195
120 0.931553098509036
121 0.994002393034664
122 0.839419064467003
123 0.956038621354892
124 0.873835344147432
125 1.025548057683427
126 1.041916131689928
127 0.829972740639955
128 1.120722210896964
129 0.947812550189742
130 0.949427778348382
131 0.843904814748601
132 1.032907811336271
133 0.965541562451832
134 0.995212735496461
135 0.890301633987904
136 0.991056677979326
137 0.952029650544243
138 0.963348205236630
139 0.908826973615815
140 1.253063365845918
141 0.872753822211595
142 0.903326157653022
143 0.973674660824343
144 1.029902854500841
145 0.913169123877873
146 1.035407055069596
147 1.002296583814824
148 0.980501418460763
149 1.055822022692325
150 0.990447252222783
151 1.073219717269556
152 0.983061680004420
153 1.044623953042226
154 0.982615482199122
155 1.096337194929462
156 0.974828771161438
157 1.059782559924996
158 1.063118495285138
159 0.939085525281727
160 1.015282570756415
161 0.855996275077676
162 1.070697431588087
163 0.919702963481292
164 1.022908199753259
165 0.893171002209769
166 0.993716897228646
167 1.051895020291135
168 1.019309405931835
169 1.000959844482267
170 1.050410188664423
171 0.982511029802737
172 0.899589557947085
173 1.011158290138607
174 0.913337521087223
175 1.040387988815308
176 1.051584419972877
177 0.957417545885250
178 1.034635992827033
179 1.010946957561725
180 0.944963117275725
181 1.095772653074863
182 0.991920121354668
183 1.153805282627502
184 0.993189660409602
185 0.954947594483861
186 0.960835142726428
187 1.080501209033924
188 0.980087362991243
189 0.972235299026903
190 0.938190811168756
191 1.009588012661017
192 0.962173931951220
193 1.091478311630244
194 0.976285541856331
195 1.118465564030768
196 0.979459074237056
197 1.025525278297792
198 1.034722399730827
199 0.930042246852789
200 0.990298434105676
201 0.909024957783095
202 1.032352078661713
203 0.932911624033470
204 0.972326872636394
205 0.903811225733631
206 0.968380862051957
207 1.008792496874770
208 1.003918588222050
209 1.041672519439234
210 1.115337655344419
211 1.026717178779861
212 0.965119389034626
213 1.089470979668390
214 0.983553284024440
215 1.031723812722697
216 0.954431435755438
217 1.052963273702876
218 0.978506232885703
219 1.054222945098340
220 1.074671674045705
221 0.896738273379609
222 1.010730164838606
223 1.011238664073591
224 1.024520890222239
225 1.001011630998812
226 1.011600389050973
227 0.927104664398199
228 1.183708173413658
229 0.976919238218716
230 0.967066216033750
231 0.943925407243821
232 1.096782155233447
233 0.896532186007433
234 0.987022046679779
235 1.075298084542939
236 1.020529229782413
237 0.891120712793169
238 1.019263317216811
239 0.978391713119966
240 0.939352930242436
241 0.957215001397465
242 0.950212572407831
243 0.985404677157892
244 0.983875930622537
245 0.992630601978247
246 0.957724171450788
247 1.076109124552274
248 0.959126420901157
249 0.928595231846794
250 0.880508856666958
251 1.066867346670479
252 0.949980627161821
253 1.003807582757927
254 1.009806840900151
255 0.931763701140881
