0 16350.031313476561991
1 0.004353750088996
2 0.003959709952878
3 0.003874942486638
4 0.005938375091191
5 0.005440385574538
6 0.005565908638525
7 0.005860277561939
8 0.008369519863610
9 0.007241480642167
10 0.007727186118135
11 0.010236931896421
12 0.009491126597792
13 0.010142414021886
14 0.011970321354378
15 0.013472944270868
16 0.013234369251778
17 0.014092646326313
18 0.012877823833230
19 0.014698275257860
20 0.014135936547997
21 0.018051449944700
22 0.016695838143662
23 0.019793751570471
24 0.018706803655036
25 0.024730303652337
26 0.018139205498671
27 0.020585650890464
28 0.023568856509997
29 0.028466316390454
30 0.027880255817585
31 0.024397270505301
32 0.028815127020917
33 0.030557426431656
34 0.037263404026026
35 0.030485239933771
36 0.041311449544402
37 0.033255157340236
38 0.039116692589069
39 0.035488298511201
40 0.037035287274352
41 0.048089961383720
42 0.044148816225147
43 0.039380869769922
44 0.045343894393371
45 0.053579689529548
46 0.047823191219524
47 0.056020353046318
48 0.051758590401613
49 0.058085938231967
50 0.062385579633252
51 0.060753145212663
52 0.055903723363727
53 0.061650389354068
54 0.070524358357171
55 0.073826417039689
56 0.066453628920797
57 0.079043650669263
58 0.077737408534562
59 0.097535145764953
60 0.081460205481000
61 0.089323596411852
62 0.105220351659369
63 0.105606185006774
64 0.104777236101181
65 0.100397922598128
66 0.133419651304868
67 0.137343607272688
68 0.143104087750003
69 0.155829873696230
70 0.236591322668915
71 0.285513227100761
72 0.449681024071899
73 0.541631595408470
74 0.959165912917878
75 0.922771471696119
76 0.862696647668897
77 0.734902637318771
78 1.145204554458962
79 1.111300441992323
80 0.782198727346809
81 0.987550147642090
82 1.022233923316902
83 0.897737860376425
84 1.043334439636337
85 1.010174037668932
86 0.846011612608750
87 0.937692926278514
88 1.052747583977410
89 1.001038484466770
90 0.898914905674697
91 1.222786064023391
92 0.965769272404956
93 0.827348778261619
94 1.035270099253997
95 1.082341397119872
96 1.011235093367112
97 0.923662346885740
98 1.086353717219295
99 1.087221406776689
100 0.896977650681845
101 0.915809447030650
102 0.898291041461022
103 1.002194987269090
104 1.139322100982759
105 0.933528955279854
106 0.948648615528773
107 0.977615337637750
108 1.038501097391615
109 0.959793419703212
110 0.964974222974914
111 1.081305863716489
112 0.911847646429089
113 1.043389179815116
114 0.935726142110579
115 0.986620000935454
116 0.953920963968272
117 1.096052075483205
118 0.874437396822662
119 1.136326082245277
120 0.891564412625512
121 1.018590381569006
122 0.862698521650163
123 1.035035739836522
124 0.949407179863369
125 0.999117754731595
126 1.025050620220572
127 0.954599642856474
128 1.084092933006152
129 1.072566714422488
130 0.944509285342050
131 0.895564728431212
132 1.173653789474008
133 1.013201582480667
134 0.944312709743262
135 0.917852067164757
136 1.036303651300075
137 1.035068763806803
138 1.020565490690307
139 0.882471827502685
140 1.218947242409442
141 0.928028157124425
142 0.959240777148284
143 0.964812142455468
144 1.036865963591088
145 0.977390180223881
146 0.981706916936933
147 1.056653087643163
148 0.942026693084224
149 1.123487661654947
150 1.007011001283363
151 1.024987079628212
152 0.949793407984890
153 1.085007298545631
154 0.973909241973012
155 0.984667986516543
156 0.861080085323361
157 1.058694966566866
158 1.050462266549068
159 0.922873527645869
160 1.010460775196419
161 0.996671384877442
162 1.005730146174812
163 0.945821736451755
164 1.019115036287057
165 0.961686366438797
166 1.018707905711460
167 0.937689889870004
168 0.972578806191697
169 1.032845464700212
170 1.071809359371690
171 0.926959367079508
172 0.951026013789421
173 1.090703519919182
174 0.986375895099597
175 1.000139655261491
176 1.016981204329001
177 0.951617869272983
178 1.030055477812347
179 0.983959677505166
180 0.906006312500285
181 1.069059735514954
182 0.973899798069051
183 1.050904566544734
184 0.937103279237418
185 0.995999595026661
186 0.985998917907914
187 1.052150814314581
188 0.941994148756747
189 1.014888328078358
190 0.948457162141269
191 1.035699171320247
192 0.970049283338992
193 0.987391772359540
194 0.976963829093171
195 1.058099564568399
196 0.969391842106390
197 1.022157590794714
198 1.052816024044749
199 0.968944309816822
200 1.008969574883680
201 0.940736837823588
202 1.103551353198467
203 0.976850199979173
204 1.018885804936121
205 0.880822561934356
206 1.028599075449400
207 1.002360261932848
208 0.935250019353403
209 0.973314066017484
210 1.011065672686575
211 1.032330576243564
212 0.943187643120027
213 1.023941867781733
214 0.962341364141402
215 1.051678162093251
216 0.943536975672781
217 1.069342189346224
218 0.939404877878288
219 1.041361144082160
220 0.988015794299835
221 0.946644173254264
222 0.977223742921188
223 1.022953700999859
224 1.009288406643528
225 0.977272848682405
226 1.001479394759189
227 0.935504461117214
228 1.101075015797513
229 0.985188119486469
230 0.951449962060547
231 1.036517128501509
232 1.100455892744205
233 0.916286996994822
234 0.966379433862114
235 1.029330437854096
236 1.020904737190484
237 0.950863401933409
238 1.014840096986082
239 1.003384015920352
240 1.051989833349158
241 0.949044522482877
242 0.994782047600163
243 1.035374867399230
244 1.007031122537049
245 1.002336054608941
246 0.944256062492825
247 1.050292309014746
248 0.979585867829698
249 0.972459964906393
250 0.948447678452549
251 1.078887547424255
252 0.963998115729297
253 1.010342031874488
254 0.960670179138199
255 0.909179015039618
