0 16351.360693359374636
1 0.003801093339217
2 0.003819368926624
3 0.003840213419863
4 0.005865416033305
5 0.005374559192928
6 0.005693866599624
7 0.005823210551652
8 0.008047034763438
9 0.007120352119925
10 0.007579303215081
11 0.010291123573633
12 0.009387620329291
13 0.009867739826623
14 0.011935306320106
15 0.013194681671110
16 0.013116972907575
17 0.013836559682993
18 0.012940909393242
19 0.014991444568312
20 0.014130051053433
21 0.018191679637880
22 0.016710266694601
23 0.019816870534827
24 0.018826584441197
25 0.024237792502272
26 0.017833413882065
27 0.020775367659363
28 0.023399834384742
29 0.028294763152130
30 0.027569469145513
31 0.024001589426199
32 0.028623841544493
33 0.030581264920184
34 0.037282177831192
35 0.030441111464054
36 0.041679394646370
37 0.033095833975458
38 0.039051781815552
39 0.035251976699892
40 0.036738437838202
41 0.047461201287768
42 0.043767644820022
43 0.039250822851776
44 0.044885246177257
45 0.053433342692162
46 0.047851833877275
47 0.056198753028096
48 0.051659942749624
49 0.059074156110136
50 0.062697962256078
51 0.060932057502243
52 0.056274393868836
53 0.061860757318949
54 0.070912590746128
55 0.073746964429703
56 0.066849376916171
57 0.078923624230452
58 0.078250940471056
59 0.097834598605272
60 0.080925183310963
61 0.088384066032881
62 0.104704241996121
63 0.106553540466338
64 0.105388116226063
65 0.100375495906062
66 0.134521551223510
67 0.136806537006239
68 0.144129640881697
69 0.156284285293477
70 0.237859518378751
71 0.285267133187899
72 0.448711208290353
73 0.541902917545713
74 0.956650616699841
75 0.923630254341674
76 0.860847562255939
77 0.739931636698980
78 1.147828269869399
79 1.111811030315415
80 0.789731474736088
81 0.982117641688104
82 1.021806943205986
83 0.898834966387158
84 1.038199963879045
85 1.015687871631356
86 0.845004828904543
87 0.939656838889020
88 1.046964355984093
89 0.997991508309847
90 0.897276640092212
91 1.216018199059184
92 0.960704850495527
93 0.823709197419301
94 1.036899759188736
95 1.091708158186401
96 1.006425664874448
97 0.924623713967291
98 1.087284701475923
99 1.081541175174051
100 0.896643379621718
101 0.916178176042806
102 0.897618990387935
103 1.003132036360832
104 1.139728493211425
105 0.927904357564287
106 0.948043052533344
107 0.979535212094594
108 1.038738022426748
109 0.958377014811459
110 0.966394303079681
111 1.081320081285811
112 0.913925497847934
113 1.046404527280690
114 0.933581770832920
115 0.981420623305264
116 0.955072973917917
117 1.096541898291028
118 0.880313710782664
119 1.142164728136847
120 0.892022625106764
121 1.020970396355864
122 0.862183972572029
123 1.031310003750349
124 0.949162581006778
125 1.000784519879465
126 1.033835730351939
127 0.955227501285600
128 1.089120231578640
129 1.070022098727524
130 0.941676896397537
131 0.891251700596064
132 1.169149173759581
133 1.009056645639169
134 0.943043539589232
135 0.919904063671894
136 1.033234478738820
137 1.031678551546504
138 1.018531784454772
139 0.882476819824769
140 1.220266335326098
141 0.928481414060538
142 0.964172917203637
143 0.969667727434744
144 1.033375362353252
145 0.974371829345885
146 0.981431087237592
147 1.055411077075052
148 0.937800541175999
149 1.122305923368568
150 1.003222966966191
151 1.016918881099117
152 0.954388255645563
153 1.085410175961414
154 0.973313539105282
155 0.992818248642779
156 0.853994167141420
157 1.060349703692081
158 1.050848506616201
159 0.925987629847305
160 1.006669587582779
161 0.992871879349588
162 1.001848527562446
163 0.942041547156917
164 1.019606366323374
165 0.962293395930192
166 1.013279311482943
167 0.935451114417034
168 0.970208708152819
169 1.030254135897134
170 1.070273594297225
171 0.930630514436688
172 0.952557559986355
173 1.097477414896735
174 0.992263761965077
175 1.004828846723168
176 1.017205465245800
177 0.948122303865894
178 1.029999374857674
179 0.983349191995488
180 0.910350677533917
181 1.073226365309548
182 0.978145856070662
183 1.052522441379618
184 0.937691601670917
185 0.995583167846250
186 0.986119718327946
187 1.052171659910694
188 0.942863171506695
189 1.018256669654337
190 0.947778306083269
191 1.033156870236233
192 0.973162911209851
193 0.990088506894746
194 0.985019868130118
195 1.053571531236461
196 0.969003772725798
197 1.030505943581636
198 1.048809626870820
199 0.974209412675784
200 1.004694955004851
201 0.939169446697549
202 1.098474847628246
203 0.975052804082303
204 1.022257662257477
205 0.882907947475880
206 1.030715233788573
207 1.002542824989466
208 0.938054021932097
209 0.974111885765061
210 1.017077196280208
211 1.031681487236854
212 0.948349714444263
213 1.027216127709054
214 0.957263565493764
215 1.054403499917478
216 0.942558198479221
217 1.073792396015951
218 0.934377547442455
219 1.037396177981513
220 0.985061355049333
221 0.946461597405126
222 0.980030288001718
223 1.025836166707728
224 1.011635445176911
225 0.974720928223873
226 1.008272587391498
227 0.939319502784406
228 1.100906185585733
229 0.978073101546689
230 0.947672515220088
231 1.032305663606609
232 1.096739217599079
233 0.917493862960559
234 0.968397376759708
235 1.021087169444244
236 1.017392751631529
237 0.946267906330355
238 1.013399838277212
239 0.997360062350596
240 1.046640774258520
241 0.951370635385865
242 0.990810573750241
243 1.030206890606590
244 1.006196531787651
245 1.004688874328354
246 0.947255029402797
247 1.053031059339731
248 0.979253266295097
249 0.968979936459980
250 0.946679516219951
251 1.080505544183425
252 0.964826120401969
253 1.007093395223652
254 0.955579519139797
255 0.888411365597600
