0 16350.725472005207848
1 0.004529151467386
2 0.003984389290408
3 0.004004161404502
4 0.005940011551427
5 0.005367884386533
6 0.005553487649396
7 0.005967096639156
8 0.008285045406153
9 0.007217644824015
10 0.007709883299495
11 0.010129068634964
12 0.009395293290503
13 0.010000521281125
14 0.012023869784204
15 0.013721444179449
16 0.013011711053378
17 0.014044410964467
18 0.013005177098281
19 0.014629599937270
20 0.014232862976494
21 0.018216071424181
22 0.016924901428085
23 0.019715801958494
24 0.018322629583995
25 0.024675771071203
26 0.018033005967834
27 0.020803040251158
28 0.023443687603243
29 0.028096189737678
30 0.027744706122439
31 0.024458094499153
32 0.029058450322157
33 0.030588177127567
34 0.037106474235545
35 0.030350742700707
36 0.040844152615805
37 0.033030332103670
38 0.038739609126627
39 0.035876849962433
40 0.037654127743982
41 0.048559462188700
42 0.044116071522239
43 0.039775116900887
44 0.045967718438075
45 0.053590922740144
46 0.047894780165350
47 0.055727308818821
48 0.052239528666981
49 0.058042727771991
50 0.062172364919622
51 0.060399987385247
52 0.055877781629072
53 0.061407248451364
54 0.070179706502541
55 0.073759368853476
56 0.067267853119255
57 0.079717280770542
58 0.078181445417569
59 0.097166595273000
60 0.081032457669674
61 0.089430159413497
62 0.104586598462907
63 0.105778189605719
64 0.104253175405959
65 0.099934365210674
66 0.132147787188624
67 0.137294365314642
68 0.143913633781197
69 0.155376286438637
70 0.236252013290867
71 0.283292830904263
72 0.450407878654822
73 0.543921962886173
74 0.958032775511957
75 0.920239025829650
76 0.861518151472558
77 0.739602464410591
78 1.146215249861413
79 1.107320627501676
80 0.786300108409198
81 0.986647944976620
82 1.021087045027584
83 0.898585020075038
84 1.038028769215383
85 1.012362831880500
86 0.848328224568749
87 0.937900907076050
88 1.056138249257723
89 1.003073779329911
90 0.899521515702554
91 1.217874672962495
92 0.964167360289034
93 0.826802424998525
94 1.031566656561046
95 1.077887584759652
96 1.009444497722703
97 0.926218531674525
98 1.087340423972241
99 1.088718273375503
100 0.896822184240185
101 0.920029049795159
102 0.899770356863329
103 1.004490371981027
104 1.135146902936094
105 0.935553433668987
106 0.947781011943152
107 0.975678290287045
108 1.038860843264557
109 0.960823065968845
110 0.967381910876764
111 1.079511034442303
112 0.908910146799346
113 1.038970812392765
114 0.937870789901880
115 0.985034220087167
116 0.953132181893259
117 1.094451747275068
118 0.874138460025212
119 1.136628156677533
120 0.890436929887698
121 1.021211879374664
122 0.865552994262970
123 1.034680626875419
124 0.951344764501152
125 1.001026326147197
126 1.025118005559823
127 0.952899475852368
128 1.085743575308002
129 1.071879035118664
130 0.944761640625841
131 0.895648203378712
132 1.175723125342583
133 1.012747467350557
134 0.946519298313250
135 0.916993405202362
136 1.035257599926715
137 1.039017743599963
138 1.016908992665876
139 0.882586716803251
140 1.219341018580815
141 0.927733785006753
142 0.961728978205534
143 0.962007569061075
144 1.037821729983269
145 0.974412292984959
146 0.983906057871067
147 1.050975840500378
148 0.943438674807360
149 1.115111019400026
150 1.007401249809110
151 1.027022003135786
152 0.947897647974018
153 1.082607848175009
154 0.976555569322514
155 0.988151408747828
156 0.862390229028382
157 1.054437511467083
158 1.048344869860724
159 0.924316896809263
160 1.008432473676113
161 0.996457045013939
162 1.008151745031756
163 0.946945234758661
164 1.018306806134448
165 0.960176126378440
166 1.018025254646901
167 0.942821830159379
168 0.975495686498287
169 1.029834496818785
170 1.075285553010833
171 0.926546297945302
172 0.948132981576637
173 1.088751899273587
174 0.981517758268567
175 1.005501926076459
176 1.019299556557710
177 0.949367715538504
178 1.027017573370235
179 0.981757957409134
180 0.910143056748208
181 1.065494768690821
182 0.972725129307835
183 1.054123460883946
184 0.939030189268201
185 0.997674448997982
186 0.989225796105169
187 1.053284241116366
188 0.942011002849741
189 1.015451877112669
190 0.947067122833397
191 1.033076145938051
192 0.971708910221715
193 0.992234544342112
194 0.974482634226039
195 1.062688768369324
196 0.973252984334956
197 1.019877316994504
198 1.047053706439327
199 0.963919518378720
200 1.008820528561310
201 0.940458306877318
202 1.101622626934869
203 0.972869019556074
204 1.013777647196030
205 0.879057553130186
206 1.028643032338141
207 0.998007531779209
208 0.935686952264941
209 0.973103274144467
210 1.010121685495866
211 1.034393617790632
212 0.940137993356107
213 1.024666397271721
214 0.966388185214099
215 1.053308238919435
216 0.947725276294479
217 1.069857179483374
218 0.945795382772972
219 1.043016373662947
220 0.991411448172715
221 0.945673730200950
222 0.978253970505008
223 1.021501584685955
224 1.008906718811064
225 0.977437134370179
226 0.998729074179710
227 0.938718599361857
228 1.101587811728755
229 0.987812337495547
230 0.950093595938299
231 1.036166069415546
232 1.095855903370184
233 0.914437903020451
234 0.966797136233865
235 1.029249475559595
236 1.019948747957385
237 0.951623896673788
238 1.016065464162097
239 1.001661344866255
240 1.049575692558771
241 0.948204707333798
242 0.996829132543342
243 1.042475432725045
244 1.005883169174584
245 1.005829587760758
246 0.947452065911751
247 1.049961451167300
248 0.980010607035094
249 0.968312808570776
250 0.946705200305752
251 1.082678863401511
252 0.960439007869669
253 1.015835164668690
254 0.965049729155066
255 0.895437744341685
