0 16350.874619140624418
1 0.004606634843445
2 0.003901160076795
3 0.003984600713462
4 0.005980431851433
5 0.005397453789975
6 0.005549313145709
7 0.006014701875068
8 0.008302761878414
9 0.007190856893569
10 0.007735694899178
11 0.010146110676013
12 0.009363554811637
13 0.009959719350658
14 0.012107529258224
15 0.013729729858676
16 0.013083409113815
17 0.014045847447388
18 0.013066057131603
19 0.014616470139749
20 0.014272742015432
21 0.018222395258045
22 0.016853861830918
23 0.019704243783327
24 0.018335086681869
25 0.024610613290073
26 0.018068636821968
27 0.020782514953663
28 0.023472273858616
29 0.028155279742548
30 0.027775143867131
31 0.024422838005778
32 0.029155042077540
33 0.030491416109616
34 0.036980376447985
35 0.030425229113689
36 0.040883345140728
37 0.033121030626044
38 0.038690611031353
39 0.035658072550340
40 0.037687176981677
41 0.048634510771991
42 0.043976937138479
43 0.039969611487919
44 0.046301259886073
45 0.053635567559970
46 0.048113350796660
47 0.055850783935676
48 0.052265936827650
49 0.058051728203058
50 0.061954629670097
51 0.060201642900944
52 0.055947417673398
53 0.061565318387970
54 0.070057516203585
55 0.073638542579535
56 0.067016010632060
57 0.079424447962825
58 0.078010097010539
59 0.097247242472477
60 0.080933425346773
61 0.089525956256542
62 0.104977969934693
63 0.105732783001831
64 0.104443767219714
65 0.099754374367006
66 0.132014620210799
67 0.137451665309137
68 0.143722250121215
69 0.155123979641797
70 0.236629294204042
71 0.283638561434635
72 0.450865380305570
73 0.543411483482145
74 0.958033455880457
75 0.921206547575370
76 0.861604129508954
77 0.739751639216996
78 1.145729816066013
79 1.105888276560705
80 0.784884842621853
81 0.985579618413712
82 1.020740605651753
83 0.897908542981420
84 1.038308240751038
85 1.011817413365965
86 0.847986620936218
87 0.939376436322878
88 1.057947260181627
89 1.000488021768997
90 0.899855739854361
91 1.216916803810834
92 0.965524259043416
93 0.824072325022775
94 1.029748874864007
95 1.078352535180957
96 1.008736038531322
97 0.928777308748545
98 1.088169948628647
99 1.090096472100651
100 0.897065187553585
101 0.917431128884948
102 0.900275634451548
103 1.005036748848057
104 1.136323058174482
105 0.936845144778070
106 0.946902847865159
107 0.974957415793233
108 1.038808686309010
109 0.958672431512940
110 0.968953495272410
111 1.080379562588914
112 0.907752522250731
113 1.036788836353505
114 0.938371983913246
115 0.985571950332068
116 0.951928520168752
117 1.092617426667692
118 0.873055897370625
119 1.138138238260323
120 0.890955376956144
121 1.021998158018035
122 0.867410753531816
123 1.037193967030200
124 0.952515773118650
125 1.001509952885481
126 1.024907019774235
127 0.952323779761478
128 1.086492600634097
129 1.074440858567986
130 0.943840278876072
131 0.893855793716555
132 1.177260503852824
133 1.014980188720208
134 0.946894987524102
135 0.916298867724823
136 1.037743377819787
137 1.040327372787187
138 1.017496564956054
139 0.881549102384013
140 1.219764545070420
141 0.924826248078063
142 0.960065294951486
143 0.960805051238746
144 1.035521811765643
145 0.974126171757368
146 0.983405311913207
147 1.050577969554901
148 0.944914472484604
149 1.113557958225521
150 1.008576425872370
151 1.027800457984905
152 0.948931550322496
153 1.085278739372995
154 0.977295366257965
155 0.987051158158619
156 0.862389595573660
157 1.055146228830844
158 1.048948605307103
159 0.924364122504809
160 1.008269387004243
161 0.998117985347467
162 1.007896422716257
163 0.944398843077368
164 1.015908635693451
165 0.961191424553706
166 1.018235551726820
167 0.943725360257249
168 0.976644308648690
169 1.031001593691039
170 1.077029117434990
171 0.927963946198391
172 0.948694485981545
173 1.089785340416891
174 0.981960312895782
175 1.006411582692882
176 1.018323900668454
177 0.949923650357962
178 1.031350287232995
179 0.981785764738573
180 0.909548656841558
181 1.064588974023732
182 0.971453189867243
183 1.052227053928444
184 0.937492757683034
185 0.995674164078001
186 0.988383544095518
187 1.051680843512932
188 0.941758271227176
189 1.013590561771554
190 0.945073123027576
191 1.032867497564137
192 0.970993582604996
193 0.992009683378944
194 0.972694286467345
195 1.062721920081037
196 0.972938925192736
197 1.017671022609069
198 1.046874592786694
199 0.963495410920100
200 1.008841522258243
201 0.941364187926471
202 1.100836164128275
203 0.972750067154170
204 1.013516905944934
205 0.878785412342534
206 1.029167016165473
207 0.996743723892729
208 0.935554792814997
209 0.972088902275955
210 1.007525957938722
211 1.033260601560196
212 0.939322997218644
213 1.026067494320183
214 0.966251840057704
215 1.052532395371525
216 0.948216425542722
217 1.069897479799494
218 0.946470528565776
219 1.043075494067119
220 0.990033838902383
221 0.945575529944989
222 0.978483881976000
223 1.022394146026327
224 1.010033853537163
225 0.976492386615768
226 0.997405536842232
227 0.938997690862771
228 1.100745500658332
229 0.986943736431758
230 0.951321377737732
231 1.038531414388050
232 1.096436724214141
233 0.915568853356668
234 0.967896487423862
235 1.030556215103407
236 1.020444048438848
237 0.950456168607564
238 1.015020899254427
239 1.002633400521126
240 1.050043189571586
241 0.947830042953811
242 0.996451660743832
243 1.043825250791153
244 1.007633378838134
245 1.006986026227365
246 0.946306572024579
247 1.049744682579882
248 0.980598153011426
249 0.968761409907191
250 0.947065527477292
251 1.083513442014276
252 0.961302015662832
253 1.017261927485927
254 0.963081924688065
255 0.896604585862389
