0 16350.652501953125466
1 0.004512836074506
2 0.003986111669275
3 0.003993941976181
4 0.005907337245125
5 0.005378037411104
6 0.005565742874377
7 0.005974679129356
8 0.008324904973550
9 0.007256680723321
10 0.007736553900583
11 0.010101845075535
12 0.009379589956102
13 0.010002517542196
14 0.012053622075911
15 0.013768190438333
16 0.013114579647409
17 0.014044467959441
18 0.012998557161190
19 0.014627403313633
20 0.014224614472147
21 0.018206084075201
22 0.016846733492955
23 0.019744180696580
24 0.018379570586994
25 0.024692694555768
26 0.018116632859496
27 0.020815869902924
28 0.023389181758925
29 0.028168392152804
30 0.027849662343346
31 0.024370650620172
32 0.029082627825051
33 0.030535008802408
34 0.037099424386688
35 0.030430650180327
36 0.040823297419902
37 0.032998289443536
38 0.038963868361420
39 0.035923022247094
40 0.037633901953416
41 0.048710039842281
42 0.044230247183487
43 0.039806998179592
44 0.046070138859585
45 0.053466720330466
46 0.047911272180280
47 0.055764498509147
48 0.052246615731436
49 0.058036955055306
50 0.062146905643800
51 0.060342224249048
52 0.055789550424990
53 0.061385895495582
54 0.070380116633898
55 0.073976348354257
56 0.067193043682136
57 0.079591150118161
58 0.078063569454359
59 0.097207462991231
60 0.081063421789068
61 0.089475170713428
62 0.104630367284978
63 0.105357788154378
64 0.104259415242077
65 0.099935821835672
66 0.132031680475532
67 0.137285588084917
68 0.143722951002945
69 0.155472974446565
70 0.235987044036701
71 0.283930406075303
72 0.450769772231795
73 0.544172778957891
74 0.958075398691468
75 0.921797950149933
76 0.862947371953590
77 0.738834975433063
78 1.145345343965960
79 1.108219362690510
80 0.786586134595497
81 0.984475606122031
82 1.021174043368916
83 0.900050562051774
84 1.039496443806195
85 1.012582040353845
86 0.848759487584032
87 0.939307012672282
88 1.056514978110218
89 1.001987925653036
90 0.900620729880027
91 1.219952550647474
92 0.967195227199701
93 0.826774435457591
94 1.031700711281067
95 1.077657078021339
96 1.007796089805714
97 0.926586377346608
98 1.089181400455767
99 1.089972939829409
100 0.897983594339856
101 0.917925227213062
102 0.900243441720428
103 1.002760997711019
104 1.136206735526396
105 0.935336003806275
106 0.948119383284060
107 0.974745854759267
108 1.038538333094354
109 0.959492689262128
110 0.967263697196606
111 1.080176390482074
112 0.908489983239352
113 1.038747383866168
114 0.935242021594462
115 0.984559046564019
116 0.952814767828188
117 1.093315333119607
118 0.874320931617570
119 1.135461958004227
120 0.891342915811845
121 1.021022815588277
122 0.865935337438840
123 1.034417111586707
124 0.950724734490190
125 0.999606286300343
126 1.023675869810272
127 0.953535869830073
128 1.084539751410884
129 1.070491161630571
130 0.945345837798402
131 0.895432432143319
132 1.174058979073363
133 1.013586520364670
134 0.946524055997887
135 0.917047235082383
136 1.036180641278676
137 1.037096262424378
138 1.016755369488379
139 0.881600697900957
140 1.219335194720007
141 0.927930590984645
142 0.962241142670613
143 0.962938224793163
144 1.039142627842349
145 0.975359679726566
146 0.983856325076940
147 1.051654626438511
148 0.944684024683639
149 1.117795836975787
150 1.007396761519572
151 1.027361698660079
152 0.947290255157044
153 1.083007959209456
154 0.976046966235889
155 0.987370409714123
156 0.862375226773358
157 1.054835578128513
158 1.047828322411623
159 0.922953969816977
160 1.009796114688484
161 0.997159218502541
162 1.007727502486817
163 0.947055176222879
164 1.017838846796627
165 0.960817098773202
166 1.017916656608557
167 0.942557945628604
168 0.976584150808647
169 1.032025501898785
170 1.075770343970742
171 0.925977933102286
172 0.948091588110584
173 1.087118656163211
174 0.982046734579618
175 1.004445841464450
176 1.020189860395048
177 0.949364442392202
178 1.029381520464242
179 0.979735720822778
180 0.909439622176028
181 1.064875456835744
182 0.972549482997935
183 1.053745530515715
184 0.938344682402440
185 0.997629336212193
186 0.989982693404889
187 1.053640131273324
188 0.942159957099369
189 1.015412209834317
190 0.947391331336090
191 1.032196826851958
192 0.971853976849140
193 0.991882883037332
194 0.975431339268644
195 1.061636342039302
196 0.972750336368257
197 1.019554918428206
198 1.047100265627021
199 0.963945185384786
200 1.009971437516334
201 0.941384018172140
202 1.101506342308392
203 0.973500470112817
204 1.014565023574498
205 0.879233568969245
206 1.028635136135683
207 0.997303260434392
208 0.935398135806632
209 0.972328848445228
210 1.009388093531980
211 1.034385052960749
212 0.939604379852524
213 1.024605719674565
214 0.965556753456118
215 1.054119712545624
216 0.945852088672196
217 1.068135217868874
218 0.945039210459744
219 1.042585955781472
220 0.990031266451461
221 0.944878048797422
222 0.977670545771919
223 1.020948724093761
224 1.009882203973159
225 0.977402166148344
226 0.998544259254094
227 0.937697188794807
228 1.101996638653766
229 0.987334083651622
230 0.950496937029976
231 1.037152450193641
232 1.097317421384486
233 0.914826663389159
234 0.967283590037453
235 1.029780661699842
236 1.021194269015313
237 0.952059056523692
238 1.015863088072555
239 1.002800970268437
240 1.049881641440687
241 0.948196635888179
242 0.996636043101218
243 1.042403309666212
244 1.006020083136747
245 1.004877973947315
246 0.946533557380082
247 1.050222506323566
248 0.979696809671983
249 0.968757133905014
250 0.946549005047367
251 1.081537197492704
252 0.960559284945911
253 1.016010747023244
254 0.964716782064813
255 0.897739076043076
