0 16351.090284598214566
1 0.004558373968225
2 0.003936904014121
3 0.004022159994067
4 0.005946805215060
5 0.005367220597376
6 0.005572667087455
7 0.005965246686091
8 0.008266995876706
9 0.007173259868136
10 0.007702617493567
11 0.010142362839506
12 0.009379106703482
13 0.009945993497159
14 0.012041326738663
15 0.013686327366183
16 0.013029543491008
17 0.014042686822702
18 0.013078499539766
19 0.014604147979902
20 0.014255307732681
21 0.018208696643402
22 0.016898794935155
23 0.019662314855712
24 0.018236003045342
25 0.024613267867052
26 0.018027758406596
27 0.020757620533129
28 0.023459040743067
29 0.028170598728195
30 0.027726008354609
31 0.024474851192732
32 0.028999052566102
33 0.030518312097883
34 0.037019478149413
35 0.030311005528531
36 0.040863227718658
37 0.033076211926188
38 0.038653521767477
39 0.035823173893939
40 0.037701366325015
41 0.048469636213740
42 0.043928125363998
43 0.039837921880942
44 0.045987821202100
45 0.053533169922529
46 0.048012558532843
47 0.055809428764636
48 0.052223346817245
49 0.057954405632263
50 0.062263032894963
51 0.060235814084257
52 0.055914925634306
53 0.061412304961474
54 0.070147977704238
55 0.073621997230769
56 0.067096999619879
57 0.079596990359387
58 0.078224625573079
59 0.097072713416370
60 0.080980452492053
61 0.089419946696185
62 0.104704374350231
63 0.105767078181315
64 0.104298810861042
65 0.099996224084776
66 0.131869710261268
67 0.137552731929030
68 0.144080674166720
69 0.155267955902060
70 0.236521627273754
71 0.283131098110108
72 0.450615738201037
73 0.544165731312908
74 0.958580617427516
75 0.920775774074006
76 0.860878051851209
77 0.740204997549091
78 1.145836960126958
79 1.107595223023542
80 0.785690181142785
81 0.985939610574713
82 1.020964434435950
83 0.897874303800335
84 1.037899627980679
85 1.011982375392277
86 0.848098385587763
87 0.938641194265258
88 1.054995563872641
89 1.002307609841325
90 0.898986790183149
91 1.217125843732470
92 0.963887917479690
93 0.825690616142796
94 1.031687215515231
95 1.077026047645950
96 1.007909323507363
97 0.927003189391517
98 1.087825695816161
99 1.088774210030830
100 0.897320126445570
101 0.919419717386022
102 0.900738170055033
103 1.005784488951994
104 1.134582894571341
105 0.936239390313186
106 0.947416850948498
107 0.975098392527796
108 1.039680414433111
109 0.960489375602527
110 0.969178811463120
111 1.079838967688946
112 0.908771404234730
113 1.039457707870554
114 0.937922276938626
115 0.984944949736528
116 0.951603511516739
117 1.093689434213468
118 0.873572373806022
119 1.137218750640663
120 0.890184060647554
121 1.020183873039719
122 0.866800715957646
123 1.035419427463590
124 0.952371164290024
125 1.002347900586117
126 1.025137910497288
127 0.952072670884218
128 1.086950833130852
129 1.072407488614204
130 0.943753289775845
131 0.895360431066289
132 1.176169369964671
133 1.013890992308986
134 0.946606721184574
135 0.916921696168572
136 1.036286573742164
137 1.039762372195908
138 1.018004829914852
139 0.882043467513662
140 1.220233407040129
141 0.925729663853964
142 0.960835292493518
143 0.961391420327899
144 1.037188987674412
145 0.973849193068428
146 0.984086391001834
147 1.050451278340320
148 0.944857541893133
149 1.112668635812841
150 1.006605005526459
151 1.026051341481033
152 0.948289725690921
153 1.083625589034239
154 0.976353959316981
155 0.988170052532130
156 0.862546203249239
157 1.054583060838343
158 1.049152680882882
159 0.925040711333748
160 1.008316503299552
161 0.997563152493498
162 1.008288688481819
163 0.945217437576973
164 1.017791594222867
165 0.960613167571965
166 1.017712314561101
167 0.943410809038486
168 0.977021110580162
169 1.029384835408258
170 1.076020157436181
171 0.927381895797254
172 0.947671563983192
173 1.089722253242012
174 0.981447049461220
175 1.005919070534244
176 1.018869145322117
177 0.949633051826975
178 1.028012989550435
179 0.981070653618568
180 0.910364733449013
181 1.065732670546437
182 0.972378814042538
183 1.053080536670894
184 0.938427622820687
185 0.996470231598160
186 0.987998556960718
187 1.053406304677112
188 0.942022983959255
189 1.014248801990570
190 0.946065133855108
191 1.033193254764298
192 0.970956993086975
193 0.992291433894311
194 0.974148287152993
195 1.063510081055826
196 0.973619100119634
197 1.019217809626771
198 1.046677690884258
199 0.964223887707049
200 1.008391881728585
201 0.941169357529950
202 1.101825078440011
203 0.972552904119565
204 1.013855520355148
205 0.879546769645729
206 1.029037135508835
207 0.997945848530675
208 0.936268252733714
209 0.972769823249652
210 1.010179913571037
211 1.033744632755538
212 0.938858996950894
213 1.025412340261139
214 0.967082679146204
215 1.053398791073783
216 0.948829982534674
217 1.070473261859459
218 0.945947133361724
219 1.043462641340521
220 0.991850473733569
221 0.945500072136884
222 0.978457400457314
223 1.022444414609715
224 1.009295794699614
225 0.976869507171952
226 0.997649900884158
227 0.939432727977911
228 1.102543576898682
229 0.987481935628008
230 0.950737088463643
231 1.036812760894596
232 1.096886438245351
233 0.914851821233861
234 0.968050997677387
235 1.030069095042793
236 1.020240281341020
237 0.951339610609995
238 1.015591249135788
239 1.002274606538065
240 1.049384973220043
241 0.948008687102504
242 0.996629192618009
243 1.042427420505205
244 1.006157660174461
245 1.005474239420231
246 0.947091441683041
247 1.049363245604900
248 0.979393872829731
249 0.968045530574225
250 0.947178102867957
251 1.083276228467089
252 0.961127185167042
253 1.016143389656736
254 0.964153772012409
255 0.898532014799475
