0 16351.098300781250146
1 0.004591618115961
2 0.003894822383795
3 0.004007404998595
4 0.005984704843755
5 0.005428562357067
6 0.005545649662857
7 0.006016080384940
8 0.008310512013763
9 0.007186960520928
10 0.007720540725711
11 0.010175627102690
12 0.009369968173750
13 0.009939504647395
14 0.012051061031708
15 0.013698632639498
16 0.013118086818095
17 0.014061346039847
18 0.013077304389089
19 0.014627206701027
20 0.014299627505471
21 0.018221806953442
22 0.016908950733568
23 0.019726896170995
24 0.018323267795241
25 0.024606424150317
26 0.018080152754580
27 0.020783884279345
28 0.023452842734170
29 0.028186643306006
30 0.027796771506040
31 0.024446091532962
32 0.029076645787614
33 0.030529126089268
34 0.037125566995059
35 0.030416054457299
36 0.040898213482205
37 0.033113010772761
38 0.038662222190150
39 0.035608788267224
40 0.037589105184869
41 0.048635812451403
42 0.044044185536106
43 0.039957155330889
44 0.046194967780706
45 0.053683175238568
46 0.048206352361657
47 0.055906001741961
48 0.052275133750872
49 0.058107563790254
50 0.062078671116056
51 0.060320436028679
52 0.055984723056150
53 0.061528740824301
54 0.070164297731275
55 0.073739726204909
56 0.066980486649959
57 0.079529029103576
58 0.078145953533322
59 0.097222647428940
60 0.080895441638315
61 0.089464148357073
62 0.104970992658758
63 0.105787316149411
64 0.104444646318564
65 0.099773033018725
66 0.131902249160068
67 0.137414468754623
68 0.143726366186994
69 0.155227452284615
70 0.236704764844911
71 0.283733138500725
72 0.450735462536969
73 0.542741634521573
74 0.957179651246026
75 0.920731590862040
76 0.860175663719906
77 0.738916509648367
78 1.144749788422369
79 1.106353421866746
80 0.784418127454668
81 0.985347294999871
82 1.021809543704149
83 0.897664911499302
84 1.038090008140635
85 1.011326187553484
86 0.847931686832137
87 0.939100349188225
88 1.056526314594599
89 0.999929359779016
90 0.899878303989153
91 1.217825170820506
92 0.965219631011465
93 0.824983659037718
94 1.029874847140334
95 1.078647296619392
96 1.008230313299415
97 0.928465393699953
98 1.088190582680987
99 1.089580563054758
100 0.897399209099211
101 0.917579578794151
102 0.900046021541213
103 1.005390881773448
104 1.136701291611357
105 0.935886414500575
106 0.947364062835723
107 0.975314075729589
108 1.039778027742467
109 0.959223673421304
110 0.968454353640543
111 1.080208512324254
112 0.908463689044442
113 1.037587571808964
114 0.938591197312833
115 0.985560285309977
116 0.952008730304724
117 1.093242053935507
118 0.873316936425800
119 1.138560717984093
120 0.890105049862340
121 1.021428098048535
122 0.867720504062655
123 1.036902952268627
124 0.953205793902506
125 1.001545270938821
126 1.025736197132319
127 0.952453345433711
128 1.087569098884354
129 1.074995724501415
130 0.943376688482070
131 0.894417070626401
132 1.177028473680445
133 1.014599313200212
134 0.946422642952836
135 0.916494548984868
136 1.036898006621829
137 1.040018287546360
138 1.018719734302186
139 0.881536955085281
140 1.219801352518853
141 0.925054884353897
142 0.959929301225651
143 0.961179525671924
144 1.034398448544735
145 0.973547430482610
146 0.982339768755323
147 1.050455505708094
148 0.944966451576453
149 1.114250195178102
150 1.008513391229872
151 1.027320238906515
152 0.948652537841282
153 1.085512819295049
154 0.976476862119797
155 0.986658381119625
156 0.861823005105345
157 1.054817300529486
158 1.050232723501570
159 0.924682619594002
160 1.008009792890884
161 0.998804837440636
162 1.007713741518283
163 0.944364339558243
164 1.016316819799768
165 0.960772538640011
166 1.018085565604831
167 0.943521814050483
168 0.976951191028367
169 1.030868880012520
170 1.077297908447637
171 0.928366030583438
172 0.948983351730570
173 1.090957156821251
174 0.983086681925756
175 1.006600793039199
176 1.017810393971360
177 0.949618394028128
178 1.030305647859277
179 0.981986679726366
180 0.909665359258426
181 1.065395170951312
182 0.972231306644435
183 1.052154831087792
184 0.936943832215071
185 0.996022633619786
186 0.988989621533668
187 1.052416118609649
188 0.942057868079060
189 1.014422877577422
190 0.945077759573803
191 1.033748784855757
192 0.970836402208370
193 0.992243986464866
194 0.973282778383796
195 1.062623428701722
196 0.972707532858698
197 1.018267479505366
198 1.047295385249672
199 0.963706608970214
200 1.008153782928931
201 0.941437777453579
202 1.101138665473026
203 0.972783829124036
204 1.013923951548998
205 0.879259297962046
206 1.029702040476019
207 0.997282738001906
208 0.935140313644038
209 0.972203023190642
210 1.007975608779377
211 1.033201612853420
212 0.939854919167303
213 1.025806167001605
214 0.966809443728979
215 1.052602059866941
216 0.948558400785482
217 1.069678981670735
218 0.945808364890846
219 1.042828560863568
220 0.989768716056090
221 0.946046528127697
222 0.978982502596865
223 1.023128431829664
224 1.010450548932555
225 0.976094146161673
226 0.997691566360597
227 0.938836099856251
228 1.100304256961593
229 0.986284263766400
230 0.950468207760350
231 1.037527362679242
232 1.096197649115284
233 0.915073266009846
234 0.967359237172907
235 1.029287220365871
236 1.020519986856116
237 0.950587183258535
238 1.014175398072172
239 1.001932139954868
240 1.049694494933006
241 0.947567760549559
242 0.996534293049808
243 1.042986830752867
244 1.007946188088173
245 1.006142237331123
246 0.946614478415329
247 1.049831812210017
248 0.981014128836790
249 0.969088073773793
250 0.947133533245566
251 1.083956732361928
252 0.962004250833333
253 1.016617167077764
254 0.962675332105503
255 0.896316926060150
