0.118909 0.238998
0.974041 0.710668
0.996691 0.762469
0.475741 0.967835
0.330322 0.47437
0.790923 0.0189072
0.0100301 0.548163
0.826759 0.662629
0.419916 0.297076
0.514734 0.213086
0.239977 0.114375
0.926039 0.464514
0.234971 0.419441
0.276921 0.710723
0.478125 0.52431
0.262273 0.882282
0.590339 0.135799
0.663964 0.143455
0.841315 0.487437
0.447126 0.976653
0.909669 0.494608
0.0176175 0.742761
0.864488 0.502983
0.104655 0.450178
0.468963 0.0772073
0.945162 0.392961
0.253801 0.292436
0.374496 0.969253
0.328305 0.34977
0.819106 0.295864
0.532838 0.257677
0.4904 0.764657
0.0581207 0.290418
0.699116 0.903323
0.913356 0.95231
0.752127 0.409578
0.793082 0.0100109
0.418498 0.0171738
0.726895 0.585992
0.221444 0.557865
0.97977 0.383015
0.543421 0.730389
0.664742 0.395058
0.641857 0.340292
0.423472 0.283922
0.535074 0.188984
0.891067 0.307441
0.406971 0.0629142
0.88501 0.885085
0.723345 0.991105
0.817749 0.705875
0.883751 0.829119
0.530229 0.613386
0.635119 0.407908
0.959221 0.250588
0.0347173 0.715777
0.992804 0.786047
0.811144 0.510235
0.821865 0.66119
0.0769853 0.17394
0.67527 0.649983
0.492479 0.715771
0.224814 0.0771473
0.866322 0.395806
