0 16.000000000000000
1 0.087952808018386
2 0.726679494423520
3 0.565138326870075
4 0.849496159499489
5 1.295983872355179
6 0.695149847585237
7 1.311799484549999
8 0.975043328257354
9 0.826500564453248
10 0.910537543977514
11 1.039742824984967
12 1.164255205463742
13 0.878972570926817
14 0.992772068042858
15 0.974774489086210
16 1.233133439299225
17 0.874392892055015
18 0.941997819717119
19 1.092020713386945
20 1.050050854782656
21 1.041361329895862
22 0.650944655807465
23 1.134427174712672
24 0.953329003226753
25 1.235568622661592
26 1.028005677812004
27 0.860424112895639
28 0.943575358786021
29 0.756656714918917
30 1.310892446080801
31 1.110829481768087
32 0.803836031092030
33 1.102983887516932
34 0.886502104035705
35 1.069002326667560
36 1.102648325703949
37 0.900499189125836
38 0.992233392233189
39 1.158537154948527
40 0.767912926624835
41 1.201645693143692
42 0.774472285852757
43 1.183039027188020
44 0.851113254257980
45 1.058360581266529
46 1.013927324276538
47 0.894434688308417
48 1.120504250974190
49 0.935717444081353
50 1.029028405196391
51 1.061011440942739
52 0.925718292763207
53 0.911051420670093
54 0.907123949098794
55 1.150566650184640
56 1.056818176961245
57 0.895619981988945
58 1.021296975467489
59 1.078106380565432
60 0.942220095422328
61 0.971776079597150
62 1.023867931811644
63 1.099634940193076
64 0.952780343184079
65 0.916196324961757
66 1.120556513697858
67 0.962908779488885
68 0.902422503986243
69 1.160085480026829
70 0.902754377492702
71 1.090024383269628
72 0.969079980881729
73 0.881995742263021
74 1.108794397350893
75 1.076024640318736
76 0.983410576932202
77 0.868623835491448
78 0.979360777883642
79 1.045828595198209
80 1.161582711487297
81 0.815791206762639
82 1.030070556663846
83 0.942976343348573
84 1.183127651541012
85 0.824892807718736
86 1.046671603838238
87 1.013562195506314
88 0.954999161486066
89 1.161700005780519
90 0.870771591923841
91 1.055855597011514
92 0.886268962470244
93 1.003477592925438
94 1.018348376232955
95 1.097919964379562
96 1.041403442298034
97 0.833287839534058
98 1.044734890143596
99 1.096725866511645
100 0.901417975861738
101 1.034732369497286
102 0.979223557676440
103 0.982117713118869
104 0.928259908137327
105 1.170615268425419
106 0.989612579789435
107 0.917100546177565
108 0.904946490166282
109 1.019282258356820
110 1.204035305746328
111 0.879661423783702
112 0.965521532679468
113 1.120802842067376
114 0.863155060603841
115 1.097665196296200
116 0.932992140944263
117 0.992732507294524
118 1.049892273209200
119 1.001968389411665
120 1.011920873757391
121 1.023748462673911
122 0.979594274489927
123 0.961885387824296
124 0.917945009252760
125 1.166533862560336
126 1.029619326698593
127 0.806843380951985
128 1.075380792201456
129 1.025431104114572
130 1.082156856358842
131 0.863642831806947
132 1.042655111255294
133 0.963260670220147
134 1.062972285009679
135 1.068505338429540
136 0.899550627577984
137 0.934773929806773
138 1.167703000888836
139 0.940795407315261
140 0.996510421107914
141 0.972402458716346
142 0.966639766824171
143 1.094853994743040
144 0.950578698864465
145 0.997818492712726
146 1.074589084955203
147 0.875215250487399
148 0.968055811625555
149 1.128144452859609
150 0.906638652170256
151 1.118619226515859
152 0.884990259585437
153 1.086138293898500
154 0.944996184480304
155 0.995823943779613
156 1.061549100486077
157 0.892328680956024
158 1.160400802658511
159 0.929401431486180
160 0.992138364706585
161 0.977834689399559
162 0.951221850584462
163 1.060454213789070
164 1.005942953791268
165 1.060986600401525
166 0.849304934893620
167 1.046772636716585
168 1.172064862974544
169 0.943330669721762
170 0.928979178753614
171 1.027284846614844
172 0.911468191424600
173 1.060262546832832
174 0.980521254378064
175 1.099355006644215
176 0.979366177178329
177 0.936609475220758
178 0.898594432325769
179 1.145350467782247
180 0.956316223764987
181 1.016655209179897
182 1.033104813574940
183 0.875461471492857
184 1.105211513955657
185 0.977588996511125
186 0.993421678507953
187 0.943953327713277
188 1.079017384375316
189 1.085391499595671
190 0.884323684785452
191 1.012745488685247
192 0.973506181148931
193 1.066769812212841
194 0.997285818764128
195 0.997477287866675
196 0.930528911491954
197 1.017920591896354
198 1.022787408855993
199 1.052270937873389
200 0.991330316156971
201 0.939881004611764
202 1.009794207254772
203 0.906084177112003
204 1.130329993607104
205 1.018485277470305
206 1.002494550015400
207 0.912582578546568
208 1.037832373377146
209 1.065533263626470
210 0.942625527111539
211 0.963022207519408
212 1.072049053309242
213 0.944462612349163
214 1.081665011116537
215 0.898057492598366
216 1.086339758579371
217 0.848154659620032
218 1.100308070477016
219 1.051578471413839
220 0.946225555498909
221 1.026815813682891
222 0.921279913381469
223 1.067971579616066
224 0.983102840180574
225 1.052280358795327
226 0.937420029257347
227 1.005407590166523
228 1.021590348474214
229 0.935711578122050
230 1.073209860596889
231 1.028941648403606
232 0.938396832201179
233 0.996352049107155
234 0.994810068141034
235 1.043711350372156
236 0.996975390460011
237 0.948320036455408
238 1.057986609908761
239 0.994623591595691
240 1.005907010690826
241 0.944753188265273
242 1.011430013335755
243 1.079203243706761
244 0.986233838436531
245 0.986347562452296
246 0.928530225818808
247 1.094594514093517
248 1.039362184392124
249 0.897307043373397
250 0.932727131006011
