0 4096.000000000000000
1 0.002098453293015
2 0.008870697261885
3 0.012425180556593
4 0.037620978580026
5 0.030054352373310
6 0.059231969639395
7 0.043771945823990
8 0.211482629294477
9 0.090670393996132
10 0.104815455023822
11 0.129898037740339
12 0.137538507498829
13 0.182258011880497
14 0.248009251217317
15 0.214743796070057
16 0.246990584491144
17 0.316017006102933
18 0.315968818281523
19 0.324970667861243
20 0.314119232471498
21 0.370712089784918
22 0.335490256583725
23 0.600558290200410
24 0.861097769482190
25 0.609245236574257
26 0.464912645885494
27 0.634238681273337
28 0.940744496238465
29 1.002238368923905
30 0.493221470141866
31 0.896600318792914
32 0.581118996102126
33 0.641466955580652
34 1.006771136355900
35 0.448657962253179
36 0.809060075694323
37 0.642151475215953
38 0.747464989375922
39 0.536775498068450
40 0.933716315724827
41 0.665222525748433
42 0.531939966228104
43 0.671137587281562
44 0.946579134526312
45 0.906040523481631
46 1.372396492313720
47 0.764537656317163
48 0.902548189437398
49 0.730766265186929
50 0.660749878988901
51 0.903984659952180
52 0.901050778938414
53 1.011585644934026
54 0.962057831638231
55 0.882713621817573
56 0.740338648403884
57 0.792404235576714
58 0.832892246425786
59 0.805486683177702
60 0.798152290615331
61 1.216665079719413
62 0.987954236149949
63 0.913576129821986
64 0.955202314673318
65 1.027962610647372
66 1.095051798909151
67 1.187350976679340
68 0.996268858867418
69 1.090441160540830
70 0.959343825504827
71 0.919377295541856
72 1.549727505829992
73 1.104019554912975
74 0.946008668202378
75 0.857571481657188
76 0.671480355018285
77 0.843785119214961
78 0.799667140771402
79 0.689747750400444
80 0.810755929546034
81 0.877161081325914
82 0.943018543443344
83 0.834238455957171
84 0.894402713178580
85 0.915378609624164
86 0.982524965617060
87 0.983546256827747
88 0.833467768840919
89 0.956623535095616
90 0.941118721722136
91 0.845755580449205
92 1.165778851048235
93 1.216497070420152
94 1.102418238035386
95 1.069020636434507
96 0.881626928086619
97 1.025532720823112
98 0.721934487849238
99 1.016744324880562
100 0.870546334315060
101 0.946396726260981
102 0.921157647278189
103 0.959534140459245
104 0.813563916177441
105 1.017864423505121
106 1.104983608122978
107 0.997379380332556
108 0.810780254237131
109 1.079133357114038
110 0.898478587665932
111 0.935861907260190
112 0.872350373262302
113 0.992141587241330
114 0.982035894181328
115 1.266087631847189
116 1.268135724506943
117 1.198425570434647
118 1.265847328313729
119 1.105018780066651
120 1.533086068541454
121 1.180609037337297
122 1.055508624592261
123 1.007450235976231
124 0.920059921558834
125 0.872178204982687
126 0.911464104334615
127 1.022387526641609
128 0.940848141637043
129 0.970856091724386
130 1.232437407745649
131 1.017413531266372
132 0.997616124470832
133 1.021445325910983
134 1.143219651310470
135 1.108256807987987
136 0.977507205765882
137 0.953364026015801
138 1.046541529032874
139 0.932825776615675
140 1.017563468555945
141 1.005007519224158
142 1.007783237322995
143 1.022637432900980
144 0.984273158146688
145 0.870506259182860
146 1.175560633174273
147 0.840472046445137
148 0.928849675175607
149 0.755083735050955
150 0.860210334439757
151 0.960847781957361
152 0.853687274249590
153 0.932994010130050
154 1.059145396077343
155 1.101279746956665
156 1.043657930604588
157 0.963032835465563
158 1.116623270220189
159 0.976544915713568
160 1.026283636259555
161 0.898133294311155
162 0.899696945582569
163 0.935961538292341
164 0.882180298150419
165 0.938083223341734
166 0.969012717897712
167 0.948507329572559
168 0.996119321826568
169 1.066641224074099
170 0.946318258063923
171 1.052030345147334
172 0.900203494882180
173 0.908910065371780
174 0.873584675296028
175 0.985366508019306
176 0.820724159771531
177 0.881512194861302
178 0.984603967319432
179 1.069325211684300
180 0.946489732751996
181 1.054546217016446
182 0.913855091484951
183 0.996775838491499
184 1.031673205075661
185 1.071798997437325
186 1.106266594246777
187 1.082565291772156
188 1.108552364554618
189 1.063851622075622
190 1.009021882751404
191 1.082955046718793
192 1.336187225540942
193 1.165223788555884
194 1.214209496194702
195 1.130131366332191
196 0.982158663201894
197 1.205197756498773
198 1.140110874899477
199 1.100727604273745
200 1.108725189126890
201 0.979134066474740
202 0.973833343519356
203 1.005995464045955
204 0.996580995220439
205 0.884445200953847
206 0.958541470429305
207 0.861124126888519
208 0.883399435640081
209 0.925175365616755
210 0.892969053815435
211 0.970083652289726
212 1.138211746511082
213 1.016964155933063
214 0.912227664704276
215 0.975666957502215
216 0.911243975795603
217 1.089725355614986
218 0.981080980208472
219 1.046556446931158
220 0.911889143305351
221 0.911254214110239
222 1.023114195099872
223 0.984939251548885
224 1.087457876278482
225 0.982914848636789
226 1.048594522153762
227 0.961266369258281
228 1.075132278446939
229 1.096258099487409
230 1.171366772605884
231 0.906493138030644
232 1.027258535919614
233 1.019095511034530
234 0.964731759350630
235 0.991940436313629
236 1.078150525794395
237 1.034001473991236
238 0.998836918952435
239 1.007671207191824
240 1.185760675777689
241 1.104525508134263
242 1.114668960613828
243 1.061691914241191
244 1.059677033402242
245 1.092794536242758
246 1.022512108518261
247 1.024215745713812
248 1.077462202413995
249 1.055523046757614
250 0.879451208871470
