0 4096.000000000000000
1 0.003491324039748
2 0.012295237003717
3 0.020082840011886
4 0.028468693973021
5 0.054513011776932
6 0.056172792773491
7 0.059797697385829
8 0.288275605320174
9 0.106898943021745
10 0.087632798076974
11 0.118480350744310
12 0.169605959250936
13 0.150148122992650
14 0.216732483870670
15 0.147258668159927
16 0.195086485071110
17 0.265243112018635
18 0.260212805295074
19 0.243721486692457
20 0.288660296598851
21 0.361489694379381
22 0.415574065961930
23 0.506299173278206
24 0.544780170106450
25 0.545406659082553
26 0.574883737440746
27 0.716170372901925
28 0.716819529784319
29 0.862423870442022
30 0.600976920765205
31 0.851958556787485
32 0.708821639183870
33 0.709570614867429
34 0.864124831539711
35 0.698930367664965
36 0.775109224955157
37 0.697465453699135
38 0.710190130988578
39 0.567425799751982
40 0.968104667139070
41 0.847551898240260
42 0.832945249770834
43 0.788109911892220
44 0.886826790190961
45 0.850311901701486
46 1.112820845588887
47 0.912917838328657
48 1.354284827715846
49 1.119421071923484
50 0.958744832830684
51 0.937095027421392
52 0.885339174790453
53 0.852310178055997
54 0.856656524038305
55 0.792235379620199
56 0.730565787934921
57 0.699700217434218
58 0.789104483242444
59 0.961717158504424
60 0.705918500222887
61 0.931936233142480
62 0.692640715245294
63 0.756705856838232
64 0.745666834497472
65 0.799631861588423
66 0.959671336177309
67 0.693221855774460
68 0.770024507401518
69 0.843370662537833
70 0.740360293740785
71 0.721806623040125
72 0.841894498497245
73 0.882184061916507
74 0.929784330703870
75 0.852573737560305
76 0.856940154054524
77 0.860567129911095
78 0.996401319073098
79 0.934153298069588
80 0.898890168605202
81 0.819097193881896
82 0.952544653555418
83 0.942099226699128
84 0.953634345957769
85 0.972595306303337
86 0.977708039215878
87 0.966691034192901
88 0.870977346836981
89 1.072734173085031
90 0.872411723108306
91 0.885876465679902
92 0.960049504380978
93 1.104283536006589
94 1.002979630987435
95 0.931714419822138
96 0.930176148649629
97 1.036182979571929
98 0.830381956712174
99 1.000000029134234
100 0.871142390261325
101 0.943581278008414
102 0.852248023216240
103 0.904391928649642
104 0.862276581223702
105 0.757630024440979
106 1.207775198863316
107 0.960721849953035
108 1.062622265042812
109 1.126290778825987
110 1.178585685704967
111 1.288732806053109
112 1.036523953206046
113 1.012887724905297
114 1.051846641313915
115 0.965688785887607
116 1.020128739976577
117 1.046989216532032
118 1.099874047759910
119 0.933467198548250
120 1.200758771971879
121 0.983457824341999
122 1.069040254550306
123 1.058470075347482
124 0.965296648257505
125 0.921926044291153
126 1.001215988538627
127 1.068638903442896
128 0.970886506091516
129 1.004966677140945
130 1.159684392764107
131 1.065511997421285
132 1.115227186709652
133 1.083383760152765
134 1.233057473241855
135 1.570795225016845
136 1.330856311836863
137 1.164512213161047
138 1.113053516075760
139 1.003588515330790
140 0.970124296448954
141 1.051101366708453
142 0.938646159628279
143 0.952176242585741
144 1.009718597004726
145 0.978081840076149
146 1.048000342120318
147 0.928893585229557
148 0.980031200360923
149 0.959687049231177
150 0.953971181508249
151 0.957250958895565
152 0.901897786450354
153 0.910198262549695
154 0.888290047320550
155 1.051570862296069
156 0.932405796316070
157 0.881665652639612
158 0.991748371150498
159 0.932994901000783
160 1.023059205718079
161 0.927905125166867
162 1.009977305121372
163 0.990633032567825
164 1.031239228713946
165 1.071725555787346
166 0.987599741723942
167 1.088384472358887
168 0.905820156745533
169 0.988027973199520
170 1.035032851402123
171 1.094154296712176
172 1.043391884931760
173 1.009460148147203
174 0.904336199759500
175 0.969200637836196
176 1.032206389222811
177 0.959900021063349
178 0.912878890613198
179 1.049703316637171
180 0.910152993148966
181 0.874566119164523
182 0.928451304899729
183 1.029191349634032
184 0.950205418922979
185 0.943548384828145
186 0.994512881069162
187 0.987746969172686
188 1.070998433885117
189 0.978932437644165
190 0.996177703242810
191 1.023549013888008
192 1.056755236483651
193 0.925456387590336
194 0.966661693822039
195 1.063586317306355
196 0.877829341202263
197 0.986066721322074
198 0.920345009067926
199 1.007993498522966
200 0.941084907083134
201 0.975821741637058
202 0.865880789679883
203 0.985173314248692
204 1.007459349459000
205 0.941957472935818
206 1.035682821235958
207 1.039472887349325
208 0.954865277743283
209 1.039884221756535
210 0.915776289584555
211 1.011615159244574
212 1.025129026719231
213 0.952829549420719
214 0.983061121374126
215 1.046360217831130
216 1.014539583728587
217 0.979856230414686
218 1.002743231304194
219 1.174966185136385
220 1.058303476654202
221 1.038370129428631
222 0.996452966746099
223 0.987113592448027
224 0.988274050828946
225 0.920116815745891
226 0.966143289620311
227 0.911109634307627
228 1.037434019240923
229 0.937782317358133
230 0.987517783296720
231 0.949597869845028
232 1.056512304268349
233 1.027519131323478
234 0.952018356859504
235 1.000124863629779
236 1.005106623691588
237 1.033996579398109
238 1.105540340394257
239 1.068564213402827
240 1.148872778737963
241 1.047663658585419
242 0.990844050553977
243 1.037528475502625
244 1.113582195927868
245 0.973058092448688
246 1.186081548840624
247 1.062019689468795
248 1.014156783984870
249 0.982953242487030
250 0.853763740931935
