0 4096.000000000000000
1 0.001732148512108
2 0.009963713889792
3 0.018200489789655
4 0.033533772105807
5 0.071491411689858
6 0.056760809515053
7 0.055587333442584
8 0.336496645210129
9 0.114920626654244
10 0.075773312695065
11 0.135214192144272
12 0.139219422944764
13 0.137853065689778
14 0.206046959671265
15 0.153568061179350
16 0.216443425310083
17 0.282421071438150
18 0.280044927147761
19 0.270328722445818
20 0.318429541854604
21 0.402953774059835
22 0.308726665776537
23 0.596358581510156
24 0.722558249522322
25 0.709296103983266
26 0.768249614587526
27 0.818683992470525
28 0.848138745339102
29 0.801806176085254
30 0.753931581191840
31 1.028002512167703
32 0.816977086881009
33 0.806124861514944
34 0.834462647031848
35 0.781142987983723
36 0.937623819590713
37 0.783419048073275
38 0.795853460448222
39 0.581771367742015
40 0.770866285772834
41 1.028418756073785
42 0.958335052116045
43 0.902502712053539
44 0.875624262130774
45 0.926227550905246
46 0.942046897048817
47 0.828214961117494
48 1.227849307187286
49 1.443720237010444
50 0.917081527001689
51 0.781946325768020
52 0.842095824354922
53 0.842573881378157
54 0.826373304237633
55 0.732805196530024
56 0.688410113775249
57 0.575140757714521
58 0.686908502799161
59 0.777895744796961
60 0.588505485708201
61 0.834295513547648
62 0.702499503619859
63 0.673967029441718
64 0.694708433504074
65 0.806212017621950
66 0.942830437976629
67 0.710670054437817
68 0.737923836034194
69 0.801022134643221
70 0.714471252191249
71 0.757320411073425
72 0.785440566525445
73 0.875656988254493
74 1.002199979727366
75 0.895493945370978
76 0.945155429397668
77 0.952857957689214
78 1.042796120906047
79 0.872142915580774
80 0.823606701962477
81 0.807051326742837
82 0.967263006065467
83 0.934413068691292
84 0.972050465610459
85 0.917433434707237
86 1.002995801702818
87 0.868675895041422
88 0.807306206563739
89 0.973638978557557
90 0.813309439874025
91 0.876782947281872
92 1.008702046705901
93 1.090777390980445
94 0.898754968316527
95 0.824872399761938
96 0.748902087126927
97 0.905624674507074
98 0.763089208129991
99 0.886454681637461
100 0.805274803036683
101 0.905806874825677
102 0.850249102678998
103 0.905088480518766
104 0.926953092837556
105 0.747622724463868
106 1.366115424573975
107 1.027901830789507
108 1.230722062075779
109 1.225432825897905
110 0.992473382456547
111 1.398983641634471
112 1.023770048490812
113 1.098664445342029
114 1.054858271824390
115 0.920840158316840
116 1.069127307405936
117 1.090152965455279
118 1.082542559458177
119 0.939544412011308
120 1.136206304634169
121 0.987156703709757
122 1.168095260103142
123 1.151709871394641
124 0.943205171232426
125 0.925219938547892
126 1.058854994791643
127 1.156012168551880
128 0.986778890379363
129 0.965478449857770
130 1.200136033347009
131 1.100134964903856
132 1.171420585271113
133 1.007875499317292
134 1.126126731388135
135 1.663829990423853
136 1.530915289333617
137 1.238563898378614
138 1.229235537323182
139 1.008883566904735
140 0.998652815783379
141 1.155913842855140
142 0.953119101922401
143 0.943906227109285
144 1.014216670641913
145 0.942170723113857
146 1.068369317862293
147 0.934194398791297
148 0.990811145492466
149 1.016264412959873
150 0.952098175923722
151 0.988814735119170
152 0.846862860056767
153 0.903771561850022
154 0.841869941567859
155 1.054086374185493
156 0.867774445475977
157 0.834380484517117
158 0.844352513140739
159 0.855835290699547
160 0.940703064950938
161 0.832210258772150
162 1.047349194795705
163 0.975574663612658
164 1.003413645078493
165 1.079242298449424
166 0.972423176661655
167 1.130882900092963
168 0.903673179849489
169 0.924425286074512
170 1.050406322259377
171 1.050091617833330
172 1.101712408373329
173 1.071480648474750
174 0.943033441160615
175 0.992043973314448
176 1.085910602180799
177 0.942221219328884
178 0.870071190575631
179 1.106661603008960
180 0.970768644961718
181 0.888383852994514
182 0.895692084670537
183 1.055216092236746
184 0.936537948255264
185 0.912528151203791
186 0.977377346472243
187 1.019433796763130
188 1.124258239895471
189 0.986160012422354
190 0.992116735187574
191 0.981084523236766
192 0.986362745239458
193 0.888231293641651
194 0.963632876910187
195 1.020601897434259
196 0.855833066451736
197 1.011815152070002
198 0.881544185558258
199 1.055245148452701
200 0.945603376903865
201 0.917539405159613
202 0.821267591220175
203 0.962586195170128
204 1.000791209735602
205 0.942777188315724
206 1.024913200767408
207 1.039575798935771
208 0.959959186376115
209 1.071925731230556
210 0.850733023465364
211 0.972175584321312
212 1.029692356734424
213 0.892746070331989
214 0.974287303118862
215 1.042257700863666
216 1.026202896104947
217 1.022107712891452
218 1.006050865173648
219 1.081958145370196
220 0.959554285764062
221 0.938383008687030
222 0.974956843995029
223 0.951549544883165
224 0.969262987520874
225 0.947034772234107
226 0.932491396110654
227 0.899244127493213
228 1.054005461700224
229 0.901751292471452
230 1.005938119311567
231 1.000483444180922
232 1.047299476081079
233 1.091847195409711
234 0.991907869560957
235 1.028024868280752
236 1.033629802735302
237 1.110910439103949
238 1.177105223860331
239 1.120006480890850
240 1.145812568344186
241 1.034137918748397
242 0.963939607747540
243 1.085130059568051
244 1.214054487432595
245 0.980160237999355
246 1.138115893975119
247 1.011306994356492
248 1.027905371013583
249 1.018403549395854
250 0.806912594551943
