0 4096.000000000000000
1 0.001415955018407
2 0.041311591654411
3 0.015022756762962
4 0.040370295662271
5 0.022324443311865
6 0.027163460995747
7 0.061130705973039
8 0.155747614135950
9 0.077399558975391
10 0.115374824399425
11 0.181128784961099
12 0.272357035024088
13 0.172655919287697
14 0.224093997572880
15 0.223592570441816
16 0.182713307843623
17 0.454581990086829
18 0.238646659422880
19 0.271300917051689
20 0.298088536787135
21 0.328435977426819
22 0.234004221929879
23 0.401716439410661
24 0.624962815031175
25 0.766076285407514
26 0.780586939837757
27 0.567771492359915
28 1.063630815402017
29 0.567240737132411
30 0.573761478228192
31 0.680037457134271
32 0.518313991154395
33 0.488593548964150
34 0.535001055922278
35 0.547412793346149
36 0.621032052387112
37 0.654688200362122
38 0.596031085316035
39 0.568275812798913
40 0.821261715790834
41 0.622239059415317
42 0.593899679976318
43 0.637991593732607
44 0.751311284173147
45 0.688155135666555
46 0.669547842425195
47 1.030187479974526
48 1.147619435842590
49 0.884630738653344
50 0.772237762733072
51 1.159945712983345
52 1.015246369975251
53 0.763855217993908
54 0.733126959830200
55 0.775349540571509
56 0.818723010417668
57 0.723002666056902
58 0.803093638179510
59 0.771130294883088
60 0.835371831194717
61 0.811587834442670
62 0.812617166502413
63 0.873916427909486
64 0.703218389981923
65 0.724427927418618
66 0.789282903047879
67 0.666546209388821
68 0.801026800987672
69 0.896531616213636
70 0.868885646933255
71 0.966120509577530
72 0.933657837670758
73 0.742233411474398
74 0.811400418528290
75 0.730835349554689
76 0.924343385089253
77 1.046083903874122
78 1.141703531366210
79 0.915295371390820
80 0.881575794156913
81 0.779505930477467
82 0.961084306668213
83 0.916464760527624
84 0.937724147383902
85 0.862947578551441
86 0.925435057962451
87 0.876067745714589
88 0.995392260436312
89 1.009312199069987
90 0.991099075409546
91 1.010207763475374
92 1.256795080606528
93 1.205780418501027
94 1.067509041789696
95 1.116703310284390
96 1.541196163959371
97 1.347085740988994
98 0.891555421291302
99 1.154463211468603
100 1.212885808211995
101 0.970110637437355
102 0.929542516450022
103 1.152422136752573
104 0.896754214425922
105 0.903762707122409
106 0.874757722612207
107 0.903660632560459
108 0.914536537918875
109 0.854200229488399
110 0.957832866370602
111 1.044821031141696
112 1.088531220013393
113 1.229616892044125
114 0.952523138943727
115 1.096373431998278
116 1.081593236655483
117 1.074140202424418
118 1.514847568981108
119 1.027708396583311
120 1.376061689254703
121 1.279960320549395
122 1.144902665070731
123 0.992756054838422
124 0.933151049080575
125 0.898572310233401
126 0.999003278878466
127 0.913714737574743
128 0.843204787837404
129 1.159024723844162
130 1.226745355062409
131 1.264186268298421
132 1.068640313223885
133 0.953483832464908
134 1.009319166467266
135 0.923492351646956
136 1.011889134911015
137 1.176193008355964
138 0.993735004244967
139 0.969337072443246
140 0.966981395792046
141 1.205397765352416
142 1.066145864507668
143 1.076674587788676
144 1.100274530605508
145 1.026312292486232
146 0.997001722791844
147 0.883542622473405
148 0.986254284481982
149 1.050618496546251
150 0.895987798765642
151 0.898867415297766
152 1.022692883621243
153 0.940851977679572
154 0.938191857769997
155 1.140776151348295
156 0.962086605852069
157 0.983126066268942
158 1.096445109094606
159 0.918975110027371
160 1.050666109587748
161 0.946370494038084
162 0.989954290659239
163 0.833431657009220
164 0.904614551633699
165 1.097866999017393
166 0.992487525321923
167 1.138731717095409
168 0.937886211437558
169 1.038303930853828
170 0.997652817030065
171 1.046082798057511
172 0.981593460879120
173 0.998164007812603
174 0.953593202384711
175 0.961361028458661
176 0.771300900805777
177 0.928820730532714
178 0.890218900625695
179 1.063259033089328
180 0.901894824696153
181 0.996999208301478
182 0.903438266726924
183 1.045560415618808
184 0.971919070243450
185 0.908715440902111
186 0.983159809757323
187 1.005959495677778
188 0.944761914637423
189 0.875327345571696
190 1.017461904770431
191 1.043107646865944
192 0.985650697786077
193 0.930989555002720
194 0.911855525629000
195 0.957603493854021
196 0.899648483503605
197 0.980056849276656
198 0.952484362989058
199 0.935149085994932
200 0.803729436676425
201 0.860360988526218
202 1.093851513578607
203 1.114450988512737
204 1.036895475884361
205 1.024598188511029
206 0.959752246364116
207 1.019294295288808
208 0.986477159070043
209 1.175106945742538
210 0.811747376552778
211 1.000225572485708
212 1.098767405363096
213 1.180640863938814
214 1.001571181044183
215 1.113887209815506
216 1.032474421878526
217 1.004114888219658
218 0.966335077240298
219 1.009377196199833
220 0.991076970009091
221 0.979272876017867
222 1.073574826272094
223 0.910743922974866
224 0.999614391419658
225 0.904290122140612
226 0.983196513089516
227 1.122934458563780
228 1.034068526272349
229 0.969652469659225
230 1.027086289549238
231 0.947429837032413
232 1.106028232035453
233 1.109185973304485
234 1.012643846514864
235 1.061526287967546
236 1.048763014232298
237 1.066174193439916
238 0.960146617003932
239 0.921280223148146
240 1.092767571677145
241 1.001321828843948
242 1.083466972477549
243 1.169817717343035
244 1.031416169152205
245 1.062767019497485
246 0.997637627364544
247 1.020074490531041
248 0.952492484202297
249 0.948148274945414
250 0.849808733829304
