0 4096.000000000000000
1 0.001112719867118
2 0.016872001634907
3 0.027398894273400
4 0.040647778879048
5 0.077023653904662
6 0.076847344972019
7 0.038524820787169
8 0.123391006604897
9 0.106282166308842
10 0.087281290338144
11 0.184595748387801
12 0.205766298161719
13 0.171969192903692
14 0.223403367084766
15 0.134957394754229
16 0.217496641019295
17 0.293695135277598
18 0.238234112205588
19 0.227668201661498
20 0.269966590342724
21 0.302820983865290
22 0.243349656140184
23 0.394160779303568
24 0.559886377278272
25 0.498067998090883
26 0.594618490922379
27 0.783281115836948
28 0.715641837207543
29 0.666394292231261
30 0.590489677776266
31 0.596181164289268
32 0.498094222721243
33 0.464895918712624
34 0.493862650286232
35 0.422345405151809
36 0.550443725778314
37 0.697543838371519
38 0.952443768851109
39 0.653450615585491
40 0.746680600433946
41 0.910866847695021
42 1.084906107290441
43 0.921339412720517
44 1.070684743121519
45 1.147590819101208
46 1.079452821369523
47 1.098789816336881
48 0.976027866145895
49 0.882458587479277
50 0.831040230111624
51 1.060081591740447
52 1.048812763336670
53 0.967173299148941
54 0.802808283302987
55 0.673981026909740
56 0.692912765363041
57 0.598992541376413
58 0.662297172145052
59 0.669377558692237
60 0.698144289478441
61 0.972965211380105
62 0.824028562448051
63 0.858902323037867
64 0.855091912088201
65 0.822489861880467
66 0.938498497636547
67 0.868968216140702
68 0.694196951393447
69 0.912747051432065
70 0.744564714482991
71 0.893619322493154
72 0.880230733165174
73 1.097925791242249
74 1.167937737599133
75 0.969891263054123
76 1.018463313645673
77 1.041959699766738
78 1.359659668931666
79 0.898059101656629
80 0.953044830483263
81 0.941984627843999
82 1.190528005830326
83 0.885569769837137
84 0.971580842935365
85 1.072429840724353
86 0.913123130735145
87 1.051759884617304
88 0.917715338473418
89 1.115539596003129
90 0.870603886784910
91 0.955600979076138
92 0.889814588392729
93 0.872988084244547
94 0.876359320929067
95 0.885624380259203
96 0.742923664942949
97 0.915371980422163
98 0.631473228394486
99 0.875564268212421
100 0.730133545706665
101 0.902716601948911
102 0.916839702429426
103 0.863662215869547
104 0.851711030404167
105 0.884017013555437
106 1.061905843925989
107 1.002851580789560
108 1.023270188401434
109 1.259312664896210
110 1.019598543950139
111 1.161531168443254
112 1.013656590096038
113 1.213007129413344
114 1.208659307015599
115 0.962333329335539
116 1.227124643528944
117 1.252084503530348
118 1.245376616864588
119 1.121409102237374
120 1.378107381334881
121 0.970269892960823
122 1.248886626302547
123 1.258620007421888
124 1.085007555935321
125 0.915858288121977
126 0.882878061822355
127 0.947687301784384
128 1.018826554264187
129 0.867369220452345
130 1.137668131861843
131 1.070935395323966
132 1.389197352779300
133 0.973869997346520
134 0.954448261386518
135 0.965178192083713
136 0.888038693592597
137 1.081273017539241
138 1.127391138526861
139 0.897046626550612
140 0.912754670356791
141 1.113161380530207
142 0.984286137494524
143 0.940779215094170
144 1.047472483763956
145 0.916994243079383
146 0.976716021620451
147 0.827835929758617
148 1.080777646423133
149 0.920906293350637
150 0.987174871769374
151 1.106767423737232
152 0.848650698607742
153 0.788732453545781
154 0.891256511163869
155 0.895190962166371
156 0.838164771383562
157 0.835517958215759
158 0.868710600691072
159 0.828123330434969
160 0.927125972048988
161 0.878934817285854
162 1.042965875237744
163 1.021508474470171
164 1.029884661906974
165 1.209691049727712
166 1.005046672005390
167 0.978821151272000
168 0.959409296151134
169 1.002953358731173
170 0.969097646344361
171 1.119269423599123
172 1.170030692265215
173 1.030908459664185
174 0.984868841541591
175 0.988994348386116
176 1.079804663040930
177 0.992601786519227
178 0.975577814219029
179 1.002066903638587
180 0.923477780434298
181 0.881273295887440
182 0.870361468141878
183 0.876864805530074
184 0.952335502606505
185 0.968191463737009
186 1.007549580748090
187 1.005974209028792
188 1.142762385608988
189 0.895517577637686
190 0.914023459510915
191 1.082442898761595
192 1.088843814210311
193 0.994509444167669
194 1.033294773533935
195 1.027100209105562
196 0.976920301254490
197 1.061574988930412
198 0.984725351139252
199 1.008894172519887
200 0.950177153847438
201 0.894457056172908
202 0.880504056343934
203 0.993786064912619
204 0.850495833596071
205 0.909264107142688
206 0.947847032346274
207 1.041739344916065
208 0.933784976054141
209 1.105009734596511
210 0.936906275232807
211 0.963751361575707
212 0.981577382648213
213 0.979424567765166
214 1.016442359716033
215 1.221917818969238
216 1.190520994074020
217 1.080322594127405
218 1.048001270150692
219 1.111311717571797
220 1.010515430584088
221 0.917075281636463
222 1.084007036249281
223 0.981268121804974
224 1.001461616856266
225 1.030590403490881
226 1.064407709136993
227 0.949281784691346
228 1.058562666095259
229 0.992764140607122
230 1.057507646235475
231 1.031295445611784
232 1.026420989384660
233 1.116371337192460
234 0.974428969464046
235 0.974796777579393
236 1.040297782216173
237 0.995377237633674
238 1.117056056639351
239 1.023515258860691
240 1.228536656064582
241 1.016835143012082
242 0.992131966629835
243 1.143513793189332
244 0.993047205820529
245 1.000990239899192
246 0.937098313105490
247 0.961929015969125
248 0.968713667790344
249 0.980308751986770
250 0.832314921519156
