0 4096.000000000000000
1 0.002852554762661
2 0.013640019550947
3 0.014593938767876
4 0.025540056865097
5 0.054103767921627
6 0.034264560182034
7 0.071523969019533
8 0.198885638285182
9 0.090410972942753
10 0.125846859196714
11 0.154338264813474
12 0.216768667132997
13 0.225255313041253
14 0.191164449700146
15 0.178909696618011
16 0.312572360594233
17 0.323809345292039
18 0.267522293077543
19 0.237758583780655
20 0.484476473362171
21 0.313371491740229
22 0.375572103993866
23 0.504150376773480
24 0.493798691312924
25 0.444631019818366
26 0.717361382882292
27 0.607637915474054
28 0.679624206681919
29 0.631302514660393
30 0.628505436481305
31 0.697649110592183
32 0.562078265969613
33 0.532630272281961
34 0.662566935182928
35 0.475247293397197
36 0.658812078220333
37 0.618294009902234
38 0.684989479833344
39 0.612860261649772
40 0.589031134897295
41 0.799666781000568
42 0.905687922541083
43 0.934085452266140
44 0.973361384622911
45 1.082618915549884
46 0.884006784165344
47 1.155091342524347
48 1.667367007135734
49 1.058059873544677
50 0.875393437487260
51 1.112819450217513
52 0.997516801126619
53 0.986488130567640
54 0.798459864086550
55 0.644467552060624
56 0.583702469723525
57 0.710003750906944
58 0.790387526204150
59 0.677467430795198
60 0.738350101465045
61 0.774830459624910
62 0.765857218056900
63 0.881003113896830
64 0.670996033494714
65 0.777236142581722
66 0.950212786041778
67 0.807044293236882
68 0.967889688628586
69 0.853886054977025
70 1.082472247487933
71 0.930355618030132
72 0.829759121908771
73 0.822734905122790
74 1.078323207054969
75 0.686319295504724
76 0.881824863666642
77 0.991369512193684
78 1.152917647571776
79 0.862758961082580
80 1.068193243974590
81 0.958497842635467
82 1.008021549303120
83 1.087612785574442
84 0.930292959118353
85 0.832856972660682
86 0.899527439148206
87 0.930129855451792
88 0.900311239297168
89 1.085262784025629
90 0.839005249366188
91 1.011623239962771
92 1.009191712478466
93 1.105324589525677
94 0.939068741883676
95 0.844155783081143
96 0.984312478522001
97 1.253728730582733
98 0.760880246624060
99 0.983558448832559
100 1.008393218131554
101 0.853574794590932
102 0.871479915852293
103 0.959997996627563
104 0.911099205153712
105 0.941589747912310
106 1.030077892330753
107 0.890048432784265
108 0.843554637254331
109 0.927271072158003
110 0.959581730512134
111 0.822542035670333
112 0.920228358721832
113 0.960134728456463
114 1.020466873462107
115 1.020040110224198
116 1.147088921828570
117 1.429587505406000
118 1.554814726636983
119 1.144245211264670
120 1.258579378658428
121 1.148848942517796
122 1.365317676510053
123 1.056397964135730
124 1.089335322374530
125 0.935169569163643
126 1.057183968073053
127 1.054354072496264
128 0.956817382755506
129 1.083544615983553
130 1.165504470067131
131 1.156963392733267
132 1.132475970647219
133 1.088866977004679
134 1.265746783227883
135 1.187509824571505
136 1.051303622287446
137 1.044321400150829
138 1.175125845676230
139 0.978716011815516
140 0.962952560710839
141 1.082124830867623
142 1.022740355861693
143 1.040754964216678
144 0.986326193127422
145 1.029536639438290
146 0.849311584003050
147 0.747085688004806
148 0.909089899644107
149 0.985538165571520
150 0.886237199317473
151 0.808309119025638
152 0.993700297871203
153 0.744487279972082
154 0.931466339260456
155 0.988088893415254
156 0.892140730438974
157 0.966717304052567
158 0.940074955244513
159 1.041074927952997
160 0.900265581753638
161 0.903696385344012
162 1.053384785526536
163 0.960431832953364
164 0.991656146143067
165 1.040934942642201
166 0.955297319018372
167 1.006151915744975
168 1.059753860788502
169 0.970931911962957
170 0.841307282970152
171 1.015079397108233
172 0.959520975326371
173 0.979605233002740
174 1.005319539834652
175 1.021175904628845
176 0.948512809531295
177 0.965485745936922
178 1.011963651714116
179 1.150011028330304
180 1.023052703574680
181 0.908905361473197
182 1.013804896629623
183 1.029299793424984
184 0.957737092146826
185 1.079270101040747
186 1.022334594057381
187 1.018337994872895
188 1.126733913392692
189 1.036706828584513
190 0.931289093965976
191 0.978996855891879
192 1.005318660963881
193 0.987245580352507
194 0.968123753779048
195 0.946289930247081
196 0.907261025828785
197 1.016184652681914
198 0.852610828766248
199 1.042154423896067
200 0.985616886226606
201 0.942727001700587
202 0.982667199206937
203 1.023358200852455
204 1.020146339176128
205 1.024311085471007
206 1.083261236259191
207 1.101268125524360
208 0.972506899872927
209 1.116158044947013
210 0.983482948863286
211 0.985192006445801
212 1.136098877584385
213 1.027886398917381
214 0.962537642977347
215 0.951031405443772
216 1.013370287882532
217 0.877503526610061
218 0.896685421364054
219 0.933041321951319
220 1.021498170391465
221 0.996111911671820
222 0.975528417244958
223 0.919749402497126
224 0.938743861789963
225 0.896009970438387
226 1.050133031576524
227 0.902645395765824
228 1.052424191760744
229 0.933544292995351
230 1.002549512904087
231 0.956822162740575
232 1.061481302063738
233 0.959599311275552
234 0.889166791707696
235 0.974821472239082
236 0.885113354386781
237 0.939023536604844
238 0.998820395574013
239 0.926242964823596
240 1.093516043887870
241 0.956984660893282
242 1.080979832661779
243 1.005815861319463
244 0.882375569280127
245 0.922294778676710
246 0.958787081022339
247 0.920125398555990
248 1.062823690896564
249 0.979626450602010
250 0.880959024837212
