0 4096.000000000000000
1 0.001949580535410
2 0.013709283638594
3 0.022959935735803
4 0.034523844473989
5 0.042081376272460
6 0.086869329990143
7 0.067469224333839
8 0.117863207633174
9 0.072788791012389
10 0.077565345574156
11 0.109955049309134
12 0.146241243180883
13 0.160025862303170
14 0.244317160221342
15 0.138664288836381
16 0.196983551176805
17 0.270749924741464
18 0.295258287354736
19 0.334857640469142
20 0.270737708083062
21 0.228409243473997
22 0.217790421399273
23 0.363122495376101
24 0.454441302523642
25 0.385585695355112
26 0.371067829818748
27 0.528403666139076
28 0.609680180445484
29 0.628735281832553
30 0.450861744654762
31 0.593988593991946
32 0.552550678071171
33 0.594496122853582
34 0.814178248407898
35 0.505351600815221
36 0.530582026592800
37 0.683588742639528
38 0.669414598511112
39 0.493860838313831
40 0.777281135831326
41 0.675730536321338
42 0.646456414590216
43 0.678032174270974
44 0.870108472524001
45 0.762436815086065
46 0.935538581512882
47 0.832515329434843
48 0.745784260846851
49 0.895615630781498
50 0.575663061135733
51 0.870322179267368
52 0.683324679501669
53 0.850686980328578
54 0.784428719916361
55 0.676323181239193
56 0.852461632901876
57 0.809930560374234
58 0.904384519621087
59 0.889004590442503
60 1.089227216344020
61 1.188449496380390
62 0.952203503477845
63 1.184254107240713
64 1.294005841320755
65 1.090939277016860
66 1.339153043744017
67 0.926500175504166
68 1.102410172036758
69 1.157923029856737
70 1.119682551531731
71 0.914948779774304
72 0.951901874503097
73 1.021729447979078
74 0.969714099670151
75 0.785484520531965
76 0.861950390485539
77 0.987301077238859
78 1.017208832044303
79 0.923146501308692
80 0.909971818841407
81 0.895287951433182
82 0.914851362081454
83 0.925016560235824
84 0.981058751065730
85 0.756878503590944
86 0.733913015353662
87 0.855631798923542
88 0.671139395706361
89 0.852335085242662
90 0.909137012091279
91 0.930934785459225
92 0.826909342820414
93 0.878920000148308
94 1.137529384924125
95 1.064455215120381
96 1.009091397850160
97 0.998979776802956
98 0.795617903632334
99 0.937742109007898
100 0.941895372474209
101 1.101012952575275
102 0.953610604538259
103 0.922305304088525
104 1.057578445422593
105 1.035520806521714
106 1.108213732876587
107 1.241873971852555
108 1.009858342121991
109 1.117673340565914
110 1.106840909401100
111 1.055160453796492
112 1.136254870820830
113 1.047633514731949
114 1.156913062984171
115 1.153119159385636
116 1.107212126153850
117 1.206069909861746
118 1.099575290885226
119 1.043766726544239
120 1.164714785617699
121 1.020334165071945
122 1.060379328883412
123 1.050979030438359
124 0.904990515551809
125 0.887764129882034
126 0.924858995293552
127 0.974606850318667
128 0.799467937899487
129 0.902380315282137
130 1.058828047861917
131 0.967054340731622
132 1.063786606483234
133 1.133477983024441
134 1.093386683237033
135 1.154584013012316
136 0.907214964910237
137 1.034626664984063
138 0.933559014289844
139 0.970468790189379
140 0.901256001706155
141 1.014545562171215
142 1.038434977330874
143 1.172875580684372
144 1.090629718078120
145 1.104288545294236
146 0.997782522238130
147 0.925973291084231
148 0.992080250439779
149 1.084862021958581
150 1.013920052103088
151 0.828959339636258
152 0.999776581635735
153 0.865217569158398
154 0.882334923868275
155 1.000468253281483
156 0.850561158727495
157 0.991077070753971
158 1.043568909608866
159 0.918307273106780
160 1.070883232622756
161 0.873473840116140
162 1.009705339390042
163 1.017475393556083
164 1.034447150328618
165 1.067729628460240
166 1.069356163259591
167 1.166891140753094
168 1.009463954060727
169 1.065890717276836
170 1.054798041390826
171 1.067115503490528
172 1.072022291769585
173 0.922822293421605
174 1.036997347022325
175 1.010122813703286
176 0.937831542542375
177 1.032775289731555
178 0.930479180654646
179 1.018270864263702
180 0.864474114228459
181 0.923680598415955
182 0.901283521257502
183 1.038916045791703
184 1.100158473835830
185 1.033587529693397
186 0.937681335524265
187 1.078230046872058
188 1.037463031101009
189 1.125225121684321
190 0.949733361211814
191 0.935436191127156
192 1.104269223086431
193 1.034380157717745
194 1.014030752164384
195 0.983131779747633
196 0.866773163277552
197 0.954461767344370
198 0.990717569235287
199 0.923302688139619
200 0.961694096014572
201 0.943670531245927
202 0.987493613980312
203 0.918153480207100
204 0.956700742923413
205 0.972218166522507
206 0.901056043478777
207 0.982045548333347
208 1.029041972530814
209 0.959475682027455
210 1.081497028731623
211 0.989782176964865
212 0.982306157189611
213 1.027556686097151
214 0.976322154475651
215 1.125140065431165
216 1.099101268800100
217 1.016316279171818
218 1.025239037298799
219 1.040036497091862
220 0.931899428261727
221 0.939644718936572
222 1.084836785274366
223 0.991528258307326
224 1.035130162204638
225 0.903177087410594
226 1.072953929621320
227 0.949826739339817
228 1.045346160368839
229 0.996364153537011
230 1.024388741558189
231 0.906134335719782
232 1.115849171801205
233 1.076637661665050
234 0.888606957181709
235 0.966635201508923
236 0.923965014084551
237 1.019816567251993
238 0.970384932415843
239 0.973000418218032
240 1.149285541095785
241 1.076281717229898
242 1.073782976898581
243 1.058189636601730
244 1.028906697650679
245 0.974973018785925
246 0.906228314589427
247 0.974124912545154
248 1.031183027797175
249 0.991300812100259
250 0.782245011829897
