0 4096.000000000000000
1 0.003590944431231
2 0.013038574128323
3 0.020768052204965
4 0.029099175855088
5 0.053269751881959
6 0.055771765089494
7 0.055054571779408
8 0.255687728062972
9 0.100119102833821
10 0.089137774301826
11 0.114105403407781
12 0.168475303731325
13 0.154988093249594
14 0.246736659178288
15 0.159428345888908
16 0.204327233312316
17 0.259368230769476
18 0.254488441006449
19 0.246276423105970
20 0.285766121635596
21 0.369580423174359
22 0.456460412560452
23 0.551134037520920
24 0.619641062570539
25 0.555716676508514
26 0.533623778182031
27 0.719387609454331
28 0.811101203379499
29 0.916585000748948
30 0.539462870992634
31 0.769829161266435
32 0.632644180171290
33 0.666196387477335
34 0.791938743935051
35 0.646252947450077
36 0.693309658856365
37 0.673675047195284
38 0.677928810008254
39 0.535460255064301
40 0.956981267916004
41 0.797105412234218
42 0.773205646903162
43 0.771662035819245
44 0.831337776884247
45 0.805940210141050
46 1.088948511513211
47 0.890090958773573
48 1.225606881657121
49 1.042201354788957
50 0.840618942634685
51 0.944346635595404
52 0.865823737151821
53 0.831991553351815
54 0.831174508471051
55 0.768293233350066
56 0.744477537667646
57 0.713920777006486
58 0.781311988581769
59 1.009982091936194
60 0.751243457511415
61 0.939672834849782
62 0.751552800573115
63 0.797214303537211
64 0.748724852030419
65 0.836571878532901
66 0.943460449296253
67 0.682591784213146
68 0.777075429958719
69 0.898193652408233
70 0.760802051704775
71 0.727719736954160
72 0.828855855784855
73 0.870485815608350
74 0.934176270504446
75 0.852795436817467
76 0.840903115699626
77 0.906610726026810
78 0.956209106186900
79 0.954978887672378
80 0.926953447441511
81 0.828682910919339
82 0.933478003320273
83 0.944326758475613
84 0.959134139820836
85 1.007657353753093
86 1.074192006942853
87 0.998484032158508
88 0.933138749694123
89 1.142101510295112
90 0.988867937360380
91 0.923613099093785
92 0.972686295797395
93 1.183710294148846
94 1.083254570279941
95 0.978864371147914
96 0.971982706638192
97 1.085767682104480
98 0.886413872756219
99 1.015979096160079
100 0.921892076499866
101 0.981643482235348
102 0.861777374598379
103 0.966722459872094
104 0.862862776354878
105 0.765397811425239
106 1.211930509422783
107 0.979671981046502
108 1.085883933115743
109 1.120993089645786
110 1.231521489598391
111 1.265300062328631
112 1.030317066617567
113 1.003380652384841
114 1.049814896226561
115 1.030236753080378
116 0.991387594037979
117 1.021625349030249
118 1.090504780456778
119 0.888805739204422
120 1.174045944866940
121 0.966333058295106
122 1.037834080731989
123 1.057319343338693
124 0.929640048559177
125 0.877878445161594
126 0.968052136697297
127 1.039022749476007
128 0.933179228754766
129 0.968567302512481
130 1.102726453975518
131 0.985692385630183
132 1.031690966776142
133 1.013427503353342
134 1.188060341711656
135 1.560578128810976
136 1.299228181980792
137 1.152244662807725
138 1.094912016514850
139 0.957765915526127
140 0.950421869004030
141 0.998690613442040
142 0.904779700810842
143 0.956409160653501
144 1.010157614525355
145 0.971990285524181
146 1.033508740526991
147 0.914128850992204
148 0.965681300886073
149 0.977217996198423
150 0.950954269420330
151 0.930041946925190
152 0.927787731028709
153 0.891869213688828
154 0.876071609294858
155 1.112020047814077
156 0.923485462648139
157 0.920962456033956
158 1.019437566780679
159 0.942197965158207
160 1.002585336420069
161 0.913763132829872
162 1.007179700860339
163 0.989864938436602
164 1.003867477386088
165 1.030837643483599
166 0.969201173033044
167 1.082470760124966
168 0.904080430937487
169 1.011935181880850
170 1.023462736399283
171 1.088383105552210
172 1.029984259388219
173 1.020527109165220
174 0.935561528660722
175 0.971502144347042
176 1.038253223017930
177 0.989710244643669
178 0.917179095404801
179 1.076336717294256
180 0.926796947905283
181 0.935588452032672
182 0.932719441425785
183 1.070294607879128
184 0.987982039091298
185 0.968716475749643
186 0.987727591419151
187 1.014857323026835
188 1.081776818658984
189 1.000201114049339
190 1.022011479304684
191 1.025589388503380
192 1.055242753024124
193 0.950351420069410
194 0.965243360500708
195 1.070317678518163
196 0.905084874790988
197 1.006210676752047
198 0.935158347683871
199 1.018164266409834
200 0.948873256220096
201 0.980861377240810
202 0.892900621793884
203 0.978687336121947
204 0.994434737251887
205 0.942521525343853
206 1.033879502092718
207 1.011064642118967
208 0.955354892435525
209 1.040350624146618
210 0.941967384665057
211 1.017892448770303
212 1.018402053030388
213 0.975990637765846
214 0.972947776431803
215 1.036495156004735
216 1.012063325063171
217 0.978381677905258
218 1.008112304127649
219 1.174703462868224
220 1.054484270782114
221 1.047612858630551
222 0.978186413996512
223 1.009420701948923
224 0.994974300744167
225 0.935963694529896
226 0.968975491586976
227 0.910814296265226
228 0.994724575597989
229 0.927852396899219
230 0.998971582195794
231 0.925772437073820
232 1.040876286352542
233 1.015376451904230
234 0.942211750251810
235 1.003076189591112
236 1.002063544803788
237 1.040635404924517
238 1.097912267418951
239 1.046638812743560
240 1.114125846989663
241 1.029270241239862
242 0.981070926247438
243 1.008818873501346
244 1.091890985036191
245 0.977198070547196
246 1.232470044129505
247 1.046519925395675
248 0.989147805494956
249 0.964348563564034
250 0.860916531769113
