0 4096.000000000000000
1 0.003478101917934
2 0.013336953832788
3 0.021316816871790
4 0.030224656743815
5 0.053404526183852
6 0.055649722318873
7 0.054279562851707
8 0.268758151595875
9 0.099429795623336
10 0.095101538022439
11 0.118586110070006
12 0.161764789769598
13 0.161798114131722
14 0.249098061434342
15 0.158375654190232
16 0.200660264044407
17 0.268700508046859
18 0.263013241606680
19 0.257145512897630
20 0.313314440420303
21 0.373888492923176
22 0.459293180037420
23 0.582107982813959
24 0.641914808562434
25 0.569925920766283
26 0.560792518343817
27 0.709088558716836
28 0.792803588456841
29 0.898184211530538
30 0.536611849722270
31 0.763521931317201
32 0.618876281603548
33 0.647385137493135
34 0.762814162294617
35 0.626135235586697
36 0.677378941948046
37 0.654946121189020
38 0.676093937146243
39 0.542693934306160
40 0.936027595926818
41 0.782005769186493
42 0.738783893912951
43 0.751319477991318
44 0.808898139156115
45 0.794094401890865
46 1.080803844519173
47 0.920381793871511
48 1.239921589190749
49 1.014025612458099
50 0.840371899565850
51 0.969204263176677
52 0.858173574434253
53 0.823206557387669
54 0.824496906618126
55 0.757793074222449
56 0.723735996470268
57 0.702503591946833
58 0.798906776353665
59 0.990181269208851
60 0.745602002972922
61 0.923185034467930
62 0.758362903932726
63 0.817522806772723
64 0.743503732888252
65 0.833125927276182
66 0.964394586575868
67 0.691393520445772
68 0.787650342304295
69 0.945708628834512
70 0.765581696904523
71 0.757441035479922
72 0.840215215851279
73 0.892183440697346
74 0.927486375856397
75 0.840784345783812
76 0.826663973944774
77 0.917745131641651
78 0.985283332451495
79 0.945142261641624
80 0.914577304381044
81 0.833611952378396
82 0.929919262351084
83 0.918090140614697
84 0.962112995382215
85 1.011751184443438
86 1.071201401679874
87 1.006303037150208
88 0.926798163423152
89 1.150197568810938
90 0.991980745325108
91 0.942038487827443
92 0.971122738626490
93 1.178244107435242
94 1.094817602078214
95 0.996601407589005
96 0.989756630267664
97 1.119072734497844
98 0.912539555830350
99 1.013574269816591
100 0.927446504289583
101 0.994280790536349
102 0.867154393894917
103 0.983665812146466
104 0.880746779942954
105 0.772485868097659
106 1.198507965105254
107 0.997502715627554
108 1.065790708127302
109 1.093416516526948
110 1.189816462853919
111 1.239609476369427
112 1.013134707892064
113 1.003548657440478
114 1.064451209813519
115 1.066553904099228
116 1.036580689949004
117 1.051006939159143
118 1.085548103268706
119 0.912207208645287
120 1.169623689489428
121 0.984940670945640
122 1.052909458249442
123 1.059827565704196
124 0.934096836117373
125 0.870114723159868
126 0.963636192318793
127 1.037051727445429
128 0.927548352663044
129 0.971220543730840
130 1.101315303241031
131 0.988858615462800
132 1.037641951141661
133 1.018801121169272
134 1.184849569296269
135 1.494957050453366
136 1.259337321624730
137 1.152799996045472
138 1.091357486509969
139 0.973415520837753
140 0.971559451063454
141 1.021460862490448
142 0.913186882609073
143 0.971468950177792
144 1.006045031340480
145 0.960893177485648
146 1.030873133678099
147 0.906966704957102
148 0.961578889499877
149 0.976319019742564
150 0.957998784817999
151 0.915821259824449
152 0.915923689482810
153 0.886041172374390
154 0.892478269944499
155 1.099283346000083
156 0.928748502966151
157 0.918520071695532
158 1.014476290004301
159 0.936574278688597
160 0.983784524928317
161 0.915684469048274
162 1.023229251281847
163 0.985679743908574
164 1.009112165465512
165 1.020791306587226
166 0.965096936264815
167 1.075400853017981
168 0.900350791308867
169 1.014029981765813
170 1.020175773182157
171 1.088130976001921
172 1.017287401900286
173 1.009770296555424
174 0.923970131795258
175 0.973116537823257
176 1.028564762218800
177 0.999541381466144
178 0.925944137260987
179 1.068325812181284
180 0.922073661004221
181 0.946225954558000
182 0.949838385064489
183 1.076833181229961
184 0.992465437548985
185 0.958217788289955
186 0.994029219123849
187 1.024669562847723
188 1.072190454768237
189 0.995650802071549
190 1.017439421909748
191 1.026004706504006
192 1.058396280644062
193 0.948850180835415
194 0.971322093134034
195 1.057019148514397
196 0.902968897887801
197 1.000163990549914
198 0.932470291672090
199 1.009190374457659
200 0.943216628398028
201 0.979398377588321
202 0.893410950139576
203 0.981452049739802
204 0.998966172926352
205 0.946542914443757
206 1.039675522966832
207 1.015128596906405
208 0.954919110735322
209 1.038875544733667
210 0.949098970304552
211 1.023704363522068
212 1.020075986946003
213 0.981501445454891
214 0.976620715402169
215 1.034154305989767
216 1.001546262571793
217 0.985107583260815
218 1.011099049210424
219 1.166602353563073
220 1.049633088505494
221 1.045629573467501
222 0.991376252988230
223 1.004009969232645
224 1.001676545861745
225 0.940405858414391
226 0.976589688858136
227 0.910867623916489
228 1.007515387281515
229 0.933371383610345
230 0.994620806072024
231 0.930061632285927
232 1.045188861647726
233 1.010239239916664
234 0.943895734008220
235 0.991126196429866
236 1.002547947953398
237 1.038732943519546
238 1.084339490024926
239 1.033796986819864
240 1.101357688038816
241 1.028831565934448
242 0.978710898354244
243 1.003093740907401
244 1.079295130749766
245 0.968206631147960
246 1.217526591636584
247 1.033328031816543
248 0.988412029241371
249 0.966802427196028
250 0.851999882869545
