0 4096.000000000000000
1 0.001326694073943
2 0.005758124149415
3 0.013891347365653
4 0.012938833632071
5 0.026704408683431
6 0.013864770179720
7 0.073443540550920
8 0.105181584457170
9 0.048768968982818
10 0.128379337102663
11 0.045192173675369
12 0.118943389057226
13 0.126080790312871
14 0.126829056647640
15 0.190828885066528
16 0.259173537608321
17 0.245279131530312
18 0.212905548683021
19 0.180064486331705
20 0.336951908710583
21 0.209198402375641
22 0.257912231337435
23 0.388014922736763
24 0.720515469250765
25 0.329614499667752
26 0.415355377243469
27 0.489786733266864
28 0.529860896514918
29 0.538252437873677
30 0.799198318631777
31 0.409164860498599
32 0.322628163562306
33 0.407605325165668
34 0.477504887884408
35 0.734956008864360
36 0.850303624942208
37 0.411382512739276
38 0.730358711381215
39 1.068676740130934
40 0.488785345840363
41 0.527693540088278
42 0.375239946656797
43 0.388076362878950
44 0.339857934904960
45 0.499189497975517
46 0.472790696912532
47 1.244857774979184
48 0.709881458783046
49 1.192484527252164
50 0.923405144003935
51 0.621143580761534
52 1.064173407984667
53 0.656238985367406
54 0.691607522436717
55 0.822896142322545
56 1.198033484899549
57 0.875252050414102
58 0.682840966226487
59 0.501585310759712
60 0.705059228601353
61 1.736883131206184
62 0.763125627812791
63 1.355375276235312
64 0.902455027927865
65 0.780380812158304
66 0.939676425856749
67 1.372150519635492
68 1.813323634409209
69 2.172495453549517
70 1.257553434918195
71 1.840424318787552
72 1.173476512276648
73 0.811515158658214
74 0.817308243248424
75 1.493529231620379
76 1.033875747018913
77 0.861024666371727
78 0.818705304745223
79 0.623824300015152
80 0.920111932946220
81 0.648090233774973
82 0.780483758627264
83 0.803752251416479
84 0.598397044395066
85 0.568295958140424
86 0.836475199727362
87 0.756607182621715
88 0.624126509251216
89 0.660491917827457
90 0.602226409955852
91 0.706047966195126
92 0.635612579540804
93 0.798143111091809
94 0.677982632136620
95 0.774509631563187
96 1.046445910101227
97 0.475322794443331
98 0.539861401178367
99 0.746018632209772
100 0.667480478483062
101 0.957650847345101
102 1.086132129611207
103 1.091629333754308
104 1.468899445588387
105 1.490714544433160
106 1.127594620407350
107 1.080925657043678
108 1.529699540117047
109 1.255916268028751
110 1.070869943154596
111 0.821553704495972
112 0.874887192498006
113 1.005978986834702
114 1.200281275501766
115 0.904009273221028
116 1.084237147348199
117 0.850799044714094
118 1.250105812046615
119 1.180982655294652
120 1.552197615708519
121 1.269286594208073
122 0.794690085713558
123 1.038327230499472
124 1.255347418310458
125 1.105852154072109
126 1.040753287276214
127 0.899551336219580
128 0.908588074265595
129 0.962365665760394
130 0.971156507711859
131 0.817863850848935
132 1.053084510539511
133 1.151396395438819
134 1.053117929401536
135 1.311390669305430
136 1.034362085022773
137 0.856264699660035
138 1.160473746829178
139 1.092942852568499
140 0.883915139013440
141 1.157018889587248
142 1.120008055403409
143 1.085899118693905
144 1.018130901739795
145 1.099707000142095
146 0.863372948728479
147 1.178859061852488
148 1.466734346955370
149 1.129834807426922
150 1.002645995086000
151 0.919725390881466
152 1.191214492863002
153 0.710251857749443
154 0.990831366715992
155 0.771806417574890
156 0.833743940962672
157 1.031025408695950
158 0.923183731629213
159 0.968405440448456
160 0.811972551938058
161 0.769675363296245
162 0.847851569730427
163 0.855219087197634
164 0.913389000423448
165 0.783428554397126
166 1.232698748150460
167 1.092272736220839
168 1.061694554914908
169 0.857324287785506
170 0.962603392433842
171 0.901208754187954
172 0.773524695198698
173 0.776144644364378
174 0.778731228781964
175 1.231508051857223
176 1.358099304297917
177 1.428503806284855
178 1.290130476604235
179 1.058720504037335
180 0.988967519749497
181 1.017269539670296
182 1.234382462641263
183 0.801465747038672
184 1.150437271630701
185 0.722789780864379
186 0.894312005017576
187 0.682032374131098
188 0.808298011604113
189 0.899063458293697
190 0.777900689214938
191 0.721675759285826
192 0.855729259528037
193 1.071689061878323
194 0.768098814681958
195 0.860174261351118
196 1.011055067552333
197 0.795716449067112
198 1.153021034459926
199 1.092623483890769
200 1.069687931690491
201 1.088123373878426
202 0.837717710957518
203 0.810774703887412
204 0.942473966947527
205 3.571492353005165
206 1.439282575960100
207 1.177091087509972
208 1.487679946832506
209 1.203269344322556
210 0.877257674896426
211 1.060801821405128
212 1.165491348349306
213 0.680082701924884
214 0.895681685259446
215 0.671812785867374
216 1.031791653563965
217 0.937359502036567
218 1.057076747273060
219 0.818700551779471
220 0.809145198042860
221 0.772110703616158
222 0.669307904931921
223 1.033093875381749
224 0.614776533961650
225 0.806596436496037
226 1.016595394600273
227 1.227804477349860
228 1.105227826683056
229 0.820776643116241
230 1.101283458679198
231 0.944425035390081
232 0.841570689542515
233 0.698252000516085
234 0.961314687667651
235 0.880360216082444
236 0.860877029800881
237 0.932740042037498
238 1.176581635961120
239 0.921206417645377
240 1.004916487832658
241 0.834617573524217
242 0.943932815312944
243 1.092769792104600
244 1.021484195873487
245 1.654727464441282
246 1.278870016953147
247 1.578646271032471
248 1.149396936995056
249 1.200065622110064
250 0.895642140893291
