0 4096.000000000000000
1 0.003799257095006
2 0.012593682434729
3 0.021752966674291
4 0.030875567663924
5 0.056082940491276
6 0.054458558924741
7 0.056084228560909
8 0.277623850295939
9 0.099554147803360
10 0.088087656595093
11 0.116771885506504
12 0.172010347415836
13 0.157957640890607
14 0.235337885441051
15 0.158073993401012
16 0.197656608535142
17 0.264754979602164
18 0.256119617126031
19 0.256416935804504
20 0.288471579202720
21 0.382101895872038
22 0.477417699298085
23 0.503409776574566
24 0.610572242455316
25 0.559499267459966
26 0.533757525853252
27 0.750977329308270
28 0.851756950148443
29 0.945042320036526
30 0.550995291282121
31 0.812037398699359
32 0.672995388516233
33 0.693843024723376
34 0.827960036091073
35 0.681233200210584
36 0.728099545830021
37 0.685625147571942
38 0.695128547545090
39 0.547985995524756
40 1.000547624867306
41 0.844501567118676
42 0.796976929521605
43 0.761037908698681
44 0.835895328249576
45 0.819214254495921
46 1.081750298861658
47 0.882146858381479
48 1.262375354714904
49 1.067804883896180
50 0.889350664133259
51 0.913562057874272
52 0.868935395787381
53 0.828421309000346
54 0.840302531158264
55 0.775432613116076
56 0.713598058489080
57 0.693146789585457
58 0.772597987949867
59 0.974983305622922
60 0.715164726902644
61 0.912245455455511
62 0.708623020184884
63 0.750161041864041
64 0.728137771775463
65 0.814483198765633
66 0.932744893123848
67 0.673718661863645
68 0.747657991122329
69 0.879557233072466
70 0.750054256039288
71 0.700561717844078
72 0.837476122061827
73 0.854299133988305
74 0.907651871260760
75 0.849035168123496
76 0.837776330299394
77 0.884199251180767
78 0.961120831066849
79 0.968933712042411
80 0.924522965469073
81 0.831303402330024
82 0.936147865292311
83 0.964786352183245
84 0.959243766690703
85 1.007424546572314
86 1.088641600940422
87 1.005202065214677
88 0.931701918912696
89 1.126589772809176
90 0.969727441274021
91 0.903813117588028
92 0.974257830583178
93 1.204684665648280
94 1.039833587463799
95 0.928460690522296
96 0.957263426905849
97 1.086705145034445
98 0.879892185578004
99 1.012176658057890
100 0.911021276936740
101 0.973890393770079
102 0.854769502126028
103 0.947971997924695
104 0.856711581640926
105 0.740584819298690
106 1.191490887130071
107 0.954272227762194
108 1.074822917384307
109 1.136586193998809
110 1.230517390343867
111 1.328509919576519
112 1.035200703998286
113 1.022661313244746
114 1.048233508572579
115 0.941002553905413
116 0.981268489534775
117 0.993672315130036
118 1.054294540741867
119 0.893566558005595
120 1.144690256170012
121 0.956010494051284
122 1.043451421792464
123 1.058523174338200
124 0.950264068061441
125 0.906457181656214
126 0.984538102668991
127 1.060522263273057
128 0.948097267620420
129 0.981587372481267
130 1.122393361900961
131 1.012284955636739
132 1.062954687983589
133 1.034999496234571
134 1.230318144000250
135 1.624608072229506
136 1.367277212573823
137 1.192109324515976
138 1.120723990279964
139 0.971870167910479
140 0.944303523901483
141 1.026935813487054
142 0.908958639963909
143 0.941607060390575
144 1.000442308227979
145 0.968316468297953
146 1.048833271925231
147 0.917694297094249
148 0.971377439196979
149 0.976590563013323
150 0.938549826357912
151 0.938340353309492
152 0.892097147495076
153 0.889459547000932
154 0.872179030093571
155 1.126539302700571
156 0.938229381720357
157 0.894933561233636
158 1.014787852527592
159 0.931939054439628
160 1.013574966673604
161 0.916912708357747
162 1.012981848050165
163 0.987320064781317
164 1.006293357602825
165 1.035834186742379
166 0.967746422045987
167 1.077305237115702
168 0.907930593372855
169 1.001077230473263
170 1.010306388645156
171 1.091953389382097
172 1.032792922776102
173 1.024387394312139
174 0.915532120483353
175 0.975084923446706
176 1.047994338322344
177 0.981003008564472
178 0.923052587358689
179 1.083722460338686
180 0.910431609546172
181 0.916906174395292
182 0.929838617442525
183 1.063568835448126
184 0.981167641780529
185 0.975893749614204
186 0.993751810423846
187 1.000508579372437
188 1.080008522895562
189 0.991256634878152
190 1.009658900815644
191 1.019513298393050
192 1.040190420320360
193 0.933222061976308
194 0.968508356287998
195 1.073250941727868
196 0.914491052782281
197 1.014536939300314
198 0.931914379755652
199 1.020363414409324
200 0.938836352227308
201 0.983116359372867
202 0.881987867084847
203 0.969040466853705
204 0.999293753146131
205 0.938644215495295
206 1.029217693662314
207 1.013447445954837
208 0.963082439763078
209 1.030721046295454
210 0.941459388972967
211 1.014366266426672
212 1.014009852618533
213 0.967658026580823
214 0.975319553290133
215 1.038422251760694
216 0.999473556942432
217 0.970891672347649
218 0.998004112549921
219 1.192458434101544
220 1.064222819364401
221 1.061782746199167
222 0.991049737010786
223 1.008574625923227
224 0.997540385613206
225 0.934195433931501
226 0.965436799358215
227 0.907269986002327
228 1.003208335997626
229 0.928637477649982
230 0.985781199291353
231 0.928646423309398
232 1.038969738626295
233 1.007699854980294
234 0.936209970181320
235 0.993480574534688
236 1.007849977803053
237 1.020520443488248
238 1.085999038146743
239 1.046143186703516
240 1.125647207112049
241 1.037898315426302
242 0.981556721345223
243 1.016786516152765
244 1.113781759738458
245 0.989646462758689
246 1.285270145191197
247 1.065465537782079
248 1.002054535573859
249 0.978855927656402
250 0.857656181220399
