0 4096.000000000000000
1 0.003095689047915
2 0.012944869650879
3 0.015162801230371
4 0.036813572386096
5 0.052745050032046
6 0.029045584771283
7 0.042416566628397
8 0.199245807324619
9 0.080343225578378
10 0.081287242695974
11 0.096498606268803
12 0.133378651428911
13 0.106447712032354
14 0.200492498911259
15 0.138599644591743
16 0.223493480975091
17 0.305523504101913
18 0.265642465638181
19 0.287803020014223
20 0.310344530351367
21 0.512601262719025
22 0.340835864682914
23 0.542660641729900
24 0.685592634098851
25 0.509060675987000
26 0.560056876347378
27 0.613372756335912
28 0.790439733017261
29 0.766973368733226
30 0.810213105103219
31 0.582794770812941
32 0.675350654365705
33 0.631899854153219
34 0.820551458869666
35 0.738427739534204
36 0.745505405264912
37 0.674310540997914
38 0.874970604070079
39 0.704206065767768
40 1.017488064879695
41 0.777321272747719
42 0.748033756567439
43 0.650100356725006
44 0.614377145854244
45 0.787735129485107
46 1.013815750762020
47 0.935456997570721
48 1.321522304218978
49 0.707430827834602
50 1.008159490627243
51 0.722055465928426
52 0.856160819899892
53 0.828924621008736
54 0.683395726774624
55 0.652600935105086
56 0.742667866050477
57 0.733369280430439
58 0.581063368888776
59 0.746496187565906
60 0.728273576460997
61 0.968628715087763
62 0.743483697689164
63 0.748137976652506
64 0.777268012307053
65 0.719582604435324
66 1.163877242374690
67 0.772333898825633
68 0.845831441411667
69 0.889004380653381
70 0.842260044942454
71 0.786098086982474
72 0.941809786153820
73 0.979426618120656
74 1.011341650677567
75 0.933895019923518
76 1.009475174351980
77 1.068061083373436
78 0.896544823939872
79 1.101446604922880
80 0.897122728482446
81 1.024244253714525
82 1.173943948762291
83 0.921553025515721
84 0.764657339487197
85 0.849026436515886
86 0.952502828737569
87 1.052531090364159
88 0.788205163470159
89 1.219153249771876
90 1.037102249406969
91 1.069553115978021
92 0.861411216093077
93 0.888378106445138
94 0.979071451929503
95 1.140463716999251
96 0.993863817227506
97 1.060240225774824
98 0.809535142904454
99 0.871742840673530
100 0.851290549337673
101 0.898266449948183
102 0.802815394234689
103 0.902107821854362
104 0.824214480268272
105 0.939574392336238
106 0.974839975149769
107 0.837599582338777
108 0.807040255097223
109 0.920513175495214
110 0.958836734501266
111 0.971130533417146
112 1.038307155535303
113 1.133234124737504
114 1.145615286097115
115 1.543905720424764
116 1.385665199135678
117 1.106719955089226
118 1.115147193641594
119 1.102441026121912
120 1.509230661193686
121 1.141131125601980
122 1.105396107653291
123 1.157534499862988
124 1.000972606775888
125 0.860588728740545
126 0.921477752016662
127 0.958845966983723
128 0.895183392400914
129 1.162526014381788
130 1.307211626908445
131 1.218147480744147
132 0.968383901861438
133 1.074521498853630
134 1.227460140212804
135 1.203936466962653
136 1.019523791873946
137 0.996695710896596
138 0.987936509303438
139 0.980296012007738
140 1.131715780062399
141 1.066221961176790
142 1.006673950198352
143 1.126997515281477
144 1.113513729786520
145 0.994616705007225
146 1.115177927940924
147 0.927701904289319
148 1.132371375798694
149 1.036930370194655
150 1.022482235136973
151 0.762370777432973
152 0.845832883679922
153 0.816465439503455
154 0.912452327124611
155 0.989910688848595
156 0.956817663023808
157 0.931298421866278
158 1.037155607113472
159 0.909168376464706
160 1.114562262906254
161 1.030882268446485
162 1.101507716657788
163 0.898368186467754
164 1.031879157031068
165 1.149219126855635
166 0.962063156889387
167 0.940599114107513
168 0.841368328927465
169 0.895788447138790
170 0.991664713866136
171 1.090985254595904
172 0.976043987817561
173 0.995977272024887
174 0.903454332756200
175 0.976022675780969
176 0.855560563382989
177 0.962432687675946
178 0.951693514764700
179 0.993697523269839
180 1.001337279609081
181 0.924320123740073
182 0.825724176444153
183 1.025787013873693
184 0.942281418363310
185 0.993476857258157
186 0.986501638332634
187 0.968455547370519
188 1.059341664371491
189 0.901821275156942
190 0.983013574083094
191 0.897187560267280
192 1.068843943800386
193 1.078635484307894
194 1.076112776694265
195 1.038713132828461
196 0.936189910906499
197 1.004681588625650
198 0.968090254834503
199 1.007634675766417
200 1.019593578430984
201 1.119956577398222
202 1.023616310403257
203 1.068211009119283
204 0.958090956346007
205 0.910315494664481
206 1.047984375501936
207 0.920623773561224
208 0.942789560278447
209 0.972704468866875
210 0.985052854910056
211 1.053289764523706
212 1.051965060219724
213 0.934726273950602
214 0.905086284670778
215 0.935712503348269
216 1.007063569356458
217 0.969321272881622
218 1.017377820093483
219 1.088434109812452
220 0.929642183730496
221 0.926450433296729
222 1.024539939316544
223 0.974868708496186
224 1.037599172271729
225 0.928641903615277
226 0.919970962905724
227 0.937733489721702
228 1.079070957718948
229 0.984820799434870
230 0.984214403969816
231 0.936610780192077
232 1.281549743198303
233 1.045258145624695
234 1.018455310071418
235 0.960332069100103
236 0.993367374342152
237 1.002964310633632
238 1.040882986592498
239 1.049935938150077
240 1.175034867758151
241 1.010774592288660
242 0.939152471923751
243 0.968689266556981
244 0.957502764636727
245 1.041473338406212
246 1.098084719594536
247 0.946342547174700
248 0.880665931846959
249 0.979745422090165
250 0.918077292647922
