0 4096.000000000000000
1 0.002079863419929
2 0.012454195023690
3 0.018363488480136
4 0.029542141668765
5 0.078057575352596
6 0.072324228212722
7 0.064159304731019
8 0.437259296661050
9 0.116351566346359
10 0.081883513461544
11 0.155087610327132
12 0.165502176017649
13 0.139793703681437
14 0.214430513222521
15 0.159223039854763
16 0.228708792018666
17 0.321367824939565
18 0.290416298366930
19 0.298580463554962
20 0.276370415938508
21 0.377231428617706
22 0.262821498175584
23 0.473858915880474
24 0.542454173353372
25 0.566737506934954
26 0.556573327716175
27 0.796618552732082
28 0.702723718654955
29 0.770609871218975
30 0.566783501232919
31 1.148300066490894
32 0.794903154226441
33 0.714906429756537
34 0.657087803705312
35 0.728509558739453
36 0.974443376090321
37 0.755293486208071
38 0.719801249497901
39 0.524853373541730
40 0.771308197122241
41 0.870449941722210
42 1.058790432659713
43 1.007435831924311
44 0.888500236264820
45 0.972647364048953
46 1.016022041455168
47 0.904873986211861
48 1.423991941962476
49 1.690926576643135
50 1.156113881378478
51 0.875725651212641
52 0.905391691482128
53 0.908013370612127
54 0.809859232475648
55 0.765752110012273
56 0.748363296494763
57 0.560566397510741
58 0.703748413796391
59 0.836220607805406
60 0.686608510225498
61 0.857070173386931
62 0.676329901685184
63 0.670791106648640
64 0.698093470459574
65 0.798166249309391
66 0.867293745319090
67 0.681010806454606
68 0.566606745398139
69 0.771631115979400
70 0.676199721641228
71 0.762751835173447
72 0.880477759723298
73 0.843538331620937
74 0.945892121631071
75 0.745157778457551
76 0.846658227482322
77 0.922246097921636
78 1.035060779166822
79 0.884691828748417
80 0.865403979618525
81 0.814183327878683
82 0.953730186901112
83 0.769990788577568
84 0.814782346214834
85 0.865692388377371
86 0.926332864033018
87 0.814267268024965
88 0.759881750896178
89 0.919221650877271
90 0.739508868944621
91 0.842738972900953
92 0.926060049035151
93 1.104718680972663
94 0.808136630858149
95 0.775876948785500
96 0.592566554792056
97 0.867376472318558
98 0.736021423288974
99 0.840581622637832
100 0.714718470068177
101 0.860115800563182
102 0.826245685688417
103 0.826227483285917
104 0.952600026251163
105 0.762153401868841
106 1.579252534200287
107 1.151141138605663
108 1.391866432768285
109 1.417471319973724
110 1.009991805512338
111 1.592314105011314
112 1.088743237795388
113 1.085709635272888
114 1.017196892219419
115 0.846136603715410
116 1.025549944246660
117 1.037922511591295
118 1.093729209560991
119 0.944299720491271
120 1.123129798407199
121 0.886047679234521
122 1.202460686764295
123 1.141959242792582
124 0.935024061332998
125 1.000676886750598
126 1.181893574837395
127 1.282616529677567
128 1.059432937597448
129 0.951870084664221
130 1.275844498754247
131 1.204660835005608
132 1.240104326938260
133 1.062044555293300
134 1.081335748437513
135 1.999994593934226
136 1.789192052890443
137 1.377712672447824
138 1.270078397094337
139 0.988977263830948
140 0.971036373724775
141 1.151826850424660
142 0.893973175162677
143 0.918154842650392
144 0.974036957238562
145 0.893552015105718
146 1.048404941077089
147 0.908903147189378
148 1.036773284824533
149 1.031635775411177
150 0.964480697418322
151 0.952620550133107
152 0.833618294549023
153 0.875151001653142
154 0.853352609197495
155 0.978898047547002
156 0.844353288172010
157 0.798648310355997
158 0.827097493929352
159 0.853105576793004
160 0.942018074852138
161 0.859535747910941
162 1.156050794270080
163 1.040255565629891
164 1.035190899624659
165 1.020582431099612
166 0.928588981308160
167 1.149698380967207
168 0.960241676297960
169 0.970660932129746
170 1.131739503167283
171 1.053710139392630
172 1.127136505605236
173 1.102109513338098
174 0.940307788249475
175 0.922240480692056
176 1.093015304508015
177 0.947427786116871
178 0.883023662307730
179 1.140613558894759
180 0.996882172777964
181 0.825824339606744
182 0.832495877138533
183 0.977246854893818
184 0.928094346294459
185 0.894541566200560
186 0.954007053320685
187 0.969384705321120
188 1.002283696974714
189 0.875509546208708
190 0.884933708163849
191 0.938482817315158
192 1.002550179968000
193 0.870957364503313
194 0.940101078230103
195 1.046582753695915
196 0.844586070877408
197 1.075781464279245
198 0.854133081622681
199 0.937440583570948
200 0.892837130564852
201 0.914726847591974
202 0.791197776088632
203 0.896618203267334
204 0.934665352809027
205 0.920543938318916
206 0.966616011392967
207 0.999873614648304
208 0.953110861855190
209 0.952284045042912
210 0.859507510953177
211 0.976526451242310
212 0.989096166254465
213 0.916184464425045
214 0.985464350887674
215 1.137588167314187
216 1.063615487179307
217 1.039310599999231
218 1.081675182415469
219 1.109476796468309
220 0.976892181680077
221 0.905526820540199
222 0.979409451930436
223 0.967707183275945
224 0.928261054791936
225 0.975183867393639
226 0.935447970517586
227 0.885831519265043
228 1.006187024627401
229 0.922013467401229
230 1.013057367296754
231 1.016417665696584
232 1.044004771196366
233 1.124466360240763
234 0.991821281876755
235 0.965896849575606
236 1.024632535793123
237 1.085355047597550
238 1.266561646224762
239 1.166192484638993
240 1.128679030804147
241 1.020583911111757
242 1.009888325510106
243 1.123711659963178
244 1.271310451187324
245 0.948142244599128
246 1.217613759098256
247 1.035259842853290
248 0.999554430274006
249 0.991322305144781
250 0.778310756022955
