0 4096.000000000000000
1 0.001862613936274
2 0.011055069087667
3 0.027004574735927
4 0.032134697431200
5 0.044745350308445
6 0.051869959067741
7 0.086934193470846
8 0.228991432492327
9 0.106479899236312
10 0.121404889501100
11 0.092379078500165
12 0.117593857190549
13 0.146758201384776
14 0.198272353634064
15 0.187372307521828
16 0.221511928909427
17 0.310687167542400
18 0.195378344809594
19 0.246069063502557
20 0.328785868230207
21 0.363316227540614
22 0.355498102380799
23 0.542456538499199
24 0.574475847311067
25 0.523769073317298
26 0.750249214304290
27 0.823897160614306
28 0.821714279267644
29 0.930132932132119
30 0.694660389013584
31 0.672756119428733
32 0.464109771599856
33 0.642318641148554
34 0.650082407349628
35 0.405062053691794
36 0.611795364499192
37 0.525317091477834
38 0.601729458864046
39 0.493828188675647
40 0.703960786191738
41 0.840121069679299
42 0.726827357670729
43 0.689077578323810
44 0.880638993987859
45 0.704366402123651
46 0.873892775243982
47 0.961388235309038
48 1.076354159085711
49 0.835152786937515
50 0.593545216143002
51 0.889565634718334
52 0.801634223912346
53 0.987185629185620
54 0.736637135729736
55 0.655574493869679
56 0.645672814353284
57 0.991824652222354
58 0.837859189387341
59 0.793318851367069
60 0.596090964453408
61 0.927579884801361
62 0.722452845315685
63 0.778198707924170
64 0.762374973924019
65 0.767232566404915
66 0.850583167768979
67 0.731889258311817
68 0.892926845828313
69 0.910928512173272
70 0.916209242665880
71 0.974435872709074
72 0.994506068159107
73 1.179569512049712
74 1.197571633075232
75 0.998478539080024
76 1.054669307895561
77 1.104978890156376
78 1.090433595955881
79 0.772134597663668
80 0.977371178370239
81 0.881967606664043
82 0.968670822490401
83 1.004533848035789
84 0.867791867385117
85 0.972506461855007
86 1.034615828564945
87 0.922826846904025
88 0.976975703755711
89 1.120611729729506
90 1.039367545228036
91 0.974004676907748
92 0.986964636227208
93 1.049127018045860
94 1.141518614235604
95 1.112097633755460
96 1.029598804385345
97 1.119165913607605
98 0.876364735237947
99 0.912972451639029
100 0.928842125299501
101 0.968915868418174
102 0.856106075812884
103 0.981134373310039
104 0.911579577300876
105 0.750642287548585
106 1.097841208523392
107 0.910748658679828
108 0.942215137045590
109 1.076646554426123
110 0.989785175017027
111 0.996492162596111
112 0.912590097247202
113 1.137219463821687
114 1.076776241328320
115 1.092179875885357
116 1.140519824887885
117 1.169084862147852
118 1.331467332136929
119 1.203220125782293
120 1.394421029101583
121 1.167613429376632
122 1.213299810830443
123 1.071305938674204
124 1.086539945379615
125 0.936006692141270
126 0.991088428966101
127 1.003821725373427
128 0.845404976892871
129 1.113070997926227
130 1.142781271530182
131 1.100895400446143
132 0.864345365469393
133 0.897259428740493
134 1.074268846762945
135 0.969432653412268
136 1.000115057684313
137 0.967321342518169
138 1.036147013801370
139 0.918558342819777
140 1.054994555037218
141 1.217242492131765
142 1.211678116118494
143 1.074092232900892
144 1.179365179717817
145 0.990050511527647
146 1.051686585707199
147 0.910465168725647
148 0.922264852844083
149 1.027764207449799
150 0.956316304662611
151 0.827723086607310
152 0.896060695118433
153 0.821779293767029
154 0.975268318085468
155 1.091193046673249
156 0.986549799876258
157 0.977299974492432
158 0.986349217650841
159 0.886512570965724
160 1.029361375233964
161 0.935132336345545
162 0.990553748181007
163 0.936057856032954
164 0.917760498843613
165 1.093151686620256
166 0.953142797629064
167 1.154451937815169
168 1.045829462553608
169 0.968488342732782
170 1.011998290124980
171 0.974080924185590
172 1.040293773725077
173 0.921040601278846
174 0.997234486669409
175 0.999515218802784
176 0.909513269790164
177 0.901440869921723
178 0.910642061696663
179 0.996852944374320
180 0.913290220884802
181 0.952454878836068
182 1.005057207989426
183 1.036929194492544
184 1.025709447267008
185 0.850189658989134
186 1.015205761590837
187 1.102336854929760
188 1.036793748150540
189 0.991718347094680
190 1.022092419490327
191 0.913454368604703
192 1.036259086825813
193 0.934797217868314
194 0.990901036009252
195 0.975547175956617
196 0.943641113980510
197 0.980943695228602
198 1.091259232346586
199 1.047788307227016
200 0.867552284453809
201 0.948428711759104
202 0.979551858415692
203 1.060208586411108
204 1.000413165200691
205 0.928508522257056
206 0.995935717916075
207 1.072259845640392
208 0.953544140576603
209 1.009303772067560
210 0.881473170845314
211 0.885853614084449
212 0.956791222901089
213 1.135193386643600
214 0.895893331738396
215 0.985899581526240
216 1.107130250736009
217 0.988633068978270
218 0.988199690334244
219 1.098119909943969
220 0.998557126586573
221 0.982158633415927
222 1.041327822392199
223 1.011771703382850
224 0.995705911073403
225 0.943799900318539
226 0.966666040687650
227 0.881180721268001
228 1.034984072656262
229 0.865069217605754
230 0.923469135632574
231 0.865247453603574
232 1.145463178822195
233 1.023124772962120
234 0.914452510697374
235 1.001500212487157
236 1.056041660494109
237 1.074961480711713
238 1.070346333724228
239 1.067405252657012
240 1.237935430837565
241 1.011203778166333
242 1.014185188317841
243 1.054608657150098
244 0.964738777901651
245 1.068850274819945
246 1.036138724617265
247 0.999228447040316
248 0.874798674099458
249 0.965832005453167
250 0.871167053563270
