0 4096.000000000000000
1 0.003535301985408
2 0.013298853788971
3 0.021670213296339
4 0.031137015358110
5 0.060009022193538
6 0.054950734606105
7 0.061020652172670
8 0.314972291681167
9 0.109847788460891
10 0.086719990916252
11 0.124302837934853
12 0.158178579108113
13 0.141743483931322
14 0.229969939642534
15 0.149966576116128
16 0.198960459031200
17 0.262494763471745
18 0.264771984730069
19 0.253844052367325
20 0.291576291585751
21 0.357157640592690
22 0.449809325249340
23 0.515369045724926
24 0.567886824049700
25 0.563726087421793
26 0.612310556621470
27 0.752596597919547
28 0.720690949418818
29 0.833171600901557
30 0.619810324184232
31 0.875312976657969
32 0.743887170020641
33 0.722452028972030
34 0.858761848465644
35 0.733381324196039
36 0.808124540119779
37 0.733302230897715
38 0.726517502708847
39 0.581586538358125
40 0.980460994520774
41 0.878818269533094
42 0.835376475797470
43 0.803181762385285
44 0.849071300459362
45 0.787634921891056
46 1.112559064479749
47 0.892917137102563
48 1.280760115229676
49 1.145910924388781
50 0.939741009874807
51 0.913202123225183
52 0.876457423405914
53 0.787203294071384
54 0.865248776633726
55 0.827062492524843
56 0.732223329428753
57 0.699337632719220
58 0.738131416876120
59 0.967497826777127
60 0.694059500695822
61 0.915202950358055
62 0.711517330826896
63 0.752222052071089
64 0.777583632370854
65 0.822650115949210
66 0.985891308625279
67 0.693035185554395
68 0.760842056245468
69 0.842083505674398
70 0.726720956994216
71 0.725771848969306
72 0.862852694778643
73 0.853243915485721
74 0.940016608035742
75 0.843206106360560
76 0.868206231972013
77 0.882778951783372
78 1.003908839673772
79 0.948005639411210
80 0.877054491125468
81 0.830368462217333
82 0.917283339629523
83 0.930818446289834
84 0.942272599667731
85 0.996313824091210
86 0.995790545770018
87 0.940706614739740
88 0.868549441153186
89 1.038556684659034
90 0.875162544419322
91 0.896559053435382
92 0.981416469446818
93 1.115050143816847
94 0.967527501278021
95 0.915370308904645
96 0.910606658594187
97 1.006163751915474
98 0.814687077007234
99 0.975438487076681
100 0.898438224090269
101 0.946192444076948
102 0.854624937022210
103 0.897086032932169
104 0.881636028185442
105 0.725261303162177
106 1.227830677540976
107 0.959178880448706
108 1.085558945103017
109 1.160606172445407
110 1.193382556421820
111 1.356873684265890
112 1.033335938648187
113 1.020901814390325
114 1.071655875408396
115 0.936265621857114
116 1.009222499635970
117 1.029738391801557
118 1.028059782031776
119 0.920859226043401
120 1.190729120914790
121 0.951496451107561
122 1.074210347424800
123 1.067200985355970
124 0.956592942816873
125 0.925473425420578
126 1.005720122789753
127 1.073428541050166
128 0.998276349491905
129 0.985677163679347
130 1.146342048736143
131 1.048619812313746
132 1.130166670220742
133 1.079235804530062
134 1.226797984810027
135 1.652865936002531
136 1.358038858238080
137 1.186544522387795
138 1.155680011704843
139 0.994067754764586
140 0.959015371926708
141 1.082588299934639
142 0.932344146338024
143 0.931583299909830
144 0.979069841668399
145 0.973054844307999
146 1.042893096761298
147 0.936751577740467
148 0.957242962770334
149 0.959315120124974
150 0.941267111928128
151 0.935563488494519
152 0.874642085145493
153 0.890248613027548
154 0.857635206373186
155 1.046359112170553
156 0.901222014095990
157 0.875405019937947
158 0.958505052212274
159 0.936515226030390
160 1.034291135825260
161 0.904905461534657
162 1.024487705667905
163 0.983241958804523
164 1.037183871456868
165 1.069446912904721
166 0.986602322209948
167 1.105131993926252
168 0.905114591364141
169 0.998852929375878
170 1.044921928824500
171 1.103833598127518
172 1.055072331645233
173 1.013642789530398
174 0.917109133732035
175 0.968780284300379
176 1.045922251997078
177 0.958733712011623
178 0.919783265063783
179 1.071810807319144
180 0.931253939968790
181 0.894789099269154
182 0.937321010425682
183 1.040591849738223
184 0.961087539203863
185 0.951332857443081
186 1.004759312545822
187 1.010276591857165
188 1.076736486898445
189 0.995425117903863
190 1.006407315764060
191 1.035857732626263
192 1.058783158249383
193 0.911914949912539
194 0.968602127842812
195 1.085738454043676
196 0.898877967842125
197 1.000672528254035
198 0.927488031402207
199 1.020513750920020
200 0.952028823037202
201 0.989494391628188
202 0.861831056625060
203 0.990969739818308
204 0.979714109233327
205 0.924100289248563
206 1.037466806999484
207 1.032173661462103
208 0.930657023776164
209 1.032885820110525
210 0.912988905829695
211 1.014752114044215
212 1.018079345944096
213 0.935013515867020
214 0.983027862455938
215 1.038447045406624
216 0.984761395582341
217 0.977442508210929
218 0.987319243511703
219 1.193450114497166
220 1.045428966034960
221 1.035149243820070
222 0.999515893485492
223 0.998699443276325
224 0.981320036990409
225 0.928302934549400
226 0.937931207752090
227 0.894926054863155
228 1.040874410632014
229 0.932264919968470
230 0.982241653974533
231 0.939545176621112
232 1.054196385084816
233 1.010720065516257
234 0.966762662529579
235 1.006902536814070
236 1.021566437587174
237 1.038747236899488
238 1.106441097116047
239 1.086454243161423
240 1.116639517632297
241 1.045293355559311
242 0.975655387232204
243 1.045456090274846
244 1.127571105493923
245 0.979068332432870
246 1.205610567134432
247 1.080884194345699
248 1.009296398200936
249 0.986403072637122
250 0.844630442041448
