0 4096.000000000000000
1 0.002025676382087
2 0.010404405569504
3 0.020142148185822
4 0.031911073785724
5 0.068344401866317
6 0.055953866683376
7 0.060980281782021
8 0.306832292041024
9 0.112488054256809
10 0.088273738814375
11 0.129209924924636
12 0.151503677492972
13 0.143059213014327
14 0.245757004374221
15 0.154555281375425
16 0.200348891614659
17 0.267079468622449
18 0.252371689527749
19 0.248315314330339
20 0.281044404580464
21 0.378348595930615
22 0.506179610125518
23 0.542039050216677
24 0.619046586707953
25 0.629311050288593
26 0.665323155681085
27 0.811733723628536
28 0.763861541533362
29 0.902488139044315
30 0.649872480235521
31 0.923643750319733
32 0.750992139401574
33 0.723267277195007
34 0.911554593884900
35 0.759234579176009
36 0.856398100371592
37 0.746980125535984
38 0.733588409351371
39 0.553466248550188
40 1.030223201600994
41 0.901683883229434
42 0.888686309504270
43 0.819623653007843
44 0.821978619392159
45 0.835609805315091
46 1.183884666410463
47 0.757881488547961
48 1.085018032195447
49 1.237060124511803
50 0.864418283328591
51 0.818243811718689
52 0.882238107809833
53 0.806289485044147
54 0.835133130867007
55 0.833260915516115
56 0.724979888819015
57 0.664251436135219
58 0.715607661138584
59 1.002216876122071
60 0.663894197679490
61 0.906216714216646
62 0.707394127683243
63 0.669369685846764
64 0.697113509476478
65 0.786006795129525
66 0.979554462459610
67 0.692803993719263
68 0.746467818398471
69 0.789168197805421
70 0.681462939083134
71 0.731037855715683
72 0.855671097948034
73 0.866831444412021
74 0.965526436966210
75 0.873154573074969
76 0.906160995664366
77 0.913170321787507
78 1.002529663251597
79 0.991007530879359
80 0.893007944948743
81 0.837716561077505
82 0.941038831186124
83 0.928738422123807
84 0.950685344897728
85 0.977549724078822
86 1.002204191822390
87 0.877934909272078
88 0.867216005860873
89 0.976441796259613
90 0.816610182829796
91 0.855956664422853
92 0.946564918976999
93 1.095964342462358
94 0.954426801335126
95 0.869975769892090
96 0.863597381741076
97 0.950638600684181
98 0.803146805918514
99 0.927960973883249
100 0.837823080700050
101 0.938771633840920
102 0.852016603506937
103 0.912673017028738
104 0.879388785384295
105 0.708380962724226
106 1.275118523761787
107 0.966821052842387
108 1.160713061849330
109 1.176275307538727
110 1.258027871653719
111 1.469937604493831
112 1.062429844920237
113 1.053287005951738
114 1.034679908427383
115 0.921727091868393
116 1.029337732056172
117 1.015271206500663
118 1.028664317132044
119 0.897050942312732
120 1.171634068855139
121 0.942634450431829
122 1.092958802830028
123 1.053212665591258
124 0.954804960433849
125 0.936412182944888
126 1.005416682605025
127 1.094119059102886
128 1.004268901049342
129 0.961425788270335
130 1.123414931452045
131 1.048744929535651
132 1.130112098630009
133 1.068679233436630
134 1.237370808448181
135 1.765920270391449
136 1.475365971162385
137 1.174384326193736
138 1.193386687915658
139 0.982721554047695
140 0.949586017729840
141 1.083304789120116
142 0.946407439096437
143 0.922658904795745
144 0.970086690484458
145 0.975125329540697
146 1.060862342134588
147 0.966141312073033
148 0.965468568249337
149 0.973017882157658
150 0.971462702390303
151 0.948942574734037
152 0.875620499887709
153 0.892862466329146
154 0.840064528189783
155 1.037046938317476
156 0.871413620365270
157 0.822942683944627
158 0.908513749113217
159 0.897507173894467
160 1.018861534958937
161 0.876780167071398
162 1.033805141398975
163 0.966349546637952
164 1.042398373510405
165 1.103104975875804
166 0.987451447594262
167 1.131177833335512
168 0.899939691092332
169 0.981291521781019
170 1.092751974450752
171 1.097645349752289
172 1.066519515620908
173 1.043432632408882
174 0.932440628696830
175 0.979440406105292
176 1.082692340482587
177 0.951442595418666
178 0.896501046972160
179 1.086495471494327
180 0.940159719294012
181 0.879719883984953
182 0.909231422571914
183 1.045744592531592
184 0.942769564549523
185 0.914189401037090
186 0.991924075978885
187 1.010165216678087
188 1.069924147122615
189 0.953160155532557
190 0.994502191296754
191 1.037793268833572
192 1.036713104905441
193 0.897251498926501
194 0.984890954333124
195 1.077597425235912
196 0.910342613316692
197 1.013318672423234
198 0.921340932442836
199 1.043459403313111
200 0.957557609880489
201 0.979197853152144
202 0.840483952834548
203 0.960143773564603
204 0.976845502946275
205 0.926669534805953
206 1.037176535585208
207 1.041727487680619
208 0.926445905328411
209 1.031903384543212
210 0.872046949958687
211 0.987532751551947
212 1.029348002301949
213 0.912791988247935
214 0.967246333059604
215 1.022238942803747
216 0.980843246430205
217 0.973355230969955
218 0.997709572340092
219 1.254589193014481
220 1.043981974603359
221 1.015863782749485
222 0.993418786911148
223 0.996154035956152
224 1.000002442896277
225 0.916666608318664
226 0.913964666214915
227 0.900000687250721
228 1.041042464473513
229 0.894550957185590
230 0.974599309515990
231 0.950564536626109
232 1.027758246823150
233 1.018550091365398
234 0.964416970237207
235 1.021633106774741
236 1.019676382798010
237 1.059055275022591
238 1.108349697075229
239 1.091410029644349
240 1.133806738042946
241 1.048337209565297
242 0.966078642500467
243 1.059121882168627
244 1.167204317090847
245 0.975793678312645
246 1.259314656672943
247 1.102422079815943
248 1.015122870518204
249 1.004865620364812
250 0.831683521735355
