0 4096.000000000000000
1 0.003482805353642
2 0.013182991496589
3 0.021895059999593
4 0.031648655781614
5 0.053670566765827
6 0.055519034587664
7 0.053764336035676
8 0.256049969307107
9 0.096515057126187
10 0.095055638699178
11 0.117760942894188
12 0.162985144131466
13 0.167425523114861
14 0.255190013688674
15 0.156005164312533
16 0.206416925153324
17 0.280192836332664
18 0.263560247857115
19 0.251924747348819
20 0.321253807751283
21 0.359438212232059
22 0.446768175444011
23 0.573918246827822
24 0.632864979382132
25 0.590114122262856
26 0.561693462185810
27 0.685346622101810
28 0.752134381529216
29 0.866192333199743
30 0.520010596565578
31 0.732473298376289
32 0.605483455392876
33 0.632661436224588
34 0.762468241844437
35 0.626890689532253
36 0.677232821158180
37 0.676434740505302
38 0.687566384509852
39 0.539021279558686
40 0.917249938359660
41 0.769428385473254
42 0.732811179995767
43 0.741610917291267
44 0.821913824954107
45 0.812520767055431
46 1.057307622818791
47 0.918392883631126
48 1.194856909132707
49 1.012718535424362
50 0.830143540356000
51 0.972798317274500
52 0.856270607590535
53 0.846663993253552
54 0.834100099359607
55 0.757432579125296
56 0.730952463729819
57 0.749298613574230
58 0.815847846643154
59 0.985516184839483
60 0.754953129001621
61 0.927280841603190
62 0.765068987706505
63 0.854025984724156
64 0.776572861161038
65 0.842168035210046
66 1.001396681916481
67 0.741316964760452
68 0.819128641582896
69 0.963367837707913
70 0.781549360979611
71 0.774771014055074
72 0.859087469234974
73 0.899371724848277
74 0.934555187655563
75 0.838965213163044
76 0.824248740548563
77 0.914713322977420
78 0.969597980339004
79 0.930606326223169
80 0.920304020004075
81 0.834261224830853
82 0.944432683428696
83 0.923935835393665
84 0.955139788120003
85 1.000141618745470
86 1.052826288943864
87 0.999160016277027
88 0.929622754729471
89 1.130492341205101
90 0.988341548572035
91 0.943166441558378
92 0.968692460202027
93 1.159069958685164
94 1.097903872476169
95 1.014792874174513
96 1.021413474066069
97 1.114827162403043
98 0.915167544137379
99 1.022756138462725
100 0.940648533074812
101 0.993468687758991
102 0.884386537132379
103 0.984671317281036
104 0.881197415439967
105 0.780512238239186
106 1.177533816316228
107 1.001214262872635
108 1.044621732921100
109 1.084523472032235
110 1.185075725754575
111 1.202288625463249
112 1.010975476052565
113 1.004273806437190
114 1.075650789099261
115 1.082793376139326
116 1.048476193235991
117 1.051823899134126
118 1.085339264408061
119 0.922545605429706
120 1.170987176557175
121 0.978292900050232
122 1.056376961486740
123 1.065692620884081
124 0.955053625421051
125 0.863722008090701
126 0.963134167238221
127 1.036104617503706
128 0.927118439974232
129 0.971631253293241
130 1.116353911396727
131 1.013026683664698
132 1.047829738018215
133 1.022761959602654
134 1.175008287781687
135 1.452259141795560
136 1.226213320886141
137 1.131028150698980
138 1.088508476853276
139 0.961730871110480
140 0.971254585510070
141 1.002210449350966
142 0.918608815058173
143 0.971416704209122
144 1.010162422719149
145 0.975699242189264
146 1.025850696809940
147 0.907280076985345
148 0.954803607381438
149 0.969424809789459
150 0.966738853565690
151 0.916991204781147
152 0.930163532271687
153 0.892593232422384
154 0.899581712527266
155 1.085729777314315
156 0.926193946783175
157 0.925670152074755
158 1.015930130001462
159 0.942984304986580
160 0.979538548014261
161 0.919276418738402
162 1.015911222887902
163 0.994708218578347
164 1.001428472973380
165 1.014084735438550
166 0.966940697177113
167 1.076626732261127
168 0.921466817307333
169 1.004472922102519
170 1.014693316126709
171 1.078484525098009
172 1.012672464255622
173 1.004632738324161
174 0.933909607979645
175 0.974396421399847
176 1.022485965298416
177 0.995342538129643
178 0.937009191121107
179 1.071473541010004
180 0.922634156400542
181 0.954055938065151
182 0.959970554073193
183 1.070329108445154
184 0.991997029350089
185 0.955247756040969
186 0.992807383439573
187 1.022236982058803
188 1.062133514298107
189 1.009475014144665
190 1.008757570233201
191 1.048429169355019
192 1.070760042717215
193 0.959033758327956
194 0.983924650389327
195 1.057494041587866
196 0.895783225006258
197 1.003427440785514
198 0.929644561885512
199 1.000243083649154
200 0.948563394786666
201 0.975794499824430
202 0.890184564676406
203 0.991260566850390
204 0.986698898564432
205 0.944134548973195
206 1.040795493081718
207 1.012399669414580
208 0.961231109792953
209 1.038587443363368
210 0.945456637303357
211 1.015407396968231
212 1.019052947744798
213 0.977514056591766
214 0.973965818694133
215 1.033333260561774
216 1.001583355336003
217 0.983554444331652
218 1.014205361104472
219 1.161034662323347
220 1.047759183209677
221 1.033146473735529
222 0.995195875045858
223 1.001663805857788
224 1.005111554072876
225 0.945096243624443
226 0.973115451437279
227 0.924863759339520
228 1.003110607651357
229 0.932023005852316
230 0.995598190803251
231 0.922397048328642
232 1.042913247803769
233 1.010442017728428
234 0.947772761798470
235 0.993267181759762
236 1.004355790791995
237 1.037988461495647
238 1.076074886533695
239 1.037943373040854
240 1.114817430166259
241 1.034632003745071
242 0.989872811173957
243 1.004066862060351
244 1.066486530231492
245 0.966619769673201
246 1.197790258847531
247 1.033055187783083
248 0.982422574800411
249 0.960272246702458
250 0.852729686624877
