0 4096.000000000000000
1 0.000838658703047
2 0.011227029455546
3 0.014393771986573
4 0.027140607782212
5 0.037682237084911
6 0.037866365661262
7 0.087155042251387
8 0.237390217170099
9 0.100700029308010
10 0.089256727608617
11 0.138344323948498
12 0.162805192779707
13 0.169999158754683
14 0.353142669624892
15 0.155140379703752
16 0.221785069207037
17 0.188143984845412
18 0.215153482459851
19 0.320499161448554
20 0.249499553117912
21 0.257145710519267
22 0.281584197489404
23 0.786250117653516
24 0.823427016141590
25 0.960575989934726
26 0.688257201348039
27 0.447374437117076
28 0.843127006059306
29 1.050625001644748
30 0.448354359450825
31 0.800120363346268
32 0.418944721287111
33 0.711352315364270
34 1.061728296297503
35 0.658979588642012
36 0.665111977347976
37 0.597331262063488
38 0.625287971314635
39 0.622589255324690
40 0.894407698736147
41 0.710190811935469
42 0.706963515176066
43 0.791370134830538
44 0.920022282247470
45 0.868747222676736
46 0.813940253893393
47 0.943334021020949
48 1.559556631340160
49 1.464880591345886
50 0.898426602234829
51 0.995899966894874
52 0.877476950897943
53 0.772792531302723
54 0.697935692911768
55 0.633163835639440
56 0.648347477714963
57 0.661533942477201
58 0.809413646633076
59 0.739572123728850
60 0.829462732612912
61 0.834443999669263
62 0.669495174761505
63 0.840704070791345
64 0.679464404893031
65 0.883015334988635
66 0.862764271096830
67 0.752332892017358
68 0.770506641464856
69 0.816912982464949
70 0.816361393321435
71 1.013316268325738
72 1.024683076489658
73 0.851917064731982
74 0.896675435729082
75 0.919281860516723
76 0.904352441073140
77 1.060424043178483
78 1.100490363588024
79 1.017785952257743
80 0.920038963321417
81 0.902990666198276
82 0.883218412457788
83 0.802044621334168
84 0.867159058467750
85 0.808487405851681
86 0.973172392958583
87 1.100045972285350
88 0.805948707132433
89 0.914720969240858
90 0.804551405921969
91 0.931611470534612
92 0.949030781760564
93 0.925721398411106
94 0.913919551401736
95 0.875911542444788
96 0.926314524101776
97 1.370271001189947
98 0.820928206367684
99 0.895537115902217
100 0.912280366577543
101 0.977844087825449
102 0.956629747461850
103 0.912542591515490
104 0.801451229014232
105 0.911594390301750
106 1.149180015258533
107 1.054789756418953
108 0.990173309483567
109 0.981405393098046
110 1.113273591424189
111 1.059251282651777
112 1.045254319021339
113 1.368709444975322
114 1.020133363965320
115 1.404247734851444
116 1.224519313264012
117 1.100456948348528
118 1.211955345295441
119 0.947386245225555
120 1.388318048701411
121 1.387778186655816
122 1.085173381121882
123 1.093256896657337
124 0.975257052734934
125 0.982085042441999
126 0.936649101504281
127 1.063741059201741
128 0.856542017097227
129 1.059431569264393
130 1.154617285599914
131 1.172015410887514
132 1.116200763817167
133 1.180755821411094
134 1.219086590748537
135 1.068943211179619
136 0.954971022333522
137 1.077685230845048
138 1.041810832237669
139 0.916482895477634
140 0.995321139714781
141 0.925444691312237
142 0.989544931018380
143 0.965425990337552
144 1.015951606005433
145 0.954255618609245
146 0.953203940167253
147 0.838509588208673
148 1.002224710081449
149 1.047276733307398
150 0.992883957482127
151 0.900300577761362
152 0.928757870228170
153 0.969531816477288
154 0.983773945282531
155 1.070410941541750
156 0.922230842793593
157 0.855621497709746
158 0.977844589340121
159 0.811434462028374
160 0.898056069290017
161 0.989128418345407
162 0.977861301881824
163 0.984131712097363
164 0.929509837868333
165 1.099273424798171
166 1.031173857901461
167 1.281824877935173
168 1.152405735041389
169 1.027025973194864
170 1.032803965110297
171 1.060201269442633
172 1.047403145318730
173 0.902090491811035
174 0.949037863452217
175 0.983367726485425
176 0.995325457845892
177 0.895766866373973
178 1.019910785930468
179 1.164193724195188
180 1.031624963110757
181 1.030094973685853
182 1.035026008749744
183 1.114845508685508
184 1.067733998801035
185 0.946236260890582
186 0.996277745981509
187 0.882551550779363
188 0.904808053770316
189 0.902635515114561
190 1.012273742657442
191 0.998704568633443
192 0.907040363081112
193 0.891487049517069
194 0.903800140133877
195 1.008227047667961
196 0.842481491169961
197 0.989348624072057
198 0.918953085043068
199 0.928446573467653
200 0.935246130225636
201 0.839328892806551
202 0.964666457978016
203 0.998112916506358
204 0.970257969047491
205 0.974689280404327
206 0.911342439402352
207 1.099311758667642
208 0.987667582690656
209 1.004883904722728
210 0.869084263398335
211 0.971547729542382
212 0.996362440073131
213 1.068376184807660
214 0.931014891165324
215 1.002224632126996
216 1.105677449299455
217 1.079850450926782
218 1.056554129576761
219 1.104276419615967
220 1.102542085009590
221 0.885088234964790
222 0.989560941731150
223 0.944016681566472
224 0.935258884096362
225 0.867518842034869
226 0.991105471662745
227 0.903901363594119
228 0.983311541293777
229 0.880575878054265
230 1.006635623113495
231 0.875376618884687
232 1.070966652875089
233 1.060058125188760
234 0.934171395032604
235 0.993560748363331
236 0.953677012787573
237 1.082242531601943
238 0.946144833056619
239 1.034011285209752
240 1.089451459892951
241 1.074025128844711
242 0.986274588105316
243 0.968921009370044
244 1.085740432981572
245 0.995848218952210
246 0.981413416296124
247 0.978192657428748
248 1.062838952641946
249 0.987487299645212
250 0.863560106795693
