0 4096.000000000000000
1 0.001183211002475
2 0.009939987823237
3 0.016332212843593
4 0.022370783265790
5 0.029093988299379
6 0.028629943946984
7 0.062518609594441
8 0.158453372478058
9 0.076698257060480
10 0.046383308182603
11 0.073835643741603
12 0.161663329502011
13 0.100536439051007
14 0.211766336593611
15 0.190375657604924
16 0.226794068008105
17 0.181403379955600
18 0.241799969546084
19 0.266232664625918
20 0.419759900763135
21 0.555674916888506
22 0.325607653347042
23 0.582585416433078
24 0.687870999684923
25 0.640606671744488
26 0.542477451018373
27 0.643863412735773
28 0.693011986305923
29 0.695926207761291
30 0.570536957736030
31 0.789994231315165
32 0.514503153561969
33 0.579005534663450
34 0.664082160773414
35 0.639562634905290
36 0.768567997678628
37 0.694552465191935
38 0.637950560802610
39 0.512004402698271
40 1.238460056342008
41 0.851148803700353
42 0.653941913281849
43 0.621287200295739
44 0.864777966546850
45 0.818547304425372
46 1.324693511950443
47 0.828682673972563
48 1.167843417101862
49 0.944780803359557
50 0.904201767924958
51 1.012363690157253
52 1.235730733829592
53 0.819011574406463
54 1.024717777730405
55 0.785912121952284
56 0.971519572415863
57 0.857474865171137
58 0.795020577782724
59 0.843810605191245
60 0.760339512593032
61 1.104813541335002
62 0.871553461736939
63 1.013251332420181
64 1.166075431618161
65 1.233461719566179
66 1.105025566961435
67 0.740928286598607
68 0.879459437146180
69 1.265074949093263
70 0.822466647283794
71 0.737390104863612
72 0.842596717027482
73 1.173167021129733
74 0.831550664683333
75 1.013678196854368
76 0.716280937476979
77 0.898509667516113
78 0.783213537052553
79 0.797437658515116
80 0.769452956457408
81 0.904780541776590
82 1.032894735638272
83 0.824377896481438
84 0.828608674830427
85 0.927138903045283
86 0.867507039441762
87 0.837692646863998
88 0.695557056042048
89 0.998258765274304
90 0.930410175569412
91 0.951789708651510
92 0.948182071605287
93 1.199272495776085
94 1.104784544249390
95 1.127179147897735
96 0.778816161909510
97 1.045649139141295
98 0.741208076083227
99 1.075670255827291
100 0.780483550707678
101 0.861123602791818
102 0.908713185386580
103 0.940359965332203
104 1.017754824862420
105 0.874813298216641
106 0.975685426974511
107 1.056215256241696
108 0.916695621455241
109 1.062648126421294
110 1.082097716377479
111 1.081907889448992
112 1.153945928706348
113 1.313520460320185
114 1.142604935513575
115 1.343270496011585
116 1.102593106291078
117 1.399350885727186
118 1.520870882150400
119 1.137616136443304
120 1.269292271233212
121 0.976780234953507
122 1.004968834433792
123 1.113945964207071
124 0.923034203158129
125 0.755025362630463
126 0.785813431419943
127 0.858096804486893
128 0.883246543502117
129 0.954939501386177
130 1.136145002747805
131 1.003021985232345
132 1.002369417476403
133 1.046453105827018
134 1.079217325512118
135 1.083291923994927
136 0.905764348379511
137 1.056768234464426
138 1.050509663513865
139 0.951258175783061
140 1.136117790406306
141 1.115213798985073
142 0.933235021908567
143 0.915932451638179
144 1.107671091542682
145 0.979181128056654
146 1.064527349324822
147 0.962867497228840
148 1.039061350921338
149 1.042438932067749
150 0.973851396644626
151 0.991170946579697
152 1.079972514093347
153 0.920821126586552
154 0.887806248020648
155 1.080861355028343
156 0.924128058508619
157 1.008351282594631
158 1.194139085127128
159 0.877603647371251
160 0.807028330706406
161 0.771511028582762
162 0.911945795541236
163 0.977092048866620
164 0.866381283428680
165 0.891494488390851
166 0.822362469338251
167 0.935511060056066
168 0.826963108512629
169 0.992132547320283
170 0.981669011057826
171 0.986074469365763
172 0.942665972196949
173 0.815381703033733
174 0.879770144516842
175 0.971172680108592
176 0.847302404179590
177 0.959104750857068
178 0.927146927805461
179 1.145562498825142
180 0.993556378165719
181 1.188673765914321
182 1.040529652113996
183 1.041137410511500
184 1.034014500959392
185 0.989063416248654
186 1.140633151438952
187 1.121725679717704
188 1.221297262126760
189 1.088334963209896
190 0.901931725588581
191 0.927324460272768
192 1.030655323645633
193 1.053728087734901
194 1.048802238558928
195 1.027738904540464
196 0.935200296897381
197 0.953140272389765
198 0.988546026828374
199 0.931951429099939
200 0.989048472553071
201 1.012776349122750
202 0.992903976584478
203 0.896156404866562
204 0.990643853994533
205 0.984075193486861
206 0.962067769517350
207 1.085342324476795
208 0.893457623261924
209 0.971282801777743
210 0.899867943509569
211 0.998550473869566
212 0.980628309960114
213 0.906694049957850
214 1.049068656807227
215 0.957944906780172
216 0.944599704099427
217 0.927460147125643
218 0.890562434329248
219 1.033518134224731
220 0.943286729709767
221 1.101079650092300
222 0.976569611846385
223 0.967153867368940
224 0.979789921644337
225 0.897472061519358
226 0.906782158245832
227 0.907574777801588
228 0.926060524195809
229 0.868254013228372
230 1.045726786511828
231 0.887594538012663
232 1.174538643660258
233 1.065724240995242
234 0.948493207217683
235 0.945076297333023
236 0.949429128451392
237 0.959849727102030
238 1.032333747138329
239 1.070578188055224
240 1.038817557321553
241 0.969135671537029
242 0.962597439780533
243 1.014519891353469
244 0.970012923342475
245 0.964531505423411
246 1.040612867770539
247 1.029652653658286
248 1.004949958367902
249 1.047163121066440
250 0.949497924671980
