0 4096.000000000000000
1 0.002121049780601
2 0.020875671854428
3 0.025158410589059
4 0.021506249045462
5 0.045193901508429
6 0.037740018293747
7 0.047070894433928
8 0.183880018149736
9 0.077201107545117
10 0.082452250027850
11 0.130283697881396
12 0.231737338513222
13 0.138856178489341
14 0.250069271275983
15 0.212881358233216
16 0.224298086581082
17 0.303447556361014
18 0.272648685186582
19 0.209149889121604
20 0.270735006231651
21 0.238919098884604
22 0.250765610029370
23 0.605493050705207
24 0.398802644499499
25 0.607148275837121
26 0.456996971656982
27 0.535019157208366
28 0.595770109993703
29 0.871214592235562
30 0.654683879687260
31 0.748837567807970
32 0.686432902944333
33 0.509080971905919
34 0.741940663301714
35 0.509887427285772
36 0.531038014739961
37 0.610273772213263
38 0.516915066455257
39 0.543884028653553
40 0.893109465613438
41 0.705038484248487
42 0.658831221882076
43 0.729430400681768
44 0.782166002946028
45 0.706291083430347
46 0.825058116348720
47 1.358429353122355
48 1.513579607468553
49 0.800649129496694
50 0.773267014006623
51 1.178484022970703
52 1.078763114342140
53 0.823469758186972
54 1.026164494037106
55 0.654566936807974
56 0.703603774190476
57 0.751503941647797
58 0.613369675594092
59 0.627447559344890
60 0.647374156201063
61 0.863228859678853
62 0.655944785810594
63 1.000710436467778
64 0.650786659466863
65 0.626398566227763
66 0.900219523940125
67 0.675966592799930
68 0.597501491664530
69 0.945262060791238
70 0.618390320231906
71 0.783570593258577
72 0.828443450438389
73 0.688836088579263
74 1.012798880882804
75 0.785641367762150
76 1.072228683641644
77 1.298181380985064
78 1.161817481939076
79 0.771484987605298
80 0.847135130670888
81 0.933829326145978
82 0.993522473478328
83 0.962284278803733
84 0.876107207573253
85 0.932296681478595
86 1.006249601202946
87 0.938712402119935
88 0.899237931313910
89 1.242794172006261
90 1.111773608766950
91 1.049947719740364
92 0.943332613198788
93 1.189053610108431
94 1.216484213834822
95 1.068012800551304
96 1.304094708177949
97 1.321723757908212
98 0.788794818703023
99 1.159709555845544
100 0.978323678506577
101 0.823735640188225
102 0.814718668064966
103 1.029061038653227
104 0.931839846866354
105 0.938484686128626
106 1.241677954740768
107 1.125721182748203
108 0.827804513410254
109 0.860350738702964
110 0.820011681830694
111 1.100769063440412
112 0.895211034432332
113 0.983745960482653
114 0.942998263471658
115 0.937701532853339
116 1.042337498201509
117 0.951518899413617
118 1.112841479161246
119 1.083473637371969
120 1.392669694611700
121 1.006801423017685
122 1.025936430194196
123 1.135997010890949
124 0.957003488223808
125 0.951042256135337
126 0.940367211611417
127 0.832995588371615
128 0.843899747286332
129 1.270312483475983
130 1.358554159306907
131 1.235650380345312
132 1.093592415212463
133 1.125084271331714
134 0.992368308696622
135 1.112307661395887
136 0.949094201782831
137 0.974535562368339
138 0.953921455392035
139 1.120160597107824
140 1.179560744774948
141 1.195285303543794
142 1.235261977924643
143 1.257303208281307
144 1.064866050194519
145 1.080599544850282
146 1.007388905157053
147 0.861736392675815
148 0.958405830319075
149 0.943578694863160
150 0.998862575196290
151 0.890375232862286
152 1.016747661119437
153 0.998917164939168
154 1.047368244697631
155 1.072290920362685
156 0.938707784106565
157 0.954317124667147
158 0.887383665550673
159 0.814709346345119
160 0.883583584447813
161 0.937610780787708
162 0.987848443994018
163 1.058337457473175
164 1.017321551212184
165 1.163801603623584
166 1.002257931165740
167 1.059399187153609
168 0.873564947156406
169 0.999505056668272
170 0.913481251344976
171 0.978896311493841
172 1.157686108918886
173 0.929937245382430
174 0.911728110510419
175 0.929485620407179
176 0.918979818094520
177 1.122075717377284
178 1.037051228603101
179 1.037927413824975
180 0.999860889157165
181 0.944837782130001
182 0.953868722531098
183 0.968976766340234
184 0.960081622720158
185 0.868593046472871
186 0.988866724125503
187 1.006250608965590
188 0.980277296574916
189 0.955725292325850
190 0.972433462356644
191 0.920618611571080
192 1.118227911516498
193 0.968593727932714
194 0.959533976981435
195 0.911504275672200
196 0.859404769628939
197 0.899425845777593
198 0.956611387328753
199 1.008990096020266
200 0.958427614209059
201 0.973901467188871
202 0.960057320657936
203 1.103768531082724
204 1.015495072705976
205 1.001806318993211
206 0.854707188262641
207 0.939012515118127
208 0.953898854043574
209 1.105889084832056
210 0.886794923199075
211 0.932531872679964
212 0.979964311206214
213 1.072136994739098
214 0.978488909631332
215 1.075028802595204
216 1.050593579763004
217 0.939383322717172
218 1.004300652336341
219 0.986356556176339
220 0.969807396874012
221 0.930852065392240
222 1.123076360467558
223 1.039182006692926
224 0.909929350461220
225 0.992449414789183
226 0.994362673710200
227 0.935152054373011
228 0.986383634595587
229 0.977577381803180
230 1.091592146976511
231 0.984311249217467
232 1.050730128597617
233 1.066575249892301
234 0.893075131390398
235 0.955647958421168
236 0.978083417760701
237 0.913673152754734
238 1.026855132072088
239 0.917833486942564
240 1.173277564777928
241 1.112727044876285
242 0.953823308379988
243 1.082203802111342
244 0.940504031944854
245 1.235368189149280
246 0.957127971528516
247 1.148597426453723
248 1.034037053492585
249 1.120927021237187
250 1.006089759075883
