0.01944 0.0837831
0.247749 0.0924518
0.327819 0.00412106
0.406719 0.0855806
0.581502 0.105814
0.625028 0.11013
0.852869 0.0342904
0.978879 0.0446849
0.0694762 0.17665
0.189754 0.208536
0.266861 0.236081
0.45424 0.188914
0.600944 0.156116
0.689291 0.207769
0.855694 0.22001
0.989918 0.184417
0.0733403 0.250562
0.159785 0.310253
0.34262 0.370588
0.458567 0.287421
0.524375 0.334182
0.642405 0.253444
0.789501 0.335929
0.972639 0.256837
0.0365075 0.439913
0.144587 0.3897
0.299346 0.397247
0.454122 0.389628
0.57118 0.415731
0.693705 0.436349
0.799236 0.4353
0.932439 0.434745
0.121127 0.584102
0.162276 0.603006
0.320063 0.617238
0.485275 0.622996
0.622387 0.619377
0.707479 0.583554
0.815135 0.556322
0.988657 0.535695
0.0467814 0.64521
0.163519 0.747031
0.298566 0.673684
0.488763 0.649314
0.50054 0.626415
0.678108 0.649862
0.811566 0.690618
0.923548 0.636641
0.110427 0.862249
0.169139 0.846486
0.315196 0.851915
0.48249 0.752156
0.610199 0.7808
0.669426 0.771458
0.81187 0.750374
0.972449 0.755419
0.097483 0.91202
0.201283 0.953527
0.314927 0.989974
0.406885 0.956269
0.539174 0.879945
0.728534 0.876018
0.840882 0.890106
0.904447 0.974566
