0.0531696 0.00793239
0.0704497 0.0202813
0.14862 0.00788219
0.221222 0.0424886
0.258663 0.0474896
0.331241 0.0182467
0.417198 0.00152922
0.455645 0.00399326
0.559599 0.00577564
0.572295 0.0620377
0.634654 0.0112391
0.69657 0.0559528
0.75548 0.0514099
0.855259 0.0272627
0.929125 0.0570216
0.989905 0.028464
0.0378729 0.102873
0.0792219 0.117351
0.136869 0.113691
0.224378 0.0729695
0.254603 0.0809644
0.344701 0.0785759
0.430622 0.103723
0.493267 0.100981
0.508475 0.121046
0.565117 0.0661647
0.661104 0.0800447
0.728885 0.0966881
0.783375 0.117991
0.874496 0.0955028
0.926215 0.0823072
0.951139 0.118844
0.0419068 0.147703
0.108422 0.181964
0.138638 0.165855
0.212547 0.173124
0.265387 0.185111
0.342164 0.163072
0.425379 0.167132
0.447895 0.128874
0.521564 0.182178
0.592716 0.18262
0.687191 0.132609
0.697246 0.161354
0.785418 0.168124
0.830393 0.147953
0.884459 0.125477
0.941361 0.134744
0.028709 0.212861
0.0880292 0.211457
0.16131 0.21036
0.193687 0.214748
0.284687 0.228493
0.32671 0.225279
0.396594 0.238617
0.470391 0.187715
0.548017 0.235118
0.566418 0.23704
0.678913 0.240476
0.747082 0.215657
0.798965 0.198747
0.867896 0.246199
0.917972 0.212699
0.945211 0.198547
0.0203068 0.298158
0.121016 0.250862
0.138876 0.309308
0.247831 0.296634
0.305235 0.306743
0.317375 0.270637
0.396879 0.273043
0.49828 0.298941
0.534695 0.309585
0.62337 0.282686
0.635186 0.26167
0.711556 0.284347
0.758188 0.27786
0.874474 0.292819
0.875119 0.276077
0.951606 0.284007
0.030539 0.342035
0.0819867 0.331447
0.1263 0.373698
0.248449 0.355506
0.288477 0.317324
0.367535 0.327807
0.397007 0.313775
0.47204 0.370382
0.520148 0.326897
0.605678 0.325246
0.671483 0.355235
0.707547 0.334733
0.800289 0.365491
0.836027 0.355363
0.889267 0.363568
0.939193 0.332737
0.0463737 0.410762
0.0783699 0.427076
0.186505 0.430041
0.247126 0.392426
0.283894 0.409521
0.359894 0.383112
0.37829 0.427329
0.441287 0.409549
0.542328 0.39085
0.605212 0.39357
0.686731 0.382745
0.723096 0.416305
0.799487 0.400537
0.860026 0.406587
0.926837 0.431175
0.954818 0.384616
0.0260713 0.473812
0.117908 0.459647
0.126235 0.477071
0.240329 0.470942
0.291727 0.465939
0.359344 0.496876
0.375383 0.485919
0.467092 0.453965
0.516272 0.492904
0.605344 0.487613
0.644706 0.478021
0.727552 0.462708
0.785042 0.497223
0.834643 0.449701
0.926436 0.498666
0.941265 0.440854
0.00794334 0.546675
0.0761987 0.509842
0.174549 0.526286
0.224497 0.5182
0.275359 0.521735
0.367426 0.507897
0.375791 0.516654
0.476698 0.562285
0.550495 0.537929
0.563351 0.55982
0.626182 0.503816
0.710674 0.537315
0.774565 0.532431
0.817616 0.559875
0.935289 0.512563
0.97051 0.52848
0.0484573 0.607344
0.120527 0.576962
0.13519 0.607582
0.195721 0.585295
0.292115 0.590356
0.322154 0.607293
0.4198 0.586144
0.47688 0.584963
0.545869 0.596754
0.589747 0.623709
0.683085 0.614204
0.744441 0.616161
0.803855 0.592646
0.873595 0.623251
0.899244 0.572665
0.976247 0.622492
0.020937 0.630239
0.121259 0.669074
0.169081 0.646224
0.187741 0.660597
0.273705 0.677011
0.374461 0.625499
0.432114 0.626746
0.469693 0.683196
0.545708 0.666771
0.568288 0.6459
0.650891 0.641447
0.723812 0.626975
0.809526 0.686771
0.828735 0.679722
0.887589 0.678342
0.954424 0.644427
0.0561084 0.70631
0.0820196 0.692235
0.175694 0.742401
0.192034 0.692305
0.300085 0.698637
0.347489 0.688637
0.378918 0.735711
0.476867 0.689929
0.555838 0.721853
0.622901 0.690347
0.638034 0.713557
0.692693 0.713069
0.770662 0.693564
0.848768 0.713217
0.908936 0.71335
0.975557 0.693592
0.0307414 0.780575
0.119933 0.795037
0.179552 0.759627
0.241229 0.788976
0.272979 0.77912
0.347505 0.775527
0.406638 0.790995
0.45409 0.781633
0.553373 0.770322
0.587786 0.783511
0.661061 0.758837
0.723866 0.753327
0.765755 0.762444
0.871811 0.795743
0.911913 0.762931
0.977549 0.792218
0.0106374 0.850835
0.0896534 0.824727
0.128107 0.815722
0.249596 0.816794
0.270297 0.825996
0.370172 0.831577
0.431135 0.852449
0.438939 0.867135
0.527974 0.827224
0.574441 0.844232
0.644291 0.866121
0.696608 0.857051
0.788685 0.823911
0.864662 0.866442
0.876929 0.856931
0.995288 0.863268
0.0542124 0.90882
0.0699443 0.926144
0.132238 0.895133
0.204379 0.924804
0.300226 0.919909
0.370929 0.908317
0.396096 0.879677
0.4637 0.912232
0.524322 0.894664
0.604363 0.89705
0.627727 0.906989
0.690783 0.927409
0.792469 0.928341
0.871335 0.926906
0.905245 0.920193
0.983258 0.909675
0.032926 0.967526
0.119063 0.93973
0.180637 0.988845
0.239189 0.966881
0.298714 0.985551
0.330741 0.984805
0.419359 0.985289
0.45183 0.981355
0.529563 0.981448
0.588673 0.97522
0.651966 0.951188
0.716123 0.949732
0.804553 0.944398
0.822578 0.996499
0.899117 0.961484
0.949912 0.98874
