0 4096.000000000000000
1 0.002756750300343
2 0.013623117380992
3 0.021772162163005
4 0.034268583329649
5 0.049061775593510
6 0.051642007036150
7 0.066033188537985
8 0.206689531044724
9 0.094184378022432
10 0.104255871446387
11 0.116210059345624
12 0.195827708910254
13 0.162259843898434
14 0.225663838713150
15 0.171137780098691
16 0.222596346337969
17 0.315206402527184
18 0.254175225720232
19 0.256823198997467
20 0.356725689670751
21 0.354877152918521
22 0.380324193126460
23 0.531750266649588
24 0.632724205703710
25 0.559738596517070
26 0.556111174710875
27 0.660614750597598
28 0.696927597848632
29 0.828819892478020
30 0.539284365697658
31 0.648751541306346
32 0.567022644938157
33 0.646301969267016
34 0.771477290075720
35 0.552553480066315
36 0.682452043911019
37 0.659495377897341
38 0.714417180110912
39 0.595417021865050
40 0.872945573607814
41 0.746889458069383
42 0.691837777443633
43 0.769320485472922
44 0.852909779776271
45 0.853079106740088
46 1.077747288053561
47 0.967661385656710
48 1.322601601456835
49 1.007917496773368
50 0.898578204762980
51 1.042134435335669
52 0.860342680637237
53 0.938534749555115
54 0.855367444567011
55 0.713092207814591
56 0.715973362323885
57 0.769590813037220
58 0.829932181028687
59 0.850335527371734
60 0.755169832331847
61 0.883039876750474
62 0.744539477502362
63 0.881375774267782
64 0.797701627739658
65 0.833977594316839
66 0.978694524341661
67 0.797786171685672
68 0.863682432398810
69 0.985869583504915
70 0.845617937298125
71 0.853577809727902
72 0.929333288679748
73 0.952506041077496
74 0.937482186319099
75 0.807150580612384
76 0.883678411924567
77 0.961194615372117
78 0.951582986439190
79 0.921406980705809
80 0.967722455160787
81 0.920160226748752
82 1.021508040777379
83 0.983830514274445
84 0.970493013736941
85 0.970953597587400
86 1.049301518391620
87 0.990092681709284
88 0.910826835720073
89 1.108314462394469
90 0.927892947579470
91 0.971269784205066
92 0.973015450153413
93 1.080246926618601
94 1.063800662860002
95 1.005300900638732
96 1.070208249736423
97 1.105096126955203
98 0.796424725527948
99 1.003012545509823
100 0.900620197216709
101 0.962784836122229
102 0.869244092047552
103 0.974240336859696
104 0.898445957761334
105 0.891989029226559
106 1.042267496242129
107 0.951848776884375
108 0.991249740479525
109 1.074627436959552
110 1.181448741457217
111 1.061273702550078
112 1.034854226817765
113 1.073903475143125
114 1.101840311209977
115 1.094220545993831
116 1.075354030618884
117 1.144283664932487
118 1.176050526895473
119 1.052793143847952
120 1.233290129356900
121 1.022308537653068
122 1.088616187777648
123 1.069882453695547
124 0.958770324208592
125 0.881349155449221
126 0.961634986127265
127 1.019377305808139
128 0.947041154136486
129 1.055287208018445
130 1.180873327596161
131 1.070455359141188
132 1.042443690166168
133 1.073848822900661
134 1.140157367682891
135 1.215401328096232
136 1.062030231128549
137 1.064779962941611
138 1.065306514130939
139 0.989512954207937
140 1.056493596744618
141 1.010116302559357
142 0.980109815845731
143 1.009532981345840
144 1.026771759565379
145 0.952071989402325
146 1.021704059049102
147 0.876119392030467
148 0.934232256434271
149 0.953253511284487
150 0.952101130031283
151 0.916162447511131
152 0.934115113998097
153 0.880528187210792
154 0.919781959685809
155 1.029229667898105
156 0.907365067200507
157 0.939372003306250
158 1.048964250687148
159 0.912357677847999
160 1.000857660552803
161 0.908636175705026
162 0.991608963942402
163 1.004697301666633
164 0.987987094733647
165 1.009227615029357
166 0.960780617787869
167 1.022306554939635
168 0.917564590531633
169 1.012051406504807
170 0.985876625409080
171 1.008876420484701
172 0.964019137540798
173 0.968328623755953
174 0.922137840405541
175 0.974602862939267
176 0.931391585757308
177 0.981956546991948
178 0.962070311218271
179 1.067208398816466
180 0.943534557645496
181 0.983241202365259
182 0.951879197487461
183 1.043791293589597
184 0.982054694677278
185 0.971032724777586
186 0.990591406714905
187 1.017826550936516
188 1.061177101986651
189 0.996867171032524
190 0.975951581376637
191 1.017422108883750
192 1.109551215656850
193 0.971582386629156
194 0.999588106132774
195 1.037590490647407
196 0.926844526917088
197 0.994311360162021
198 0.969680305803257
199 1.011577868047714
200 0.964618713822689
201 0.954275001221147
202 0.980683217344084
203 1.014274072869967
204 1.029531296236462
205 0.992593566392963
206 1.000385506518103
207 1.010950020981527
208 0.963768749834738
209 1.037791026846201
210 0.943301840203860
211 1.005531973471864
212 1.026241132219271
213 1.029703145701955
214 1.007960751966870
215 1.014552017911054
216 1.018315563663177
217 0.973081376133599
218 0.992163277460817
219 1.077405322237694
220 1.017678579271985
221 0.994857357765755
222 0.970247152249889
223 0.976646697162037
224 0.970204108241829
225 0.930089966977364
226 0.994271840050337
227 0.955728313005464
228 1.037232229660887
229 0.965135837996504
230 1.015963293496853
231 0.952776164071054
232 1.111702886332702
233 1.022115093524048
234 0.955240788282172
235 1.011380102246934
236 1.024260901135811
237 1.026155112121522
238 1.016962697615124
239 1.013117455084243
240 1.120422011633615
241 1.009269367145707
242 1.003874110359474
243 0.992042310509249
244 1.018155683333086
245 1.048039608564177
246 1.132607814954674
247 1.023814047298448
248 0.989166600442658
249 0.978239244188243
250 0.920885338308484
