0 4096.000000000000000
1 0.002125399193418
2 0.013493365600256
3 0.024922645701709
4 0.036908341912038
5 0.053897592811386
6 0.052619887019335
7 0.072546491735925
8 0.187479799914817
9 0.100674558988542
10 0.098318992089821
11 0.116780479050548
12 0.200669403786438
13 0.157604652792066
14 0.221736371345556
15 0.171585001130746
16 0.259876282153677
17 0.328287144037039
18 0.263554984418049
19 0.281445262341297
20 0.391498124900225
21 0.368562531177134
22 0.390796694390806
23 0.525289529077879
24 0.599053995809154
25 0.529819150404532
26 0.551284196331640
27 0.636534497529692
28 0.684910518786708
29 0.837839917092609
30 0.594436447276012
31 0.676272491698783
32 0.583555454548512
33 0.675759477086214
34 0.798158234026602
35 0.554472139043772
36 0.660345212632960
37 0.684962647783196
38 0.701771276272867
39 0.583021985697989
40 0.809605142756410
41 0.728889200961995
42 0.666023593840600
43 0.785342373692574
44 0.852179770250401
45 0.796532197198037
46 1.042008216609782
47 0.993386745433235
48 1.258537044379380
49 0.915826031638623
50 0.851516299236350
51 1.013656059909897
52 0.847348321028223
53 0.919939088137006
54 0.848558644424664
55 0.704344293368212
56 0.726972495891982
57 0.803612795475518
58 0.833381449258125
59 0.849281574034936
60 0.741951048887280
61 0.905339988627162
62 0.726204092760031
63 0.871333766588604
64 0.792382126097286
65 0.829961442002960
66 0.999512258213034
67 0.845843885796554
68 0.911964280617570
69 1.017156215568109
70 0.873858590984908
71 0.893728809114329
72 1.008893272242372
73 1.026980906508034
74 0.967115310075049
75 0.824625376962978
76 0.934545470383425
77 0.972414942896008
78 0.958408796340076
79 0.966749683013540
80 0.974760005796284
81 0.902284594195368
82 1.062605568783431
83 0.988050366800132
84 0.951261926670274
85 0.966669460518939
86 1.016319171578478
87 0.982921059606577
88 0.927836311265919
89 1.081383711132582
90 0.893255597475847
91 0.949348946749159
92 0.993625571413769
93 1.064833251248687
94 1.057957747455938
95 0.996800651730476
96 1.137762046103772
97 1.096024375026094
98 0.764526015449147
99 0.969261311745623
100 0.890159947811433
101 0.948792717163222
102 0.852931023348082
103 0.989637600036605
104 0.864938011696847
105 0.879784761330246
106 1.023013292652919
107 0.946619438351619
108 0.995736052286271
109 1.063051155246506
110 1.196592389164815
111 1.043790886513539
112 1.025948865406350
113 1.039792113835433
114 1.124438781721410
115 1.098170392451138
116 1.059642818607492
117 1.129084990127263
118 1.183010619027952
119 1.010412087722187
120 1.225979613290840
121 1.034036925521056
122 1.083305423810978
123 1.069832514185512
124 0.981296613694068
125 0.884587132779307
126 0.995490339776984
127 1.041933462046924
128 0.956844258561384
129 1.087492213495085
130 1.219985708210056
131 1.101082717370275
132 1.114068817699465
133 1.085626562511104
134 1.127045830775830
135 1.169912783446347
136 1.022758551279360
137 1.070680818974054
138 1.067909796265505
139 0.990091850562477
140 1.061225090623608
141 1.030571670812316
142 0.989390977019674
143 1.024077099745714
144 1.026861337708791
145 0.956232652992703
146 1.026475202579356
147 0.883471885679967
148 0.930764784463223
149 0.918107628317670
150 0.926673882237342
151 0.927091027486915
152 0.932503594878018
153 0.878352032185173
154 0.925549305318477
155 1.018478314741709
156 0.903233167234029
157 0.921323759326252
158 1.052584593157700
159 0.895629018382892
160 0.983444121381002
161 0.890783022785810
162 0.957158393728540
163 0.985197809663329
164 0.965698460834051
165 1.033640850118217
166 0.991608193913030
167 1.019911150086001
168 0.941915303309212
169 1.034386939977245
170 0.989387880358244
171 1.016181748542905
172 0.986363899106940
173 0.988929641540005
174 0.927655184732111
175 0.994573253947018
176 0.927059371180819
177 0.978130883651477
178 0.969098942398211
179 1.045262175617977
180 0.949619704030867
181 0.984491329531620
182 0.921143334902442
183 1.040636952084572
184 0.963006427739674
185 0.940339535116146
186 0.989160992409559
187 1.005023641440501
188 1.069651284153776
189 1.026189914682962
190 0.979800348293682
191 1.020558598451065
192 1.118275836041096
193 0.984661163327221
194 1.002056231032141
195 1.045579184133533
196 0.937555987939437
197 1.018606389825329
198 0.991224823805222
199 1.027931516914460
200 0.953997305573200
201 0.957343342402147
202 1.013331560978062
203 1.034939294878148
204 1.028567030728929
205 0.983339029111856
206 0.998579398247129
207 0.996580429974529
208 0.945139955715883
209 1.054217979295037
210 0.941874925769148
211 0.992567268489446
212 1.003857314375417
213 1.043158438840746
214 1.002408402065421
215 1.024485620922808
216 1.038575893682322
217 0.975458421239841
218 1.001993761076527
219 1.037550537087681
220 1.008024202106710
221 0.982240040490671
222 0.969403598417419
223 0.976112531279963
224 0.938435425483655
225 0.912631018945046
226 0.985882210429890
227 0.945756957541251
228 1.031598594050690
229 0.949865949337321
230 1.010483442827420
231 0.958020283571689
232 1.094010982266784
233 1.023024465144257
234 0.957207995504456
235 1.012163620095214
236 1.023605529755886
237 1.027928797875868
238 1.016226869669639
239 1.023818510240286
240 1.128054560559682
241 1.011010343648904
242 0.997361507944750
243 1.004419965656957
244 1.003428083142817
245 1.037226047041485
246 1.134636383192315
247 1.035404281615374
248 0.996572727237649
249 0.986820903028730
250 0.911049694129783
