0 4096.000000000000000
1 0.002293832049755
2 0.007664366062565
3 0.019757334066790
4 0.042529976930535
5 0.047478289268545
6 0.055982546684067
7 0.108636646142738
8 0.227583815434978
9 0.078561740319917
10 0.079317754109303
11 0.114067925311765
12 0.153368264716265
13 0.105444326832504
14 0.154911977698699
15 0.099826701816108
16 0.236740663247591
17 0.284583367113131
18 0.308786576724861
19 0.305699356201674
20 0.396820366689009
21 0.504858017346863
22 0.352458260948034
23 0.675658108236526
24 0.934611873635828
25 0.629778562557865
26 0.783439871428229
27 0.692513691549697
28 1.246861884568906
29 0.787604443237441
30 0.773975198612254
31 0.634128463400273
32 0.732533413119370
33 0.884770587277050
34 0.776796778840865
35 0.694885598594814
36 0.774097555369929
37 0.875618306386453
38 0.723263189837039
39 0.585426766180208
40 0.711002566875485
41 0.762254324223297
42 0.722611278812867
43 0.924028888221328
44 0.907020961635482
45 1.394438707690569
46 0.905484896097935
47 0.850133440221880
48 1.023465068818482
49 0.909586841333680
50 0.744842782254376
51 0.820759516873457
52 0.900138314920964
53 1.032508767058727
54 0.856046927342448
55 0.606659874601629
56 0.634261590403766
57 0.785096373340201
58 0.852009984451106
59 0.934387584650482
60 0.694792709775411
61 1.080225144821195
62 0.752686492494272
63 0.884165954041684
64 0.741411098167848
65 0.945283522682649
66 1.037766020232071
67 0.821588142485233
68 0.885261742808624
69 1.172150779426729
70 0.867554851807110
71 0.876650642953152
72 0.845585918444301
73 0.848046523494388
74 0.771407022635856
75 0.861177324456477
76 0.955829168806035
77 0.788017487212484
78 0.888622608187593
79 0.772814254840385
80 0.895533740179151
81 1.041456039206384
82 1.051036644699826
83 0.935314813578596
84 0.927958053184671
85 0.901146628021429
86 0.928329672002114
87 0.993386844140410
88 0.989003074752512
89 1.106884190198831
90 0.882567522529148
91 0.900202078816045
92 0.906977756419015
93 1.103971818238145
94 1.281217758887943
95 1.109802383580998
96 0.958477076089854
97 1.068030523769032
98 0.818538196505615
99 0.904038439361639
100 0.803714457710809
101 0.911649620541480
102 0.848751537458927
103 0.902363971511284
104 0.923963378157331
105 1.003732286241032
106 1.215729687417345
107 0.947688412727815
108 0.907736742028235
109 1.110849457137289
110 1.015001378978304
111 0.979777007834137
112 0.916093964170247
113 0.979948181210159
114 1.134272415055125
115 1.190399320258394
116 1.100065901537898
117 1.105157754498736
118 1.101289209812097
119 0.974354360778156
120 1.168611375712911
121 1.148115347044419
122 1.020778087147631
123 0.964127513552732
124 0.946792397657679
125 0.844578238837576
126 0.905198752338200
127 0.968086978079872
128 0.936946939909803
129 0.960844554728663
130 1.180811305465644
131 1.113946234933190
132 1.133930846718540
133 0.976498472824915
134 1.021470329705070
135 0.903729471601854
136 0.959068931617824
137 0.883321335818130
138 0.969246723046977
139 0.997079619072518
140 1.290582687679797
141 1.185665653103107
142 0.979719526545101
143 1.096893285416068
144 1.080119010318102
145 0.973165992149660
146 1.076061656751467
147 0.888972931844107
148 0.997984940751988
149 0.886547348360015
150 0.834823004147389
151 1.012665633688370
152 0.939337129365046
153 0.844847448275840
154 0.892811520231177
155 0.946786965877930
156 0.928289393034598
157 0.891322669976941
158 1.136643739395643
159 0.834250254697400
160 0.854126472791999
161 0.799378234352588
162 0.832782246417722
163 1.061879375005612
164 0.899219377527267
165 0.939283032428746
166 0.916006379268680
167 0.992746821605873
168 0.957229723331925
169 0.989397386674293
170 0.974026647895045
171 1.124928254351571
172 0.931606256293257
173 1.055650801011386
174 0.966444201367468
175 1.031447904272521
176 0.999773797844827
177 1.069760848437565
178 0.970497031837542
179 1.228000608628397
180 1.120157543371413
181 1.072101958253552
182 0.883834042777566
183 1.214184659724042
184 1.184021034340427
185 1.014480850990906
186 1.006177933642746
187 0.965062962535519
188 1.064858316523623
189 0.861966066237586
190 1.194920545917160
191 1.056366846675766
192 1.248589347262838
193 0.936878934285341
194 1.019302031385584
195 1.183567301519401
196 0.899767658309414
197 0.979917281928075
198 0.888591872401576
199 0.998242828351204
200 0.932240965374977
201 0.881242888968825
202 1.035162157264098
203 1.038483587468636
204 1.027584465666821
205 0.890305247045538
206 0.961775591564245
207 1.035255532052267
208 1.024536030128876
209 1.157601228917282
210 0.955180885075582
211 1.032377636282356
212 1.038290385847558
213 1.059729136114828
214 1.095733176583054
215 1.084800164946648
216 1.061723641346854
217 0.871558424124788
218 0.955843640808201
219 1.042893299391584
220 1.055375378528700
221 1.063590979463718
222 0.937339861171104
223 1.023072465467272
224 1.014243243477619
225 0.873977241677596
226 0.934900245105789
227 0.912588005570912
228 1.058289639338626
229 0.909009131402032
230 0.998390465384493
231 0.876364299518425
232 1.083370602004236
233 1.026510947386332
234 1.045050413552139
235 1.068034897442628
236 1.000770931590992
237 1.069914193306818
238 0.997548646573746
239 1.113195479248630
240 1.155750110053876
241 1.052559206638898
242 0.951744863700303
243 0.961435158808806
244 0.980308439832116
245 0.888369605577847
246 1.089583090657451
247 1.016786562843741
248 1.051287613327062
249 1.072191978772322
250 0.960265498360741
