0 4096.000000000000000
1 0.002712925541196
2 0.014421127186081
3 0.024478418717772
4 0.034442178857113
5 0.049405404427959
6 0.052090684838575
7 0.067994654417510
8 0.201876462783827
9 0.093999682368141
10 0.103071004398897
11 0.116171535464475
12 0.201329694292577
13 0.164488171944677
14 0.221930146130974
15 0.169833809019911
16 0.218564220183547
17 0.314972245176984
18 0.255287047795437
19 0.260092014524904
20 0.355141383789213
21 0.346484033871843
22 0.393930938256110
23 0.516895129498577
24 0.635980182202015
25 0.546192505356187
26 0.538617876929369
27 0.682050942343927
28 0.680759259297963
29 0.793279084728482
30 0.531260074498749
31 0.664251230560214
32 0.577618186288398
33 0.645218019353935
34 0.789401353456168
35 0.568636020724542
36 0.663370042469690
37 0.661956782971945
38 0.705575235067194
39 0.592081733406896
40 0.881379847112441
41 0.729045812624331
42 0.686976641767290
43 0.738267756097422
44 0.823101808211104
45 0.841778113011122
46 1.094675190530240
47 0.945204955092096
48 1.276251452231671
49 1.001549693040128
50 0.870309845139420
51 1.029218857101138
52 0.872050009834567
53 0.924905239811564
54 0.854870367612098
55 0.724029396856767
56 0.726870528015925
57 0.789153317859806
58 0.839166230073936
59 0.883796133353487
60 0.761439669589057
61 0.915156250938551
62 0.761910148292653
63 0.906438081347120
64 0.812473424185885
65 0.853764828454401
66 1.006849711572822
67 0.806221985247227
68 0.889451144931427
69 0.991645257448033
70 0.856142565685260
71 0.864414835603105
72 0.947564536127730
73 0.961080256989369
74 0.938201770987316
75 0.814363269806052
76 0.877072232350056
77 0.932973283186700
78 0.941209080354079
79 0.905226772980945
80 0.955316673975483
81 0.905281187118812
82 0.996945663573202
83 0.991129116226869
84 0.949483596870164
85 0.977307214658405
86 1.052481783975494
87 0.979411973067150
88 0.919935433872349
89 1.094868387171256
90 0.915885005132926
91 0.958388204991679
92 0.954236961215864
93 1.078779426023985
94 1.050938236634317
95 1.018656716997267
96 1.083167969253149
97 1.102709954803768
98 0.812156793643718
99 1.010893610755658
100 0.913845324720636
101 0.967502067589565
102 0.875206449144934
103 0.981050371869981
104 0.886670568488534
105 0.866662851110691
106 1.031549084846536
107 0.944379154240876
108 1.005119330290859
109 1.080308830687928
110 1.189077821442694
111 1.072217814836562
112 1.026884266531641
113 1.077789547137463
114 1.092274502685134
115 1.080224818153657
116 1.056326451861906
117 1.130782515116997
118 1.166515813382683
119 1.031394506021936
120 1.214913363005761
121 1.024848452357081
122 1.087852829146204
123 1.072293759183433
124 0.954003542966978
125 0.882905217644820
126 0.951235898130869
127 1.006460307829730
128 0.946161998450536
129 1.049222747348166
130 1.171222443574316
131 1.059363047476457
132 1.050445934238258
133 1.085583489347587
134 1.153033555195628
135 1.249547003761725
136 1.074432641439099
137 1.083158400322378
138 1.079125562173927
139 0.980483024104396
140 1.044507549882922
141 1.020304576325198
142 0.984686453670976
143 0.992551133532382
144 1.025745351622277
145 0.953740116409645
146 1.019334826145081
147 0.871370312846723
148 0.951909220868969
149 0.951667310707814
150 0.952030198316083
151 0.916277313144274
152 0.932859515048915
153 0.876948640199073
154 0.921100385932295
155 1.039196193792055
156 0.907560080270154
157 0.942770679817543
158 1.051769518830009
159 0.925305204294542
160 1.011666988182376
161 0.920164784847017
162 1.011925147413169
163 1.010352548144241
164 0.982806916104847
165 1.019340970613813
166 0.966400028347444
167 1.036699564165378
168 0.924561936701861
169 1.015177470706648
170 0.973746490216124
171 1.019516954282750
172 0.977849130498901
173 0.976297718967283
174 0.927121902715892
175 0.978442569662736
176 0.934395606710551
177 0.980484987205882
178 0.961075865787129
179 1.063946550939872
180 0.936534237050593
181 0.976903553261959
182 0.940178334433366
183 1.045683139069876
184 0.982269180415649
185 0.972876068715852
186 0.996977736937158
187 1.014797099216089
188 1.054667985272033
189 0.988560737067801
190 0.975653281492573
191 1.013954212497771
192 1.102710499213939
193 0.969289931013670
194 0.987837389796578
195 1.025635357957204
196 0.932485325475857
197 0.990809044073265
198 0.972528473117677
199 1.016097431635438
200 0.970654197535396
201 0.959705287633504
202 0.966688617549285
203 1.006252030559968
204 1.015893992575776
205 0.980900046190901
206 0.999706697130844
207 1.007973021904526
208 0.962320778264223
209 1.031788821993072
210 0.948964748743507
211 1.007779343381835
212 1.014897961212581
213 1.021245803464710
214 1.008301333816964
215 1.009664161295634
216 1.023719123119266
217 0.980386351957767
218 0.987664761066984
219 1.091678504142926
220 1.024993427782102
221 1.003457969291386
222 0.969160477960433
223 0.980735056153617
224 0.972778505380013
225 0.921145374210698
226 0.990701336530983
227 0.951305961411163
228 1.036378077473060
229 0.959603501179818
230 1.012179980765757
231 0.945383258063325
232 1.109756047142761
233 1.015263664364590
234 0.954716205694902
235 1.005232096659179
236 1.012866041956541
237 1.023115532989142
238 1.016152230819216
239 1.011745138880269
240 1.115335237521772
241 1.022375638942497
242 1.007583061931803
243 0.990035937130530
244 1.020136233785334
245 1.073427709476758
246 1.158645480778180
247 1.035099764653845
248 0.990333510537021
249 0.981109408604920
250 0.918231559829522
