0 4096.000000000000000
1 0.001326694073943
2 0.005758124149415
3 0.013891347365653
4 0.012938833632071
5 0.026704408683431
6 0.013864770179720
7 0.073443540550920
8 0.105181584457170
9 0.048768968982818
10 0.128379337102663
11 0.045192173675369
12 0.118943389057226
13 0.126080790312870
14 0.126829056647640
15 0.190828885066528
16 0.259173537608321
17 0.245279131530312
18 0.212905548683021
19 0.180064486331704
20 0.336951908710583
21 0.209198402375641
22 0.257912231337434
23 0.388014922736764
24 0.720515469250765
25 0.329614499667752
26 0.415355377243470
27 0.489786733266862
28 0.529860896514918
29 0.538252437873678
30 0.799198318631776
31 0.409164860498598
32 0.322628163562305
33 0.407605325165667
34 0.477504887884408
35 0.734956008864359
36 0.850303624942207
37 0.411382512739277
38 0.730358711381212
39 1.068676740130932
40 0.488785345840361
41 0.527693540088278
42 0.375239946656798
43 0.388076362878950
44 0.339857934904961
45 0.499189497975518
46 0.472790696912532
47 1.244857774979188
48 0.709881458783046
49 1.192484527252168
50 0.923405144003934
51 0.621143580761535
52 1.064173407984666
53 0.656238985367406
54 0.691607522436716
55 0.822896142322545
56 1.198033484899550
57 0.875252050414105
58 0.682840966226486
59 0.501585310759712
60 0.705059228601353
61 1.736883131206187
62 0.763125627812789
63 1.355375276235314
64 0.902455027927861
65 0.780380812158305
66 0.939676425856746
67 1.372150519635496
68 1.813323634409215
69 2.172495453549515
70 1.257553434918193
71 1.840424318787555
72 1.173476512276647
73 0.811515158658211
74 0.817308243248423
75 1.493529231620377
76 1.033875747018912
77 0.861024666371729
78 0.818705304745224
79 0.623824300015152
80 0.920111932946220
81 0.648090233774971
82 0.780483758627264
83 0.803752251416477
84 0.598397044395066
85 0.568295958140425
86 0.836475199727363
87 0.756607182621713
88 0.624126509251218
89 0.660491917827457
90 0.602226409955853
91 0.706047966195128
92 0.635612579540803
93 0.798143111091807
94 0.677982632136622
95 0.774509631563189
96 1.046445910101226
97 0.475322794443330
98 0.539861401178368
99 0.746018632209774
100 0.667480478483061
101 0.957650847345102
102 1.086132129611204
103 1.091629333754306
104 1.468899445588388
105 1.490714544433161
106 1.127594620407351
107 1.080925657043676
108 1.529699540117046
109 1.255916268028757
110 1.070869943154591
111 0.821553704495971
112 0.874887192498003
113 1.005978986834705
114 1.200281275501760
115 0.904009273221028
116 1.084237147348197
117 0.850799044714089
118 1.250105812046619
119 1.180982655294651
120 1.552197615708513
121 1.269286594208073
122 0.794690085713556
123 1.038327230499476
124 1.255347418310460
125 1.105852154072104
126 1.040753287276216
127 0.899551336219581
128 0.908588074265595
129 0.962365665760399
130 0.971156507711860
131 0.817863850848935
132 1.053084510539509
133 1.151396395438824
134 1.053117929401535
135 1.311390669305428
136 1.034362085022773
137 0.856264699660034
138 1.160473746829175
139 1.092942852568499
140 0.883915139013444
141 1.157018889587243
142 1.120008055403406
143 1.085899118693910
144 1.018130901739801
145 1.099707000142091
146 0.863372948728482
147 1.178859061852485
148 1.466734346955370
149 1.129834807426917
150 1.002645995086001
151 0.919725390881468
152 1.191214492862996
153 0.710251857749442
154 0.990831366715991
155 0.771806417574894
156 0.833743940962668
157 1.031025408695949
158 0.923183731629214
159 0.968405440448454
160 0.811972551938060
161 0.769675363296244
162 0.847851569730432
163 0.855219087197633
164 0.913389000423446
165 0.783428554397126
166 1.232698748150462
167 1.092272736220840
168 1.061694554914906
169 0.857324287785505
170 0.962603392433843
171 0.901208754187952
172 0.773524695198698
173 0.776144644364378
174 0.778731228781963
175 1.231508051857227
176 1.358099304297921
177 1.428503806284853
178 1.290130476604233
179 1.058720504037334
180 0.988967519749504
181 1.017269539670297
182 1.234382462641264
183 0.801465747038671
184 1.150437271630704
185 0.722789780864381
186 0.894312005017572
187 0.682032374131098
188 0.808298011604112
189 0.899063458293693
190 0.777900689214936
191 0.721675759285829
192 0.855729259528039
193 1.071689061878322
194 0.768098814681960
195 0.860174261351118
196 1.011055067552332
197 0.795716449067114
198 1.153021034459927
199 1.092623483890772
200 1.069687931690491
201 1.088123373878421
202 0.837717710957513
203 0.810774703887418
204 0.942473966947529
205 3.571492353005159
206 1.439282575960106
207 1.177091087509977
208 1.487679946832501
209 1.203269344322561
210 0.877257674896423
211 1.060801821405127
212 1.165491348349300
213 0.680082701924881
214 0.895681685259448
215 0.671812785867372
216 1.031791653563969
217 0.937359502036565
218 1.057076747273056
219 0.818700551779471
220 0.809145198042859
221 0.772110703616162
222 0.669307904931919
223 1.033093875381751
224 0.614776533961655
225 0.806596436496036
226 1.016595394600281
227 1.227804477349856
228 1.105227826683051
229 0.820776643116241
230 1.101283458679197
231 0.944425035390077
232 0.841570689542512
233 0.698252000516083
234 0.961314687667647
235 0.880360216082451
236 0.860877029800879
237 0.932740042037500
238 1.176581635961134
239 0.921206417645379
240 1.004916487832650
241 0.834617573524217
242 0.943932815312941
243 1.092769792104595
244 1.021484195873494
245 1.654727464441285
246 1.278870016953155
247 1.578646271032476
248 1.149396936995046
249 1.200065622110061
250 0.895642140893290
