0 4096.000000000000000
1 0.001326694073943
2 0.005758124149415
3 0.013891347365653
4 0.012938833632071
5 0.026704408683431
6 0.013864770179720
7 0.073443540550920
8 0.105181584457170
9 0.048768968982818
10 0.128379337102662
11 0.045192173675369
12 0.118943389057226
13 0.126080790312870
14 0.126829056647640
15 0.190828885066528
16 0.259173537608322
17 0.245279131530313
18 0.212905548683022
19 0.180064486331704
20 0.336951908710583
21 0.209198402375641
22 0.257912231337434
23 0.388014922736765
24 0.720515469250765
25 0.329614499667753
26 0.415355377243470
27 0.489786733266863
28 0.529860896514919
29 0.538252437873679
30 0.799198318631777
31 0.409164860498597
32 0.322628163562306
33 0.407605325165667
34 0.477504887884408
35 0.734956008864359
36 0.850303624942210
37 0.411382512739277
38 0.730358711381213
39 1.068676740130931
40 0.488785345840361
41 0.527693540088279
42 0.375239946656798
43 0.388076362878949
44 0.339857934904963
45 0.499189497975518
46 0.472790696912532
47 1.244857774979188
48 0.709881458783046
49 1.192484527252168
50 0.923405144003934
51 0.621143580761535
52 1.064173407984665
53 0.656238985367405
54 0.691607522436716
55 0.822896142322545
56 1.198033484899547
57 0.875252050414103
58 0.682840966226486
59 0.501585310759712
60 0.705059228601352
61 1.736883131206184
62 0.763125627812790
63 1.355375276235311
64 0.902455027927862
65 0.780380812158305
66 0.939676425856743
67 1.372150519635490
68 1.813323634409220
69 2.172495453549511
70 1.257553434918194
71 1.840424318787551
72 1.173476512276647
73 0.811515158658210
74 0.817308243248425
75 1.493529231620377
76 1.033875747018916
77 0.861024666371729
78 0.818705304745225
79 0.623824300015154
80 0.920111932946217
81 0.648090233774969
82 0.780483758627261
83 0.803752251416477
84 0.598397044395068
85 0.568295958140427
86 0.836475199727362
87 0.756607182621709
88 0.624126509251214
89 0.660491917827458
90 0.602226409955851
91 0.706047966195128
92 0.635612579540800
93 0.798143111091807
94 0.677982632136619
95 0.774509631563193
96 1.046445910101223
97 0.475322794443331
98 0.539861401178372
99 0.746018632209776
100 0.667480478483054
101 0.957650847345104
102 1.086132129611203
103 1.091629333754310
104 1.468899445588387
105 1.490714544433162
106 1.127594620407350
107 1.080925657043675
108 1.529699540117051
109 1.255916268028757
110 1.070869943154589
111 0.821553704495972
112 0.874887192498001
113 1.005978986834706
114 1.200281275501762
115 0.904009273221028
116 1.084237147348194
117 0.850799044714082
118 1.250105812046626
119 1.180982655294645
120 1.552197615708508
121 1.269286594208076
122 0.794690085713553
123 1.038327230499476
124 1.255347418310456
125 1.105852154072103
126 1.040753287276212
127 0.899551336219579
128 0.908588074265594
129 0.962365665760405
130 0.971156507711861
131 0.817863850848931
132 1.053084510539509
133 1.151396395438822
134 1.053117929401530
135 1.311390669305422
136 1.034362085022771
137 0.856264699660031
138 1.160473746829178
139 1.092942852568501
140 0.883915139013438
141 1.157018889587237
142 1.120008055403404
143 1.085899118693906
144 1.018130901739801
145 1.099707000142094
146 0.863372948728488
147 1.178859061852489
148 1.466734346955370
149 1.129834807426924
150 1.002645995086005
151 0.919725390881471
152 1.191214492863000
153 0.710251857749438
154 0.990831366715994
155 0.771806417574893
156 0.833743940962669
157 1.031025408695952
158 0.923183731629215
159 0.968405440448456
160 0.811972551938063
161 0.769675363296249
162 0.847851569730430
163 0.855219087197637
164 0.913389000423447
165 0.783428554397123
166 1.232698748150462
167 1.092272736220844
168 1.061694554914907
169 0.857324287785505
170 0.962603392433837
171 0.901208754187958
172 0.773524695198701
173 0.776144644364379
174 0.778731228781965
175 1.231508051857233
176 1.358099304297912
177 1.428503806284853
178 1.290130476604223
179 1.058720504037332
180 0.988967519749502
181 1.017269539670296
182 1.234382462641259
183 0.801465747038671
184 1.150437271630702
185 0.722789780864381
186 0.894312005017573
187 0.682032374131096
188 0.808298011604112
189 0.899063458293696
190 0.777900689214934
191 0.721675759285828
192 0.855729259528040
193 1.071689061878323
194 0.768098814681957
195 0.860174261351117
196 1.011055067552335
197 0.795716449067117
198 1.153021034459925
199 1.092623483890775
200 1.069687931690491
201 1.088123373878422
202 0.837717710957515
203 0.810774703887416
204 0.942473966947526
205 3.571492353005157
206 1.439282575960118
207 1.177091087509974
208 1.487679946832507
209 1.203269344322564
210 0.877257674896421
211 1.060801821405132
212 1.165491348349301
213 0.680082701924883
214 0.895681685259445
215 0.671812785867373
216 1.031791653563970
217 0.937359502036563
218 1.057076747273056
219 0.818700551779477
220 0.809145198042861
221 0.772110703616163
222 0.669307904931919
223 1.033093875381756
224 0.614776533961659
225 0.806596436496031
226 1.016595394600278
227 1.227804477349854
228 1.105227826683046
229 0.820776643116240
230 1.101283458679194
231 0.944425035390072
232 0.841570689542511
233 0.698252000516083
234 0.961314687667647
235 0.880360216082454
236 0.860877029800876
237 0.932740042037506
238 1.176581635961136
239 0.921206417645376
240 1.004916487832651
241 0.834617573524216
242 0.943932815312945
243 1.092769792104598
244 1.021484195873499
245 1.654727464441286
246 1.278870016953158
247 1.578646271032464
248 1.149396936995044
249 1.200065622110059
250 0.895642140893288
