0 4096.000000000000000
1 0.002504356483914
2 0.014423871515766
3 0.023930761232561
4 0.033770473023184
5 0.048043171279130
6 0.052121327802146
7 0.066304094703739
8 0.197272449920734
9 0.097479847724948
10 0.105924411849648
11 0.117967688499873
12 0.203205786052812
13 0.163121260195220
14 0.227945418423573
15 0.170322323247329
16 0.227720454996261
17 0.326282137236302
18 0.256999030045318
19 0.264322850910101
20 0.368341421574835
21 0.360547182350539
22 0.358346330916638
23 0.508541782649172
24 0.622218674188744
25 0.539425112887478
26 0.547275341098825
27 0.638063747876570
28 0.693977080065736
29 0.812888500624369
30 0.551880172743450
31 0.673634795958424
32 0.579412408894211
33 0.654049163291216
34 0.764311830683353
35 0.556649579062276
36 0.699120506248299
37 0.666499541551390
38 0.740113409748356
39 0.601804421417086
40 0.876059004028358
41 0.737477934956268
42 0.695032028028357
43 0.762688920962246
44 0.847659858471115
45 0.853120998327611
46 1.075830011961849
47 0.957342082013770
48 1.286815265983863
49 1.000277335483275
50 0.858868877142032
51 1.007516529666893
52 0.839765392412361
53 0.902132179727123
54 0.832682261879342
55 0.703659963616269
56 0.716514552072222
57 0.776457035361539
58 0.837031766096171
59 0.870414804434845
60 0.752832049339429
61 0.899108434168710
62 0.747970714641023
63 0.891539576059121
64 0.801903696249553
65 0.838508486835197
66 0.997448446076929
67 0.814596710498704
68 0.879115529439610
69 1.002971415501924
70 0.844378695611993
71 0.850774787623277
72 0.937166028832042
73 0.982981517080876
74 0.957384294806953
75 0.823802477808105
76 0.899044468921943
77 0.974994116033020
78 0.950768642138869
79 0.951655943604268
80 0.959918097846023
81 0.891911923811337
82 1.020282202600370
83 0.981756238972080
84 0.962272174682190
85 0.972967380310884
86 1.052948721162659
87 0.983866812942320
88 0.926854154712761
89 1.116264702339296
90 0.923612663562953
91 0.958802667591066
92 0.977170679885659
93 1.058552924654818
94 1.053941472024720
95 1.001596108531734
96 1.081057997614184
97 1.082423221478923
98 0.788555878292810
99 0.996143087202212
100 0.906861897761072
101 0.964002275099306
102 0.875211449292659
103 0.976215748801473
104 0.887236530505490
105 0.890479562141292
106 1.018486661428740
107 0.941258764113793
108 0.992959905768460
109 1.073107956118337
110 1.185437499389042
111 1.049331953790492
112 1.039960502774772
113 1.065031873097245
114 1.118580305887381
115 1.091489340852834
116 1.070532158193432
117 1.136765796946457
118 1.162731007945289
119 1.025853562981586
120 1.214726695206884
121 1.011986281046345
122 1.094892444815679
123 1.065311654578195
124 0.959463411670114
125 0.880018434981786
126 0.964624020407785
127 1.023624638169756
128 0.951602595042102
129 1.055899955644376
130 1.188975041488704
131 1.071640653269688
132 1.063405596780461
133 1.107129026678928
134 1.146094357797434
135 1.199042571823243
136 1.047685821273095
137 1.070653224716698
138 1.074725641307941
139 0.980432049421958
140 1.057765049352329
141 1.016747580947853
142 0.989748484574181
143 1.016642956612506
144 1.021224229655363
145 0.957723942488908
146 1.015911693990806
147 0.874294478984199
148 0.928811438660042
149 0.949272692274288
150 0.958782132314227
151 0.917179355086989
152 0.929745998561010
153 0.884432213293182
154 0.924373986213595
155 1.023743176787462
156 0.913789760471156
157 0.941793748664274
158 1.049649459878973
159 0.914026993073932
160 0.998664364521736
161 0.903320409086675
162 0.995474219522538
163 1.011838853397109
164 0.979455776953880
165 1.025569614628387
166 0.959576423872437
167 1.020957040362328
168 0.917996841052235
169 1.014240755827288
170 0.989685093140818
171 1.007633712313825
172 0.981088756332645
173 0.978312823221719
174 0.922959811523879
175 0.976722532549129
176 0.935002688609830
177 0.988981353059053
178 0.960451940888412
179 1.060427685302167
180 0.943814230616895
181 0.970422845673525
182 0.945604792711170
183 1.038549167044317
184 0.971692066189100
185 0.959198046844204
186 0.989900872189220
187 1.003897600062695
188 1.069366347394798
189 1.004562769697721
190 0.981239898350308
191 1.019538660962248
192 1.109621619317695
193 0.976141434070285
194 1.005008120604491
195 1.048234732150038
196 0.935151276207025
197 0.999301717265747
198 0.970182338016219
199 1.015724584943300
200 0.967775887428668
201 0.962133109441613
202 0.991539057024241
203 1.020013759272000
204 1.016077421685819
205 0.988611216939711
206 0.993363741670511
207 1.008651960210849
208 0.959069569755753
209 1.047700532191767
210 0.940853691800767
211 1.003156973997278
212 1.031031166971478
213 1.037621530411992
214 1.010272753097221
215 1.018792560944245
216 1.021629811953028
217 0.976154870585114
218 0.989562159604743
219 1.076359392427477
220 1.013197946377167
221 0.996618140898119
222 0.974597918130469
223 0.974227503481327
224 0.963972181088695
225 0.929154472904332
226 0.996173809296145
227 0.951813195971794
228 1.029948593697300
229 0.949262383502812
230 1.012581919655370
231 0.958253031414276
232 1.117731218999109
233 1.030342397083639
234 0.954882016995048
235 1.010802565010612
236 1.018167685799024
237 1.022155023392885
238 1.008493848881385
239 1.008312574272845
240 1.115541605465438
241 1.010274991138899
242 1.004869698559152
243 0.996530019942532
244 1.009350615884492
245 1.066996401832009
246 1.128999353518222
247 1.036769661771010
248 0.997239481816727
249 0.988359540932773
250 0.916595320182383
