0 4096.000000000000000
1 0.002551675995124
2 0.013721503244647
3 0.023172230848568
4 0.034379221509572
5 0.049544659594670
6 0.051289397130415
7 0.067296729488129
8 0.198654759384143
9 0.092328077541050
10 0.102131373888136
11 0.117535859869423
12 0.202477318821939
13 0.161232610651393
14 0.223952110756292
15 0.169502029178021
16 0.221683808167439
17 0.315043513187274
18 0.259467894052219
19 0.263231633042618
20 0.354292761204679
21 0.352505391211437
22 0.405725750392452
23 0.535407380332522
24 0.640264592551684
25 0.545397128578726
26 0.548571918390545
27 0.667359246748509
28 0.686844955585418
29 0.814451843069835
30 0.540523048794514
31 0.654760882573174
32 0.578657398424631
33 0.650795406602045
34 0.787956179730605
35 0.567728674905883
36 0.669893991431696
37 0.663941540433702
38 0.718662096301178
39 0.594702086836789
40 0.876011958966934
41 0.732353651558298
42 0.693928584505702
43 0.757306920552901
44 0.826097281617415
45 0.843174513981569
46 1.089165654104761
47 0.949513024124092
48 1.292266768159161
49 1.018207903491716
50 0.902276763827463
51 1.029559947675258
52 0.867745812158076
53 0.924515894850274
54 0.856639961846005
55 0.724017571498400
56 0.721512227019333
57 0.782086531847584
58 0.843093231788270
59 0.885212924571874
60 0.762954187536043
61 0.895654804560979
62 0.757594579677873
63 0.901934905735805
64 0.808647149967763
65 0.839238095784899
66 0.997853835570253
67 0.806009028507753
68 0.887206357889606
69 0.986463999077771
70 0.864205872789545
71 0.869734484766712
72 0.944546293673396
73 0.945926346589777
74 0.939262500373410
75 0.804730380299517
76 0.877898967926986
77 0.942719821359839
78 0.931681048619641
79 0.899269630110788
80 0.951241475534752
81 0.898094262553080
82 1.001210703276364
83 1.008522236317332
84 0.966326559611725
85 0.979821567509362
86 1.045584233891284
87 0.986387861782414
88 0.913140745203463
89 1.094443613630884
90 0.915149517883812
91 0.965678375458736
92 0.957297923008092
93 1.065223594763871
94 1.048336899341906
95 1.012510445799215
96 1.062952985863810
97 1.095019363725943
98 0.807729511650989
99 1.017813016643613
100 0.915570207013474
101 0.970849362627103
102 0.880219344740577
103 0.978085335644020
104 0.888084930984351
105 0.872345262926217
106 1.031813147647192
107 0.946642722229648
108 1.013326423833372
109 1.073413948240903
110 1.186372783901143
111 1.067405201078333
112 1.033255303871251
113 1.081951601643756
114 1.089951365431544
115 1.084007064732064
116 1.057892835765602
117 1.131668675723379
118 1.162415622429856
119 1.040788450151801
120 1.219373597773603
121 1.015859193237379
122 1.084103533395096
123 1.076793642532867
124 0.960735919615384
125 0.879847174394330
126 0.950453245690503
127 1.008105298386119
128 0.948296473545352
129 1.048369621233306
130 1.158116775631164
131 1.055445907919247
132 1.046880868551241
133 1.104406081942695
134 1.160379098993483
135 1.245431035836269
136 1.073083905529538
137 1.083073070237341
138 1.084701645263668
139 0.986655603694104
140 1.052514679106718
141 1.015431832304869
142 0.976756761042252
143 0.999371800750428
144 1.027498910211783
145 0.955847752820892
146 1.023278990996759
147 0.870196658204841
148 0.946577440004475
149 0.952979585161213
150 0.959771547498816
151 0.917734782122252
152 0.940331224604153
153 0.881510900492966
154 0.916238927292835
155 1.037687906280307
156 0.901505267816785
157 0.942054898506416
158 1.049093976449366
159 0.912357186947646
160 1.004301023423212
161 0.912646412613680
162 1.011494160766031
163 1.006824524525507
164 0.986188991183329
165 1.019754011285521
166 0.966752279625073
167 1.033302934446097
168 0.923942027121806
169 1.014549122653578
170 0.977920441794746
171 1.015443103864727
172 0.975601171382356
173 0.964748353968434
174 0.925805545792547
175 0.974068243489504
176 0.932024645757624
177 0.977776842428119
178 0.957691872899917
179 1.063891908134352
180 0.933508739150609
181 0.976833936671465
182 0.945001407366277
183 1.044866208760683
184 0.981914738676086
185 0.973619307863447
186 0.999244574572053
187 1.021897668496798
188 1.062338395336563
189 0.991791337027552
190 0.972873034015904
191 1.015957452542659
192 1.106654502615019
193 0.972109148187091
194 0.990992787040231
195 1.029704319330706
196 0.940767116904711
197 0.998193937331339
198 0.971150273516004
199 1.009026930606712
200 0.975255740377134
201 0.958890011724302
202 0.973435467589753
203 1.008189794518767
204 1.011905932928872
205 0.981227860919877
206 0.995459873185130
207 1.003392065600927
208 0.963619228039882
209 1.034151219725845
210 0.945339441920586
211 1.009587795632259
212 1.018962962496064
213 1.026740255627290
214 1.007803803205964
215 1.010488824282970
216 1.022486716036490
217 0.978645089531627
218 0.988332720408387
219 1.082265772342592
220 1.020018189045017
221 1.001456429862305
222 0.970895142660763
223 0.982710689659776
224 0.972003813184652
225 0.925893672522614
226 0.989063413043739
227 0.949822361847197
228 1.042239805042199
229 0.963174921676979
230 1.013868608975035
231 0.947999373896580
232 1.111194534763141
233 1.018304380891470
234 0.955289432399946
235 1.010034806024013
236 1.018272566304518
237 1.024850835233809
238 1.011302292592452
239 1.009754122254692
240 1.112981048598388
241 1.018024204883524
242 1.005258885114250
243 0.988322931360238
244 1.021489190039621
245 1.092488978417020
246 1.156239340029175
247 1.038758960355895
248 0.997377838778452
249 0.979218568206896
250 0.918740949089647
