0.22003 0.00225852
0.384672 0.0155435
0.476279 0.0120393
0.129413 0.00497988
0.195615 0.0071353
0.274466 0.014493
0.353151 0.0233288
0.409697 0.0185206
0.444035 0.0119835
0.618642 0.0268915
0.672075 0.00600494
0.805632 0.00542632
0.955023 0.0312801
0.985339 0.0041833
0.0529885 0.00749319
0.0857943 0.0223664
0.146865 0.013061
0.209428 0.0495322
0.326753 0.0232923
0.376288 0.010721
0.519177 0.0156834
0.56093 0.013066
0.639261 0.00155914
0.68887 0.0228251
0.80899 0.0291897
0.859133 0.0159407
0.899723 0.0540189
0.960469 0.000290905
0.054671 0.0376756
0.109767 0.0272824
0.163443 0.041018
0.192307 0.0340767
0.243086 0.0148447
0.313531 0.053023
0.427852 0.055864
0.485657 0.0756817
0.527676 0.0496127
0.578452 0.0560331
0.642556 0.0395364
0.71126 0.0392411
0.765803 0.060875
0.814067 0.0474982
0.8696 0.0494865
0.906304 0.0233931
0.0267725 0.0325714
0.104857 0.0485911
0.156825 0.0541478
0.242895 0.0459394
0.282927 0.0369114
0.334736 0.0368214
0.404072 0.0523801
0.456034 0.0354068
0.489715 0.0368705
0.563492 0.0447154
0.597889 0.0380881
0.740362 0.0363377
0.770711 0.0302825
0.827527 0.0550402
0.924057 0.0386767
0.988816 0.0519583
0.0128106 0.0852807
0.0520287 0.0607817
0.120729 0.0787028
0.244877 0.0669161
0.282304 0.0667701
0.350302 0.0722759
0.384692 0.0725383
0.427927 0.0881584
0.513038 0.0520065
0.619776 0.0755688
0.66043 0.0517909
0.706685 0.0610779
0.821462 0.0808253
0.862433 0.0588221
0.929255 0.0810449
0.956054 0.0479778
0.0554814 0.0927026
0.0987183 0.128837
0.156568 0.085542
0.223869 0.0847152
0.326581 0.0940882
0.36341 0.0836276
0.456564 0.0738884
0.538383 0.0815307
0.596359 0.083711
0.655257 0.072525
0.701945 0.080055
0.740654 0.0742443
0.779631 0.0813531
0.86316 0.0982525
0.892773 0.0867884
0.964168 0.0795792
0.0286496 0.087002
0.0818673 0.0698044
0.127066 0.084348
0.185866 0.104967
0.260236 0.103247
0.301128 0.0881708
0.407481 0.107185
0.478347 0.0971336
0.53703 0.0992768
0.570339 0.0965307
0.620024 0.099746
0.676786 0.0884734
0.757188 0.108912
0.795389 0.126331
0.841094 0.102048
0.920794 0.126362
0.0678684 0.101092
0.100072 0.111361
0.184399 0.0854412
0.209828 0.131813
0.301515 0.136572
0.365728 0.12675
0.414818 0.122662
0.511758 0.133138
0.570164 0.122276
0.652535 0.131703
0.701608 0.127219
0.741138 0.112839
0.805786 0.0977849
0.863328 0.129784
0.912822 0.0992964
0.957499 0.10242
0.997527 0.0863653
0.0219169 0.136878
0.0572273 0.132099
0.143289 0.126895
0.23742 0.146928
0.27502 0.113872
0.324445 0.123583
0.38408 0.131728
0.447921 0.119586
0.499432 0.115904
0.608205 0.122552
0.659385 0.118337
0.70622 0.104576
0.820584 0.12891
0.887484 0.128967
0.965853 0.145533
0.975161 0.116818
0.11521 0.155585
0.152949 0.134956
0.231927 0.116573
0.271719 0.14822
0.339814 0.149833
0.402708 0.167871
0.452984 0.134869
0.476145 0.153322
0.561736 0.138295
0.602705 0.154047
0.714159 0.14685
0.766501 0.136455
0.858733 0.155572
0.93548 0.145087
0.989985 0.146862
0.0457018 0.138963
0.0950571 0.15186
0.188829 0.172075
0.188293 0.14119
0.259061 0.17927
0.320932 0.171659
0.424482 0.164524
0.507679 0.163267
0.535335 0.1555
0.561024 0.165967
0.624329 0.151837
0.681963 0.155422
0.736687 0.166497
0.768104 0.153373
0.827571 0.156938
0.913441 0.163453
0.0563708 0.172303
0.0950496 0.192452
0.162221 0.17622
0.225091 0.170369
0.276592 0.177714
0.353382 0.204364
0.421775 0.195309
0.536989 0.191418
0.595226 0.182537
0.642147 0.180807
0.688282 0.188882
0.76373 0.205482
0.810006 0.189815
0.855852 0.18666
0.906091 0.19933
0.935788 0.194135
0.024783 0.182
0.0563181 0.2023
0.142096 0.181057
0.197292 0.199951
0.297453 0.203135
0.369421 0.15881
0.362808 0.191706
0.455187 0.171299
0.482719 0.188847
0.584304 0.194705
0.660444 0.179794
0.716528 0.187287
0.802783 0.173785
0.887179 0.173169
0.955469 0.174924
0.996196 0.182847
0.00941967 0.209811
0.122735 0.195929
0.180241 0.222064
0.2243 0.199936
0.302262 0.226292
0.316375 0.180793
0.393109 0.205639
0.470492 0.207493
0.510499 0.204945
0.54799 0.213392
0.631304 0.207507
0.725418 0.227083
0.766063 0.181086
0.814166 0.219418
0.940076 0.217347
0.988583 0.196935
0.0678933 0.218325
0.147716 0.212077
0.243361 0.218713
0.309765 0.228185
0.357231 0.231928
0.395423 0.238295
0.448688 0.227734
0.511645 0.25297
0.620268 0.213854
0.681942 0.233253
0.755479 0.219932
0.844492 0.199858
0.88332 0.223524
0.973362 0.224269
0.974066 0.236426
0.0500224 0.241099
0.0977888 0.239682
0.151537 0.236663
0.216333 0.257055
0.312473 0.266081
0.377912 0.26005
0.439756 0.245791
0.510276 0.228679
0.583865 0.229066
0.639214 0.245312
0.667476 0.225329
0.726906 0.233016
0.785132 0.248692
0.856251 0.217661
0.899004 0.232131
0.934061 0.246283
0.0242139 0.270987
0.111709 0.23678
0.148185 0.272132
0.200177 0.237238
0.255824 0.230548
0.270551 0.252213
0.4147 0.236328
0.470267 0.229527
0.54156 0.249165
0.571969 0.280308
0.636256 0.266663
0.691494 0.261824
0.76768 0.260171
0.804318 0.242145
0.844202 0.263647
0.891633 0.276565
0.0231906 0.242682
0.107494 0.276424
0.190741 0.27708
0.219826 0.277458
0.285284 0.279455
0.341415 0.25246
0.409237 0.277237
0.464018 0.284656
0.478098 0.263973
0.572203 0.246283
0.608965 0.250441
0.721942 0.264303
0.759507 0.283038
0.842982 0.247907
0.928394 0.29053
0.985774 0.266764
0.0157443 0.300493
0.0653186 0.265581
0.149619 0.256484
0.25318 0.277243
0.270033 0.310746
0.356604 0.285865
0.383065 0.300763
0.447079 0.301871
0.504296 0.279622
0.597808 0.307949
0.647143 0.285013
0.729869 0.284077
0.797399 0.291511
0.882145 0.308115
0.952632 0.299485
0.957534 0.272425
0.0473546 0.302066
0.0727334 0.275405
0.155184 0.293214
0.237107 0.306435
0.310658 0.288745
0.348704 0.307163
0.422212 0.284359
0.542032 0.283084
0.601275 0.282378
0.675177 0.277374
0.685569 0.294053
0.728039 0.311813
0.817194 0.2885
0.872277 0.273264
0.913257 0.264807
0.990118 0.296728
0.0385424 0.340129
0.104665 0.309315
0.160918 0.310012
0.187981 0.319562
0.261632 0.341513
0.31503 0.321647
0.400963 0.322446
0.485833 0.323622
0.539057 0.301007
0.55708 0.331318
0.626674 0.313531
0.682562 0.311264
0.735495 0.338655
0.784391 0.327329
0.838455 0.302844
0.929933 0.32597
0.998504 0.329264
0.00601761 0.326712
0.0591894 0.33884
0.0708464 0.308318
0.119827 0.313957
0.210967 0.322956
0.342382 0.334588
0.366936 0.346868
0.424312 0.329123
0.521344 0.322867
0.581554 0.323474
0.643797 0.328079
0.684345 0.371123
0.769322 0.316987
0.78253 0.354567
0.854587 0.323503
0.900091 0.323226
0.949863 0.372533
0.00179041 0.347944
0.0932805 0.342927
0.129853 0.357237
0.229612 0.344746
0.29169 0.328617
0.323262 0.35713
0.37924 0.354852
0.442075 0.352339
0.495097 0.323369
0.595346 0.360857
0.651562 0.350246
0.720095 0.339009
0.820794 0.33238
0.897504 0.351373
0.948891 0.340433
0.97716 0.335146
0.0155706 0.387146
0.141184 0.340298
0.178192 0.349487
0.215658 0.365455
0.269872 0.365464
0.345125 0.391497
0.399667 0.363724
0.457688 0.344481
0.499068 0.365613
0.562838 0.355327
0.643748 0.384992
0.721158 0.377103
0.757633 0.387115
0.849112 0.371493
0.912121 0.390308
0.999852 0.367605
0.0451376 0.37671
0.0897935 0.366662
0.158682 0.373582
0.178737 0.383652
0.249883 0.391813
0.296576 0.382504
0.440761 0.380124
0.485042 0.377588
0.535847 0.360164
0.559507 0.397064
0.614788 0.355644
0.683488 0.3454
0.763465 0.361121
0.817082 0.359807
0.858738 0.353223
0.89639 0.373546
0.996174 0.381497
0.00492875 0.376275
0.0692034 0.411389
0.0939341 0.381246
0.121374 0.395328
0.22017 0.386866
0.317969 0.368429
0.359248 0.396134
0.413343 0.396191
0.517644 0.383703
0.599925 0.387198
0.641888 0.398257
0.693767 0.391717
0.748104 0.398518
0.81085 0.384659
0.85398 0.401057
0.909582 0.417526
0.949011 0.379083
0.0489069 0.408224
0.0940257 0.423485
0.1602 0.436477
0.181841 0.411714
0.280452 0.410701
0.291721 0.410599
0.398822 0.401185
0.466879 0.398144
0.520168 0.437435
0.557261 0.402029
0.651041 0.418902
0.690643 0.42811
0.739474 0.422755
0.801177 0.403977
0.865137 0.406227
0.91765 0.441668
0.0245469 0.430708
0.136836 0.408754
0.184147 0.446567
0.222104 0.442071
0.251559 0.440043
0.328009 0.421325
0.374885 0.430032
0.451355 0.437616
0.491218 0.430037
0.556198 0.433377
0.598497 0.421314
0.723213 0.452771
0.78038 0.429482
0.842506 0.448159
0.947619 0.419333
0.977324 0.408628
0.0869475 0.455746
0.13029 0.428218
0.206409 0.414665
0.269536 0.464807
0.355812 0.46089
0.379317 0.444026
0.452545 0.419409
0.51141 0.415437
0.605233 0.434106
0.662911 0.442407
0.702069 0.416525
0.821365 0.427776
0.872309 0.426977
0.975106 0.461563
0.95761 0.435653
0.0262788 0.459114
0.0510951 0.450014
0.0966931 0.454964
0.126179 0.473893
0.244221 0.430416
0.299064 0.443615
0.395237 0.480099
0.418481 0.434096
0.526897 0.459626
0.561534 0.474643
0.646446 0.461114
0.686136 0.465558
0.74207 0.449798
0.787575 0.452122
0.885318 0.449924
0.883887 0.475164
0.953137 0.473113
0.0157794 0.488375
0.0672776 0.489508
0.182479 0.495994
0.204972 0.467205
0.248337 0.485228
0.331291 0.445099
0.434151 0.476797
0.482847 0.464162
0.525135 0.495056
0.569252 0.49766
0.61813 0.455057
0.683699 0.48242
0.739715 0.48611
0.805561 0.480588
0.853955 0.488933
0.928218 0.485815
0.00294728 0.488687
0.143138 0.474669
0.162602 0.479808
0.218082 0.49149
0.298792 0.469891
0.334939 0.499437
0.41441 0.466416
0.465054 0.471349
0.499684 0.491061
0.566871 0.457477
0.634183 0.49395
0.713586 0.497458
0.776 0.467699
0.830766 0.466026
0.910362 0.47755
0.00904792 0.526976
0.0573775 0.516425
0.110209 0.500685
0.246238 0.509677
0.304012 0.491863
0.348431 0.485703
0.394224 0.506329
0.439355 0.515446
0.512215 0.507505
0.598821 0.481975
0.652123 0.503716
0.758004 0.499531
0.815072 0.517599
0.868957 0.506289
0.911519 0.529023
0.958629 0.506547
0.0262314 0.528078
0.124573 0.52569
0.19789 0.541611
0.241754 0.530551
0.284094 0.511546
0.35889 0.513793
0.390639 0.534695
0.455588 0.506352
0.50175 0.538059
0.582225 0.531829
0.603145 0.510857
0.694938 0.516639
0.791803 0.546757
0.804082 0.505532
0.905336 0.517516
0.992459 0.492741
0.0636635 0.496597
0.0963826 0.521371
0.153724 0.522577
0.191523 0.518173
0.263141 0.563143
0.320285 0.529921
0.435879 0.556228
0.484365 0.557819
0.540192 0.54157
0.552121 0.526064
0.667883 0.56551
0.700362 0.547551
0.73907 0.523708
0.768393 0.539539
0.847742 0.532477
0.948047 0.530759
0.995099 0.526788
0.0497626 0.55353
0.0753806 0.553093
0.151595 0.549076
0.18005 0.56323
0.28885 0.532412
0.351115 0.544797
0.422138 0.538865
0.527784 0.567749
0.597975 0.547351
0.63093 0.540611
0.667105 0.527677
0.737079 0.547406
0.785717 0.557493
0.876266 0.547161
0.904996 0.560995
0.983745 0.546699
0.0296031 0.574307
0.0750278 0.566107
0.11151 0.559679
0.233612 0.55097
0.316441 0.557629
0.358788 0.56241
0.398649 0.566488
0.430549 0.583547
0.472676 0.534022
0.590662 0.578736
0.64419 0.55993
0.734424 0.56789
0.828829 0.557285
0.876551 0.584793
0.94547 0.561037
0.989525 0.581658
0.00134209 0.588096
0.131056 0.576092
0.143521 0.61171
0.215453 0.570412
0.281817 0.573999
0.337803 0.589945
0.386762 0.609582
0.453603 0.593255
0.502689 0.612684
0.552535 0.597758
0.608939 0.584666
0.70059 0.580479
0.768085 0.597033
0.848799 0.568853
0.913195 0.581703
0.964465 0.576471
0.0292962 0.621701
0.0960091 0.591377
0.183817 0.599672
0.209396 0.595479
0.254205 0.595417
0.306857 0.589344
0.381244 0.585541
0.476715 0.581364
0.520306 0.587284
0.562494 0.575146
0.63548 0.597164
0.686841 0.6021
0.750001 0.593204
0.807735 0.617236
0.828124 0.606911
0.922061 0.596602
0.991343 0.607898
0.0443548 0.595276
0.0884812 0.612412
0.154903 0.589513
0.223501 0.618943
0.283967 0.624294
0.353945 0.618908
0.428564 0.616318
0.529089 0.632033
0.585832 0.622599
0.648326 0.610072
0.665684 0.629092
0.720304 0.618548
0.798865 0.585296
0.848028 0.60386
0.886238 0.617813
0.95816 0.61759
0.0561169 0.621073
0.0810029 0.653665
0.159234 0.642516
0.183056 0.639341
0.278779 0.647757
0.324656 0.613068
0.426878 0.641024
0.493708 0.618176
0.548235 0.661762
0.592007 0.619328
0.623649 0.633306
0.712919 0.613521
0.747852 0.64082
0.807361 0.637378
0.875846 0.626512
0.943404 0.62689
0.00543851 0.639534
0.116052 0.628552
0.196023 0.65453
0.239546 0.629761
0.303546 0.625256
0.35582 0.650922
0.395205 0.633508
0.47333 0.628007
0.456649 0.643713
0.559213 0.638792
0.621308 0.659307
0.716553 0.652709
0.779015 0.644835
0.844535 0.648193
0.917681 0.629005
0.982781 0.639052
0.0803677 0.649936
0.130263 0.651874
0.223687 0.685341
0.257281 0.685056
0.33289 0.660458
0.382977 0.666794
0.465427 0.667052
0.514483 0.676454
0.599943 0.666649
0.683462 0.651546
0.720893 0.680171
0.826768 0.673127
0.87074 0.662022
0.915436 0.660972
0.989524 0.66138
0.0352761 0.657382
0.0901045 0.689543
0.144741 0.696919
0.195275 0.681896
0.29523 0.683639
0.355375 0.707791
0.428714 0.665981
0.504397 0.661213
0.573202 0.676981
0.643726 0.666421
0.671696 0.669857
0.761926 0.663231
0.804781 0.674168
0.857221 0.706533
0.915473 0.668928
0.955216 0.669084
0.00886665 0.675572
0.0545126 0.682245
0.121422 0.675825
0.153496 0.69449
0.175631 0.700499
0.278462 0.659889
0.326859 0.709493
0.408874 0.68929
0.481589 0.68878
0.56199 0.71663
0.587745 0.700155
0.661798 0.698659
0.67481 0.711616
0.778834 0.720182
0.777072 0.69088
0.878935 0.687419
0.904212 0.720423
0.011173 0.703764
0.0987817 0.709092
0.18736 0.724025
0.235954 0.664179
0.273585 0.715126
0.322823 0.675448
0.382205 0.688515
0.482902 0.729812
0.468926 0.708417
0.53829 0.696875
0.625184 0.706306
0.715117 0.693581
0.756401 0.696836
0.827494 0.705942
0.925451 0.700948
0.9706 0.708689
0.0266599 0.711233
0.0709103 0.718111
0.109044 0.728931
0.225199 0.717621
0.301908 0.723848
0.357353 0.72545
0.394079 0.743792
0.434599 0.701718
0.513391 0.720365
0.585979 0.740437
0.658184 0.738047
0.707174 0.728484
0.807949 0.71887
0.870987 0.725112
0.953399 0.743144
0.959839 0.704556
0.0348786 0.730439
0.131207 0.743577
0.1764 0.76591
0.224659 0.737193
0.256021 0.763119
0.31815 0.761407
0.388517 0.729456
0.433998 0.725276
0.480881 0.746051
0.533648 0.729149
0.619023 0.714614
0.719428 0.726477
0.752933 0.738045
0.824571 0.741212
0.921666 0.73187
0.995323 0.735516
0.0374296 0.748007
0.131748 0.752666
0.167645 0.747232
0.207127 0.75684
0.26621 0.724047
0.314513 0.746588
0.426746 0.749053
0.484183 0.770595
0.529855 0.773369
0.591175 0.774843
0.626314 0.750384
0.690514 0.770389
0.758322 0.749664
0.786794 0.76503
0.866614 0.756425
0.90973 0.774868
0.0247978 0.769012
0.0756803 0.75598
0.151454 0.797072
0.207332 0.791433
0.318403 0.779723
0.358501 0.766656
0.428358 0.771616
0.525582 0.764761
0.57099 0.751725
0.637334 0.770137
0.666022 0.797163
0.749514 0.803515
0.834732 0.784681
0.853154 0.791823
0.889101 0.762421
0.967487 0.773366
0.0275955 0.803736
0.063488 0.770549
0.104409 0.779575
0.236656 0.784915
0.272939 0.768657
0.358476 0.78106
0.391447 0.781687
0.427144 0.797211
0.499556 0.811774
0.602686 0.810038
0.677166 0.75369
0.729026 0.775472
0.821598 0.757173
0.880256 0.798991
0.941253 0.766141
0.991394 0.783364
0.00189231 0.794241
0.110062 0.793942
0.162785 0.802321
0.203323 0.807623
0.26824 0.812393
0.306468 0.805416
0.403239 0.823528
0.459768 0.775644
0.483364 0.799114
0.548116 0.790889
0.592997 0.789511
0.715027 0.777398
0.775166 0.782944
0.812977 0.796496
0.920129 0.819167
0.969494 0.814223
0.0150535 0.835914
0.0693048 0.821807
0.102614 0.806657
0.226075 0.82138
0.283855 0.811422
0.343107 0.826264
0.382697 0.814336
0.430938 0.822639
0.504301 0.83103
0.630699 0.813573
0.673139 0.804921
0.715912 0.821865
0.812237 0.820788
0.853796 0.829221
0.933371 0.795776
0.995361 0.813183
0.0474923 0.808899
0.111599 0.852571
0.142787 0.826494
0.222729 0.852843
0.329462 0.827349
0.364093 0.828472
0.454582 0.825624
0.543567 0.814162
0.568956 0.825555
0.639223 0.839112
0.679765 0.85258
0.737796 0.829185
0.781678 0.821893
0.88218 0.849044
0.891036 0.820138
0.956651 0.845993
0.0362984 0.857047
0.0994105 0.836581
0.144962 0.862666
0.189487 0.8453
0.256862 0.831629
0.30607 0.845846
0.396473 0.856032
0.456652 0.84606
0.555363 0.841533
0.601422 0.846947
0.657718 0.866312
0.693079 0.83112
0.731406 0.860658
0.779485 0.867242
0.831474 0.844456
0.931076 0.836778
0.0483099 0.86283
0.136813 0.87483
0.176514 0.84752
0.248443 0.866108
0.297087 0.86765
0.350866 0.888537
0.414862 0.869023
0.468632 0.875066
0.510359 0.84906
0.555325 0.870342
0.602993 0.86088
0.735799 0.871545
0.77563 0.836919
0.838484 0.876508
0.950965 0.876108
0.998572 0.884166
0.0128479 0.880446
0.0572904 0.90906
0.127285 0.917201
0.225646 0.890851
0.264897 0.871002
0.337499 0.871138
0.382542 0.908104
0.455055 0.877845
0.507307 0.870747
0.605347 0.878823
0.645408 0.883975
0.722279 0.8974
0.809479 0.865716
0.864951 0.882878
0.925009 0.875732
0.982373 0.848304
0.0826968 0.889277
0.0790872 0.862367
0.160448 0.901939
0.196604 0.876965
0.298686 0.887426
0.371317 0.870437
0.416456 0.891716
0.504206 0.904592
0.594446 0.910442
0.622058 0.909797
0.703212 0.911442
0.766929 0.884751
0.795423 0.926834
0.895476 0.867599
0.881644 0.901913
0.970002 0.899842
0.044839 0.931785
0.103494 0.896266
0.170988 0.912888
0.214619 0.936322
0.239732 0.919638
0.3012 0.9085
0.42079 0.916271
0.476756 0.912534
0.53126 0.887845
0.564227 0.89667
0.645898 0.91749
0.691381 0.8766
0.757877 0.925253
0.820309 0.90053
0.884055 0.93171
0.933841 0.918786
0.0296632 0.903795
0.0868956 0.925672
0.154806 0.952033
0.194103 0.91141
0.31137 0.936822
0.362828 0.931535
0.445495 0.924629
0.512995 0.927764
0.568373 0.924361
0.668919 0.932556
0.676748 0.908971
0.737141 0.929824
0.784036 0.905793
0.829573 0.945609
0.917126 0.908693
0.98055 0.916816
0.0285057 0.953227
0.0669422 0.958734
0.12013 0.931226
0.255327 0.912185
0.277007 0.931165
0.340145 0.921218
0.385507 0.960134
0.469444 0.935003
0.534382 0.937005
0.608392 0.94407
0.653033 0.959839
0.708315 0.948946
0.838611 0.915091
0.866883 0.933776
0.914729 0.964073
0.959563 0.945665
0.0918193 0.963831
0.198643 0.966656
0.255202 0.964076
0.292302 0.956267
0.336138 0.95913
0.401814 0.934259
0.448736 0.958946
0.506707 0.96353
0.551539 0.982512
0.596589 0.962399
0.695656 0.981631
0.759035 0.957618
0.817201 0.958635
0.945589 0.955299
0.993116 0.946565
0.0282654 0.980511
0.103501 0.971968
0.147847 0.965862
0.194541 0.951318
0.24089 0.968704
0.328467 0.973907
0.432359 0.967822
0.485595 0.971563
0.564677 0.975982
0.55028 0.944265
0.641607 0.96715
0.699962 0.958185
0.745924 0.981811
0.806788 0.984606
0.858995 0.969833
0.903172 0.956159
0.149204 0.981924
0.219227 0.999059
0.362397 0.999453
0.415862 0.998545
0.530888 0.997159
0.595193 0.993561
0.784254 0.968542
0.865801 0.982619
0.907372 0.998807
0.954951 0.992283
0.0534734 0.985245
0.195289 0.996149
0.284081 0.99756
0.378017 0.981309
0.433403 0.982224
0.48611 0.99447
0.661202 0.990614
0.72976 0.993535
0.981431 0.985096
0.266939 0.998878
