0 64.000000000000000
1 0.509159629727191
2 0.754302699410915
3 0.837856268061199
4 0.839830415729519
5 0.926354340815663
6 0.903499540554022
7 0.927497640778530
8 0.943520093532331
9 0.950846309412809
10 0.963395049303746
11 0.978259464276793
12 0.963666643605311
13 0.976364715383460
14 0.981530553129707
15 0.989980478014686
16 0.972145328030858
17 0.981943492686931
18 0.989021522026166
19 0.985502655064196
20 0.982598392090408
21 0.988588423815358
22 0.989302982240603
23 0.984877463520570
24 0.986872099888617
25 0.996008524963463
26 1.000966907992134
27 0.995882064337271
28 0.996349120249144
29 0.995678300706669
30 0.998899675926868
31 1.001392543998404
32 1.001094874579421
33 0.996127538262632
34 0.991961315609985
35 1.001151552216680
36 1.002887307869698
37 0.994216079495913
38 0.997534968954911
39 0.996563585142274
40 0.994098914171286
41 0.999857099442591
42 1.004636744763596
43 0.996935633883014
44 1.004753176588834
45 1.002387628227659
46 1.003549199948907
47 0.992369049961644
48 0.996991179535480
49 1.000044457099077
50 1.005093647701180
51 1.000392764115262
52 1.002877964129670
53 0.997514790774857
54 1.001276168192960
55 0.999397587801273
56 0.999931709616013
57 1.001353125604350
58 0.996626792005918
59 1.003861731975020
60 0.996759316091110
61 1.004354493015514
62 1.000489662052812
63 0.999188537535883
64 0.996368554887082
65 1.002733157790109
66 0.998722286010474
67 1.004457460836266
68 1.001496485822532
69 1.003971657179714
70 1.002751965702805
71 0.989164460044583
72 1.001337846231190
73 1.000612456699789
74 1.003393381200158
75 1.003942931999702
76 0.995124977529728
77 0.998937223170533
78 0.997837161332497
79 0.999593984861656
80 1.001075864761008
81 0.999667951852971
82 0.999223215361058
83 1.000446058302348
84 1.004588579647691
85 0.997840621109501
86 1.003400992253838
87 1.002503159375929
88 0.999738733768673
89 0.999701014855869
90 0.995460035438280
91 0.999681789498532
92 0.998801739573615
93 0.998830410867861
94 1.001511520233691
95 0.999764139795117
96 1.001402920008159
97 0.999995804073605
98 1.000764699178365
99 0.997250289790142
100 1.000007623160898
101 1.000098944044598
102 0.998292735326446
103 1.000402930858503
104 0.995610248656971
105 1.000963236834043
106 1.000660356580368
107 0.999163887811721
108 0.998353546483433
109 1.000917214196207
110 0.999095544277807
111 0.997826411857245
112 1.001074411847670
113 0.998296361612743
114 0.999268168170778
115 1.000426356251565
116 0.999826804379929
117 1.005472833378908
118 0.997494487467092
119 1.000142281744539
120 1.001966522129593
121 1.001276123454599
122 1.002371100658018
123 0.998961244187502
124 1.005217175273521
125 0.998412154460083
126 0.999731364877071
127 0.998539383336992
128 1.001658466984960
129 0.999306854573596
130 1.000256213787568
131 1.002170634321668
132 0.998696615494256
133 0.998257231596172
134 0.999429600591323
135 0.999563213854603
136 1.001399934242907
137 1.004028454292577
138 0.999720491679249
139 0.997497373880895
140 1.001795809127811
141 1.000422853072935
142 1.000186437309049
143 1.002388205856973
144 0.999550163907826
145 0.999726774299521
146 1.003644548268200
147 0.999155798729312
148 1.000129548232978
149 1.000822279490877
150 0.997259537474755
151 1.000778693311997
152 0.996932811763430
153 0.998452059647327
154 1.000761923504195
155 0.999450738686882
156 1.001368184506549
157 0.996971951378212
158 1.000428147604925
159 0.999997134303448
160 1.000170111990840
161 1.002816261265613
162 1.000252172361646
163 0.998688682174855
164 0.998345287738922
165 0.997113100970670
166 0.998183822478563
167 1.003259591805630
168 0.999555116875024
169 0.997380051421339
170 0.998170091932339
171 0.998723597021936
172 0.998652276785419
173 0.999723513155229
174 1.000454002377711
175 1.001580761310384
176 1.002144969875019
177 1.000853508787478
178 0.999856618475233
179 0.997672029152944
180 0.998784272257854
181 1.002426237414782
182 1.002434118633823
183 0.999292962321589
184 1.000872686191414
185 1.001430239083382
186 0.998432347752768
187 1.000672912911732
188 0.999069736356458
189 1.002251872144648
190 0.999038905143980
191 0.999679007947820
192 1.000461593234769
193 1.001237257288051
194 1.002891184044507
195 1.000126265492390
196 0.996680184622565
197 0.998787797965144
198 1.000451607878315
199 1.002419709235747
200 1.001323770504298
201 1.002837062788953
202 0.998357718048582
203 1.000274521907434
204 1.001766151787356
205 0.998602125898681
206 0.996952541277017
207 0.998264390947318
208 0.999155306644767
209 1.000768822449521
210 1.001904994953698
211 0.999099379174568
212 0.999836429360936
213 1.000560816182491
214 1.000971879420754
215 0.999724602385612
216 0.999375869361362
217 0.999465392592238
218 1.000823473642388
219 0.998634562460173
220 1.001192138814865
221 0.999504409640200
222 1.002130614568020
223 0.997846474755625
224 0.998933843914514
225 1.001801485713551
226 0.998992990293481
227 1.001465824573061
228 0.993944683822804
229 0.998372219322057
230 0.999196068794972
231 1.001529705057274
232 0.999998203919741
233 1.002004547925912
234 0.999428214407797
235 1.003174724564603
236 1.000905377505614
237 1.000986731249661
238 1.002526896519407
239 1.001552031250259
240 0.996155667036311
241 0.998069677946974
242 1.000168255177987
243 0.997087498889953
244 1.000848412121806
245 1.000141889002857
246 0.999788340939714
247 1.000633284471555
248 0.996588106559110
249 1.000561149974422
250 0.998691947757604
251 1.000360975611545
252 1.000035223853569
253 0.999979620030255
254 1.003772086099568
255 0.994963279401754
