0 64.000000000000000
1 0.510110828048536
2 0.753104110484371
3 0.831580990365448
4 0.832429228658708
5 0.923010309294612
6 0.903394335811609
7 0.919010846190264
8 0.946032155560451
9 0.952331666652868
10 0.968085388548194
11 0.973243782737727
12 0.964818141918372
13 0.975036450731144
14 0.982809305839421
15 0.987414421384579
16 0.973720760016985
17 0.981738287266551
18 0.990286406620669
19 0.984823783760181
20 0.984602376690074
21 0.992509367403470
22 0.988570787806842
23 0.987230758727527
24 0.989494584999195
25 0.992015517549809
26 0.999933874482282
27 0.995963785732953
28 0.995805736123975
29 0.997740905314995
30 0.998200074971866
31 1.002534810635818
32 0.998416621098685
33 0.993293653909387
34 0.995217505879236
35 0.999282379132530
36 1.001182029803142
37 0.995635697705934
38 0.997443092858585
39 1.001319617937138
40 0.996304566783360
41 0.999184786472033
42 1.006203475347762
43 0.996399612449485
44 1.005343277520568
45 0.999915320614188
46 1.002670609405345
47 0.996672231297245
48 0.997094822783088
49 1.003127826339446
50 1.001354617414020
51 1.001334474101533
52 1.000434538213590
53 0.997249850751342
54 0.999619003998309
55 1.000853782712361
56 1.000038399238198
57 1.002444549154540
58 0.996661656979597
59 1.000447254686079
60 0.996463494195416
61 1.003019186717889
62 1.000187561083530
63 1.000156115095625
64 0.999292406372225
65 1.002907590906908
66 1.000680948244120
67 1.002792796350321
68 1.001331811788040
69 1.001334213035855
70 1.000198634483993
71 0.995634455541411
72 1.001459704887651
73 1.000809261458617
74 0.999942425545502
75 1.002426210996682
76 0.995918461820147
77 0.998721284439524
78 0.998161668498871
79 0.999878355944701
80 0.999847954628379
81 1.001903743268221
82 1.001713392227473
83 0.999753203177748
84 1.004282630355570
85 0.997286777794104
86 1.001146095524938
87 1.002509692780349
88 0.998846672444176
89 0.999461920889711
90 0.996902144623535
91 0.997553218912946
92 0.999033267394535
93 0.999227008264219
94 0.999888362246354
95 1.001035532829892
96 1.001812805510722
97 1.000590179879041
98 0.999140163540236
99 0.996898322906795
100 0.999031843099800
101 1.000259912411036
102 0.996837616581260
103 1.000650954101240
104 0.997842328835744
105 1.001506335955165
106 0.999650422025362
107 0.999325714382384
108 0.998152725264669
109 1.002198630201275
110 1.000053788971986
111 0.999885613110739
112 0.999974659218456
113 0.999179074725179
114 1.000757926576474
115 0.998491096807998
116 0.997775672300651
117 1.004902205076984
118 0.997143353373956
119 1.000769073233865
120 1.001507416535518
121 1.001696148117139
122 1.002099587889892
123 0.998944204882806
124 1.005129949672717
125 0.999502225508568
126 0.999962487906525
127 0.998725834430557
128 1.002283646267027
129 1.000064692302792
130 1.000202191316578
131 1.002036154749392
132 0.997547721756941
133 0.997931384653919
134 0.999248980211780
135 0.999064730353745
136 1.000663362989273
137 1.003345503110690
138 0.999715979635892
139 0.998222108742592
140 1.001675959332835
141 1.002603504167262
142 1.001462829537764
143 1.002343272530120
144 0.999879103554073
145 0.999592254414521
146 1.001592775816111
147 0.999186557073091
148 1.000508317928299
149 0.999455392281659
150 0.998575966181428
151 0.999252243488630
152 0.998806957481814
153 0.997524913007378
154 1.000264790339047
155 0.999739233866862
156 1.001147334328952
157 0.996606098691231
158 1.000984265337587
159 1.000599207430883
160 0.999518116247629
161 1.002071458930679
162 1.000980905690528
163 0.999417049299473
164 0.999407110243473
165 0.997102713604436
166 0.997367005593999
167 1.003447294652619
168 0.998940945497449
169 0.999297305743320
170 0.999971139033089
171 0.998745000143859
172 1.000071769267961
173 0.999583146589439
174 1.000879435259471
175 1.000508457082627
176 1.000856806475042
177 1.001659973013939
178 1.000350285687688
179 0.997920780527721
180 0.997776585122271
181 1.000739518300218
182 1.001754387506830
183 0.999596049599719
184 1.001757835575202
185 1.001947620988993
186 0.999357165009835
187 0.999808525718249
188 0.998245004643340
189 1.003231767582772
190 0.997580937006105
191 0.999895034010651
192 0.999323198778567
193 1.000037908604862
194 1.001221384930495
195 1.000772563422482
196 0.997517556470035
197 0.999490232607842
198 0.999478821189848
199 1.002548244794105
200 1.001127073049659
201 1.002282096253786
202 0.999380908434434
203 1.000420486729817
204 1.001551208616557
205 0.998970022321076
206 0.997082358060065
207 1.000377685233633
208 0.998797460750466
209 0.999708913126226
210 1.001833250648074
211 0.999663458370630
212 0.999367362360211
213 1.000693720947356
214 0.999103178374791
215 0.999482178371741
216 1.000098091661648
217 0.998189838002080
218 1.000728608391648
219 0.998887480586565
220 1.000579558231362
221 0.999168991141150
222 1.001867629449600
223 1.000104282594831
224 0.999766884000418
225 1.000611656463928
226 1.000372701690507
227 1.000235164830691
228 0.995723083813289
229 0.999114060008143
230 0.998110395658207
231 1.002093133331907
232 1.000101143388779
233 1.001837152456325
234 1.000027974706274
235 1.002346361899224
236 1.000616356896136
237 1.000768119858431
238 1.001780179995995
239 1.000549572226243
240 0.996828835472750
241 0.999278380893653
242 0.999998897945866
243 0.997968042181602
244 1.000390392008712
245 0.999291114459184
246 0.999560765551510
247 1.000427980532423
248 0.997858960077683
249 0.999358336475236
250 0.999821240155436
251 1.000045051803815
252 1.000531590566688
253 1.001032760068852
254 1.002821648284939
255 0.983034096787207
