0 64.000000000000000
1 0.506650136133592
2 0.749595346953326
3 0.821519543961027
4 0.846279398909465
5 0.914367979021520
6 0.901709877079528
7 0.931746673601445
8 0.945494364319119
9 0.951110895349108
10 0.967031385385525
11 0.967792357717220
12 0.965343162140112
13 0.972854010083260
14 0.979682616281169
15 0.989257661236572
16 0.975632125432512
17 0.983458744676147
18 0.986010915595331
19 0.986811266828145
20 0.984789879849088
21 0.992936145528489
22 0.986952405567172
23 0.990264288279706
24 0.992424367002917
25 0.994294831149899
26 0.998318644377916
27 0.997484738478110
28 0.994421669570289
29 0.997003225034772
30 0.998945652026990
31 0.997988962241063
32 1.000548325529492
33 0.997182169463428
34 0.995277348615204
35 1.001132318010701
36 0.998307657491876
37 0.994676083719163
38 0.997670517440694
39 1.004320519766375
40 0.997020864571075
41 0.999817064081512
42 1.004957099520374
43 0.996361820625277
44 1.004469195933250
45 0.999002015690776
46 1.001108991961283
47 0.997565554907749
48 0.999430651427826
49 1.002817258904784
50 1.001341174095316
51 1.001675736375191
52 0.999690597532238
53 0.997940314104362
54 0.997441680286111
55 1.002454758561242
56 1.000813298966512
57 1.002232710548298
58 0.997317888991655
59 0.999800538035836
60 0.995923760964149
61 1.002589747786423
62 0.999947367033713
63 0.999102486188391
64 0.999106998683671
65 1.001528063460050
66 1.000275668159455
67 1.003093207769728
68 1.001069419348325
69 1.000551416653186
70 1.001084147037396
71 0.996540331320619
72 1.002926051022208
73 1.000627795723445
74 0.998849002369890
75 1.002258077924064
76 0.995349422464198
77 0.999089540581847
78 0.999223468589872
79 1.001833950385387
80 0.998988872094381
81 1.002089651985326
82 1.002249067222238
83 0.999751132056188
84 1.002440872316557
85 0.998737320847879
86 0.998844394074987
87 1.002438652153937
88 0.998221360022197
89 0.999819543907711
90 0.998778764385938
91 0.996876332143152
92 0.999533061106510
93 0.998835114173934
94 1.001010075571731
95 1.000466025974100
96 1.001511645423932
97 1.001941966401390
98 0.998480316632014
99 0.997780555745917
100 0.999583246755813
101 1.000548377598644
102 0.995228074154819
103 1.001345393931252
104 0.998699078694414
105 1.002362143686596
106 1.000260210997267
107 0.999474929678439
108 0.997414400349003
109 1.001328855742797
110 1.001482913772641
111 0.998283518986662
112 1.000778267122543
113 1.001177660937998
114 1.000199677615171
115 0.997699202855031
116 0.998597478134772
117 1.003110670007157
118 0.997014767299426
119 0.998838047379508
120 1.000193352421726
121 1.001591507533210
122 1.002386792745098
123 1.000405642906117
124 1.004127143997057
125 0.999846722133151
126 1.000463742719687
127 0.999633151662978
128 1.001108996938903
129 1.000041803962239
130 1.000865187765546
131 1.001555291287737
132 0.998375747911967
133 0.997562553156551
134 0.999750382052516
135 0.999030267587209
136 0.999763951584455
137 1.002079195486500
138 1.000398695221406
139 0.998841383123046
140 1.001404054392384
141 1.000698655183197
142 1.001266168992726
143 0.999655381708719
144 1.001103884420121
145 1.001285630657973
146 1.000373873176637
147 0.999466075873325
148 1.001285822168938
149 0.999307144836384
150 0.998966493065999
151 0.999928284361489
152 0.998484703471553
153 0.999641212158766
154 0.999369063254893
155 0.999334061273320
156 0.999796203401911
157 0.995314727526906
158 1.002023736453008
159 1.001384798818445
160 1.000493591997864
161 1.001148985074880
162 1.001084314731812
163 1.000033421065427
164 0.998182610759404
165 0.997099163206670
166 0.997308944012871
167 1.003278229224155
168 0.999790602194809
169 1.000339651404005
170 0.999587128488756
171 0.999584549571574
172 0.999923759305320
173 1.000344920309100
174 1.000685349430332
175 0.999207731209632
176 1.000362763247631
177 1.000920435654952
178 1.000392510900876
179 0.999427890441842
180 0.998385405312182
181 0.999616728043285
182 1.002068472082387
183 0.999064099418252
184 1.003352875529964
185 1.001119038540683
186 0.999187292802625
187 0.999041229167678
188 0.999116604806169
189 1.001646190987446
190 0.998236352210118
191 1.000691401656947
192 1.000496394072980
193 1.000453696593696
194 1.001176785178524
195 1.000248805772326
196 0.999096653478602
197 0.999422779411476
198 0.998821757634387
199 1.001632610716524
200 1.000206495210389
201 1.002867305687518
202 0.999986422083670
203 0.998885103859264
204 1.000915921072709
205 0.998938641472700
206 0.997242316161296
207 1.001416277597625
208 0.999492581050087
209 0.998380706152901
210 1.001152491902713
211 1.000232578131034
212 0.998872109862196
213 1.001971793410445
214 0.998739741459134
215 0.999389074644858
216 0.999796397618750
217 0.998949996723850
218 1.000320244722783
219 0.999089806701589
220 1.000286560095689
221 0.999498300346008
222 1.001798221087355
223 0.999857816391730
224 0.999480053070933
225 1.001492460302311
226 1.000229079416069
227 1.000793438780759
228 0.997960316221618
229 0.998979516748753
230 0.998298857602384
231 1.001510623100293
232 0.999134637794719
233 1.000643103739904
234 0.999432518462298
235 1.000980253673859
236 1.000444004529009
237 1.001037234581389
238 1.000522289304306
239 1.000883611398407
240 0.998306519485025
241 0.999763029631389
242 0.999349646312916
243 0.998793852475454
244 1.000941080011558
245 0.999981575032525
246 0.998767266800985
247 1.000133015503470
248 0.998747280778826
249 0.999227448274279
250 1.000707547991721
251 0.999424646554932
252 1.000025133114449
253 1.000973364271586
254 1.001836038455370
255 0.996350484615616
