0 64.000000000000000
1 0.478674177080207
2 0.741717828382790
3 0.799066565889473
4 0.837084552798258
5 0.918903995991957
6 0.911802184379983
7 0.924999852296514
8 0.945333829472421
9 0.950327456891318
10 0.951911003244771
11 0.984357560366107
12 0.965322095333416
13 0.973270197593699
14 0.985674070195810
15 0.989500653693503
16 0.967926570752657
17 0.975925143901033
18 0.983267315703887
19 0.996755204132986
20 0.996971870797816
21 0.983219237266690
22 0.991449297263816
23 0.993436179442859
24 0.991340619345348
25 0.998395754646021
26 0.994226512049845
27 0.999322718244122
28 1.002825882483271
29 0.994603247512203
30 0.986463196257490
31 0.993939804547825
32 0.999625019138242
33 0.995503305651119
34 0.987402768015001
35 0.998244657103591
36 1.005871151496707
37 0.988024399989053
38 1.001821096678800
39 0.998890965297603
40 0.984859726645287
41 0.997369007439504
42 1.009804054208187
43 0.996168287135931
44 1.014212660620215
45 0.997990305750033
46 1.007696760138708
47 0.993634561546935
48 0.995908222253895
49 1.001839396993870
50 1.000249461539446
51 1.003206883781554
52 1.003234867957124
53 1.004498552550519
54 1.007477517196622
55 1.000516634558256
56 1.002929040441565
57 1.003887410027838
58 0.994854866748168
59 1.001969239687582
60 0.993445258264997
61 1.005861494159822
62 0.999272177718004
63 0.998222066021016
64 0.999447288588716
65 0.999278230500794
66 0.997227656325967
67 1.003686394840920
68 1.002524629135605
69 1.001728582264471
70 1.005430739417902
71 0.993531546475631
72 1.004478520212253
73 1.002868179596418
74 1.002972576850729
75 1.001063277705329
76 1.000731277860431
77 0.996320935353240
78 0.991519873356630
79 1.004951817838866
80 0.996731517761017
81 0.995599135367961
82 0.999194107689773
83 0.999508836095208
84 1.000608498838599
85 1.001302248684931
86 1.007191393946327
87 0.999729460051357
88 0.996403299270196
89 0.998579159930848
90 0.993959762653594
91 0.995363134708542
92 1.001109518318703
93 1.000734388931386
94 1.002049178496295
95 0.999661344806334
96 1.002401341681518
97 0.998830831303874
98 0.999535936743946
99 1.000675630081602
100 1.002665878907885
101 1.003403861086891
102 0.999694039101489
103 0.997799166284357
104 0.998727289155527
105 1.000932374067959
106 1.000873394507126
107 0.997230932962903
108 0.993308315117883
109 1.001944861702815
110 1.003311240816809
111 0.998107110413943
112 1.001145935982514
113 0.994869258403161
114 1.000625013333870
115 0.999050414465256
116 1.001193874019541
117 1.001485494942524
118 0.996302420006595
119 0.996734209710205
120 1.000889297662327
121 1.002731718037996
122 1.002624312613319
123 1.000750485057064
124 1.005536192039442
125 0.996589627438043
126 0.999953522981820
127 1.000486478255255
128 1.000077653054152
129 0.999126441509173
130 0.999703481798683
131 1.006758893420303
132 1.000090891710337
133 0.996413117399873
134 0.997673419509315
135 1.002424287649488
136 1.003062613272627
137 1.004176010606402
138 0.998246358545039
139 0.997058720698235
140 1.001530790280268
141 1.003390247749342
142 0.998433642109093
143 1.006780389975596
144 0.997104647808668
145 0.999726223775207
146 0.999874328704440
147 1.000685738037347
148 0.999919541576183
149 1.003081962689674
150 0.995993817020862
151 0.998849638931596
152 0.996595644574568
153 1.000566230232719
154 1.003823673793151
155 0.999140317869093
156 1.001329558486858
157 0.995460594864525
158 0.997502939335519
159 1.001158768238338
160 0.996652350623861
161 1.007229676435582
162 0.996450429828076
163 0.992667003061243
164 1.001984609117284
165 0.999186026215848
166 0.996079757086551
167 1.001342761806849
168 0.998374125741226
169 0.998202725394625
170 1.000441693799830
171 0.996703628055457
172 0.995659196890185
173 1.000626137733304
174 1.002682016085347
175 1.003322293355714
176 1.001186011070854
177 1.002416868273206
178 0.998099492320055
179 0.999042095976212
180 1.001880374131469
181 1.003792143347319
182 1.000866461139833
183 1.001418765626228
184 1.002128670875014
185 1.002423228130652
186 1.000291158456141
187 1.000263959575472
188 0.997083710428122
189 0.999072922690485
190 0.999753949852177
191 1.001026759152047
192 1.004294098636627
193 1.001109423946587
194 1.005089376889719
195 0.999496880373667
196 0.999332358178406
197 0.997373310104350
198 1.000187421355254
199 1.002198627881754
200 1.000424235066627
201 1.001443477271329
202 0.998251170351220
203 1.004445120736336
204 1.001982455244921
205 0.998958396949621
206 0.994477521088437
207 0.996533843590725
208 0.996517522942315
209 1.002505595675075
210 0.999472929330416
211 0.998911624784981
212 0.998702079547185
213 1.000658565601055
214 0.999090157955066
215 1.000497588870903
216 0.997737737554678
217 0.999058584234117
218 0.998958295082433
219 1.000636674963321
220 1.001403188829344
221 0.999215583297179
222 0.999275266875250
223 0.994852608609209
224 0.999755510887710
225 1.002566996986535
226 0.998895768838609
227 1.002831033884925
228 0.994015902462536
229 0.996537702664243
230 0.992835751719294
231 1.001510249431057
232 1.002275859811479
233 1.003497007147157
234 0.998629120298534
235 1.004990429163118
236 1.002253136022528
237 0.999954468031917
238 1.004176574321820
239 1.004602170095336
240 0.994783176366585
241 0.996897915239389
242 1.001668836143300
243 0.996618863477301
244 1.003093876511676
245 1.003168248912269
246 0.995541492515264
247 1.001395490763312
248 0.998383964049944
249 1.002616912562106
250 0.999900705035473
251 1.002375031380630
252 0.998697038506211
253 0.999003296066235
254 1.005581719872823
255 0.975208416802343
