0 64.000000000000000
1 0.586433506454341
2 1.193432337866398
3 1.226235074177384
4 0.622730331301379
5 0.793863839539699
6 0.798447336949822
7 0.708607199330193
8 0.898762506815339
9 1.245017604037587
10 1.290288154830170
11 0.811651956755668
12 0.975207182858139
13 0.752703387644547
14 0.825447309063748
15 1.003760362975299
16 1.045033208579601
17 0.967007679752363
18 1.025538371549919
19 1.191560205809462
20 0.872907455650068
21 0.883381040637485
22 0.884247735498802
23 0.908354444674582
24 1.021511305393161
25 0.937587063875981
26 1.158245240380479
27 0.837997554801404
28 1.194904992002107
29 0.955387514453226
30 1.021346191760460
31 1.009220161125995
32 0.873981590792828
33 0.930759601930801
34 1.075616351410485
35 0.966205534399845
36 1.058463125585996
37 1.017117545057676
38 1.073754831146289
39 0.934272348858177
40 1.056794245285377
41 0.882421446294757
42 0.995126355550548
43 0.990959311447417
44 1.034707540484226
45 1.000734836623237
46 1.093260187421284
47 1.061120646915634
48 1.077917921595658
49 1.123049711722783
50 1.006226773911510
51 1.013289495678849
52 0.971470915713909
53 0.865937409007402
54 1.045709848371324
55 0.926522043035762
56 0.984496549689644
57 0.923656189589140
58 1.037578615840975
59 1.094867936375996
60 0.878561093060927
61 0.968406275025156
62 0.999468101245560
63 1.054520173941273
64 0.906632278743440
65 0.967262747119767
66 1.061929159581195
67 0.992478823965802
68 0.963672222001287
69 1.016315966840501
70 1.056415336902969
71 1.068911848348243
72 0.971431081054228
73 1.059290981212238
74 0.963290525341390
75 1.031723941744768
76 0.983557361587494
77 0.978701724388473
78 1.135673655735078
79 0.963489962465364
80 1.047420377214439
81 0.977976200116333
82 0.952818414400968
83 1.049228620260865
84 0.890898363254686
85 1.070988292233971
86 1.003253139899564
87 1.044702847928578
88 0.890302515936169
89 0.921604915513890
90 0.938357624174703
91 1.001739256543159
92 0.966221956632518
93 1.010269675091266
94 0.990475576728625
95 0.981598678427138
96 1.102542491263399
97 1.011033620346408
98 1.023408130127600
99 0.888381426187915
100 1.027959230350940
101 1.011942419905148
102 1.066283630982319
103 0.959464511899755
104 1.085834895887404
105 0.930467914441392
106 1.065136866999961
107 1.014304211281428
108 1.007515280249428
109 0.982018188130225
110 1.073301488877617
111 0.965386444972440
112 1.032445700576396
113 0.920179984513003
114 1.063505329849494
115 1.060426058081470
116 1.017798799299505
117 0.961669906333746
118 0.923884559013420
119 0.995355625776081
120 0.975890887544510
121 0.939623415363831
122 1.040030955478737
123 1.030389414038916
124 1.089922112361355
125 1.040765514816062
126 0.983672177683927
127 0.935513548756146
128 0.911933615476512
129 1.078498924032358
130 0.974937719870580
131 0.971327705740022
132 0.977529792849156
133 0.874842664575515
134 0.949001403896673
135 1.057058103433387
136 1.054098332213334
137 0.986257228764295
138 1.106785379781892
139 0.931978403773851
140 0.985196485417474
141 0.921706100178048
142 1.013301347958207
143 1.002329227541470
144 1.054342269064172
145 1.010984980311500
146 1.007030784396561
147 0.968808681988249
148 1.015294820999266
149 1.033650206608877
150 1.011665833141372
151 1.054770435295928
152 1.034732662000814
153 1.033472970289420
154 1.066610827704775
155 0.935933709406527
156 1.063258948244065
157 0.969271835103384
158 0.992858707726312
159 0.961555171316315
160 1.061706708396777
161 0.927256595480933
162 0.985348475620498
163 1.047139112735691
164 0.944986441120720
165 1.012796850064963
166 0.971451387166356
167 0.964170850425187
168 0.922286135386912
169 1.033969561825591
170 0.973110095381094
171 1.046451132960566
172 0.992387231355542
173 1.029381800233920
174 0.983693818042697
175 0.986697383099063
176 0.963950887416752
177 0.946210405827978
178 0.986436368426237
179 1.003727816083201
180 1.073285864912633
181 0.958124838241089
182 1.024796255839186
183 1.063298791548163
184 1.001093320111038
185 0.997507704635422
186 1.047212122514999
187 0.953855919958420
188 1.055984891944152
189 0.989247016892378
190 0.977276795597934
191 1.045993769931583
192 0.985512835120340
193 0.981569901535784
194 0.972767435478376
195 1.068275485423507
196 0.946215398076814
197 0.996477093009067
198 1.017947220903570
199 0.995495783937022
200 0.998288920725535
201 1.024694333896459
202 0.996162444409246
203 0.967339027803141
204 0.979262127585809
205 0.987722625664647
206 1.055832827461075
207 0.948899966175472
208 0.978569267824244
209 1.060387900324300
210 0.974286609034518
211 1.004011636353250
212 0.987588443562568
213 0.972549979325171
214 0.972216894654723
215 1.086615298733993
216 0.985007169010788
217 1.015077935586950
218 0.939182666681362
219 0.978824689668553
220 1.043084727576328
221 1.021189928672244
222 1.024642008496465
223 0.985448997433492
224 1.025697092421765
225 1.046848098292445
226 1.043598364442577
227 1.012152082758644
228 0.949132393896144
229 0.983992703467621
230 0.973202491510393
231 0.967921916462041
232 0.980968740765524
233 0.994263226878146
234 1.038491029831690
235 1.004348289088784
236 1.017009722655702
237 0.941489284782438
238 0.954793706011141
239 0.984158033265582
240 0.981871191833977
241 1.023025919071280
242 0.989957350365774
243 1.016550270092295
244 0.976084212778249
245 0.990565683068171
246 0.988822695171891
247 1.008371394770606
248 0.993824560074830
249 1.042272746512640
250 1.021718133782809
251 1.026273944329514
252 1.035382541431530
253 1.019340014182576
254 1.038860943612091
255 1.106246543013387
