0 64.000000000000000
1 0.508638798421274
2 0.746201093093643
3 0.824462871448360
4 0.841606604979444
5 0.919658305950115
6 0.903250968486030
7 0.931332403410769
8 0.945083699181419
9 0.950078818643879
10 0.967571060388612
11 0.970730440125450
12 0.962721780910357
13 0.974280804166128
14 0.980403833781783
15 0.987701473067394
16 0.976082432716674
17 0.984260115038490
18 0.987148283810172
19 0.985049571553190
20 0.985900321245187
21 0.991570113592819
22 0.986029266834570
23 0.990144512470401
24 0.991188196639819
25 0.993930105382008
26 0.999671881708060
27 0.996439027859938
28 0.994423058773456
29 0.997210689079052
30 0.999057168736608
31 0.998371057476182
32 1.000688102241003
33 0.996485576765348
34 0.994331015553070
35 1.000164616533297
36 0.999663385472151
37 0.995044474220957
38 0.997405408249255
39 1.004018624360113
40 0.997249737835173
41 0.999725857378144
42 1.005902830883328
43 0.996104208095268
44 1.004224800144315
45 1.000825889348674
46 1.001010287679441
47 0.997522567175703
48 0.999115798795972
49 1.002493777830215
50 1.001458031354363
51 1.001746548398897
52 0.999142001965169
53 0.997574407354816
54 0.996872105316960
55 1.002903083773859
56 1.000430434587642
57 1.002037734932607
58 0.997115923113991
59 0.999260136043405
60 0.996724734864387
61 1.001930844989209
62 1.000393940822949
63 0.999685354250517
64 0.999300854221869
65 1.002583577543603
66 1.000926358781657
67 1.003123688285509
68 1.001249834524668
69 0.999963374513930
70 1.000304570868952
71 0.995398888842913
72 1.002455686967445
73 1.001103297648271
74 0.999590502980258
75 1.001787266813913
76 0.995871572424435
77 0.999351363759631
78 0.998742655091418
79 1.002634066706563
80 0.999182073271073
81 1.001005885471174
82 1.002212976390125
83 0.998988080280671
84 1.002825682584682
85 0.997901452681589
86 0.999082213210166
87 1.003524925424561
88 0.998251392161712
89 0.999993482977253
90 0.997532224519169
91 0.996136269396795
92 1.000253782001227
93 0.998658651717285
94 1.000861725133261
95 1.000173422321637
96 1.002243350260889
97 1.001926776695257
98 0.998123611787276
99 0.997635858100309
100 0.999514990978947
101 1.000138280609938
102 0.995506567063919
103 1.001113179777822
104 0.998522467464155
105 1.001916398129792
106 0.999511170961184
107 0.999015827891357
108 0.997386137281716
109 1.001892790217394
110 1.002185206856320
111 0.998396809366078
112 1.000306982840018
113 1.000380206999540
114 1.000827715341663
115 0.998365760124437
116 0.998226905633403
117 1.003279024267390
118 0.996204953290324
119 0.999480354552006
120 1.000762445551734
121 1.001676414356854
122 1.002763540744346
123 0.999332096660033
124 1.004133976337737
125 1.000331131795655
126 1.000352321262580
127 0.999532752100667
128 1.002278649526270
129 0.999424601409437
130 1.000717433894796
131 1.002115722166082
132 0.998148981901919
133 0.997989773835130
134 0.999847058075146
135 0.999308664302182
136 1.000144410442408
137 1.002920112650367
138 0.999929907965472
139 0.998705255358653
140 1.001423756055853
141 1.001120921740424
142 1.001357369444338
143 0.999783849142693
144 1.000890935498497
145 1.000579048421416
146 1.001003971455958
147 0.999468336377444
148 1.001464198778809
149 0.998761335851421
150 0.998648261912359
151 0.999643599620794
152 0.999054670609303
153 0.998625479843046
154 0.999611108206607
155 0.999462809928675
156 0.999691038291670
157 0.995308036592454
158 1.001597122692404
159 1.001435935734274
160 1.000847229420737
161 1.001753259950565
162 1.000934095923475
163 0.999925697585769
164 0.998583493561735
165 0.997059138840809
166 0.997284866119129
167 1.003026420501240
168 0.999669784438848
169 1.000378710355166
170 1.000054641823361
171 0.998664578091434
172 0.999583110936913
173 0.999748238197320
174 1.001265454677778
175 1.000212030285892
176 1.000167125527375
177 1.001278641437753
178 0.999819827247740
179 0.999289598513988
180 0.998634140920564
181 0.999586283246008
182 1.002133866827885
183 0.999042250276087
184 1.002823107527983
185 1.001270889659372
186 0.999076692972790
187 0.999164289474315
188 0.998539175007616
189 1.002257069290937
190 0.997717884608414
191 1.000393247563764
192 1.000362963746088
193 1.000702763196339
194 1.001038937927678
195 0.999971371640287
196 0.998589307437076
197 1.000033569891452
198 0.998677550692688
199 1.002458871441447
200 1.000767786957954
201 1.002982887363500
202 1.000422213527871
203 0.999341039006084
204 1.001328578876888
205 0.998869151341667
206 0.997213422371564
207 1.001417369342253
208 0.998701885513681
209 0.998666231354003
210 1.001498322799738
211 0.999945547825971
212 0.998352518302200
213 1.002295282485568
214 0.998318803460517
215 0.999515202820358
216 0.999112618087505
217 0.998048913190765
218 1.000188027211282
219 0.999031517099138
220 1.000220059728269
221 0.999679090887620
222 1.001848066833153
223 0.999761428167618
224 0.999747684025411
225 1.001436716986029
226 1.000859665710728
227 1.000517133702087
228 0.998098286043096
229 0.998930671346413
230 0.998293129920011
231 1.001724510488955
232 0.999516666603178
233 1.001237813314170
234 0.999064149869756
235 1.001278753103113
236 1.000290649351558
237 1.001567795946910
238 1.001598259403674
239 1.001280518343930
240 0.998074976841680
241 0.999358971442648
242 0.999167253029314
243 0.998170259633007
244 1.001260910018883
245 1.000043183189228
246 0.998621708395571
247 1.000279736136230
248 0.998079206393113
249 0.999448553274261
250 1.000392699037057
251 0.999315707232301
252 1.000252030860667
253 1.000701801689315
254 1.002127399155125
255 0.990554957980816
