0 64.000000000000000
1 0.508922326471482
2 0.747731354493114
3 0.827949110503172
4 0.836444361647068
5 0.921198852341319
6 0.904915346828647
7 0.928313913342629
8 0.935650736218936
9 0.947808287914224
10 0.967586712856735
11 0.981350909843468
12 0.963326307998569
13 0.974926754442856
14 0.982927943402036
15 0.986002738886350
16 0.972912420603062
17 0.978202959589147
18 0.988309018153398
19 0.991797692657881
20 0.990295450661128
21 0.982838929325392
22 0.993807076095181
23 0.988290473135142
24 0.987160409477691
25 1.001228517735601
26 0.997935025852111
27 0.994417594412199
28 0.995188016411310
29 0.997296806187117
30 0.999639444872645
31 0.993729096409254
32 0.998616980401595
33 0.994760341452030
34 0.987987986804767
35 0.999325908678154
36 1.003504636146725
37 0.989114012058129
38 0.999439449874878
39 1.000930838806344
40 0.991358596611493
41 1.001444089420376
42 1.006427338446118
43 0.994737456425989
44 1.009944868936749
45 1.000085538492965
46 1.008480514418164
47 0.993664970100550
48 1.001141452761842
49 0.999933949444630
50 1.002766948821191
51 1.001553592800369
52 1.001549575813018
53 1.001105775331529
54 1.001279772211495
55 0.998907276262248
56 1.001774554889878
57 1.004296836293857
58 0.996807673280325
59 1.000388689833352
60 0.996216099276538
61 1.005067645065179
62 0.999690778910652
63 0.998833717878620
64 1.001151074310021
65 1.003141606026503
66 0.998084778358802
67 1.002917107097410
68 1.000962800178760
69 1.005564391434749
70 1.004019957907449
71 0.990537723319180
72 1.000534505945872
73 0.999041113531385
74 1.003387337357932
75 1.003239038863402
76 0.999212894330263
77 0.997389937708400
78 0.992455951451702
79 1.001329939491892
80 0.998702829226379
81 0.995118320719939
82 1.000059746513850
83 1.001298319579042
84 1.005404282995114
85 0.996059713785276
86 1.004376448561114
87 1.001693967426933
88 1.000898683502947
89 0.999591499310460
90 0.994340208654791
91 0.996381825883760
92 0.999325074962052
93 0.999480162226689
94 1.001902707969969
95 0.998895103511590
96 1.004256509030999
97 0.999811585233728
98 0.998423517270789
99 0.998992928263529
100 1.000259666532402
101 0.999806310693853
102 0.998276634259854
103 0.999676313733176
104 0.999410168000942
105 1.000532726275192
106 1.001039255516697
107 0.998921722399254
108 0.995061106981996
109 1.000993504313773
110 1.001484977590472
111 0.998482352694575
112 1.000427559880785
113 0.995780144752442
114 0.998772930241994
115 1.000914730214216
116 0.999509400389829
117 1.003023156344296
118 0.998149180264356
119 0.997494523271725
120 1.003035349475661
121 1.001388469720698
122 1.003510456100786
123 0.999376470650506
124 1.005079141402990
125 0.996915183878595
126 1.002792220138506
127 0.999351966233762
128 1.000833323757584
129 0.998423589234947
130 1.001700587289017
131 1.003709782987048
132 0.998543690392064
133 0.998646446811792
134 0.998888434918671
135 0.999906112496479
136 1.004148055053008
137 1.006310216069889
138 0.999027279544447
139 0.997139041598256
140 1.000860627078047
141 1.002020786799774
142 0.998954328170874
143 1.003381080926045
144 0.999256167371977
145 0.998862988651737
146 1.001171030431718
147 0.999454736275174
148 0.997599781808981
149 1.000996647705346
150 0.998156421382451
151 0.998923063498365
152 0.999547865924262
153 0.999724294331817
154 1.002800232632906
155 0.998681500375077
156 1.002075851621934
157 0.995456120645409
158 0.998416853283099
159 0.998446083945921
160 0.999915454785540
161 1.005882893937602
162 0.998435156638424
163 0.993563440655130
164 0.999706144102531
165 0.997661347088005
166 0.998770557117753
167 1.002842781923096
168 0.999523417709517
169 0.996901561106745
170 0.997875601613448
171 0.999502403491298
172 0.997279005697974
173 1.000505195955662
174 1.000539003949979
175 1.002218556249787
176 1.003898837500930
177 1.001811339490954
178 0.998736823349475
179 0.998756647319267
180 0.998190353273461
181 1.003809060179008
182 1.001263480489995
183 1.000291658437459
184 1.002147796115611
185 1.002649628731075
186 0.999105892205513
187 1.002122904829128
188 0.997349318807622
189 1.000740804486934
190 1.000892530854331
191 0.998086499216082
192 1.002979995388390
193 1.000319294235172
194 1.002792158215404
195 0.999603730620427
196 0.997908395450726
197 0.997092767030847
198 0.999681892095441
199 1.003462842226369
200 1.003428301491597
201 1.002885581513627
202 0.996731629755510
203 1.003017263721542
204 1.000663040044911
205 0.998691716348928
206 0.996300796740034
207 0.996675310504336
208 0.998951133346431
209 0.999929227882853
210 1.000413819102937
211 0.998390948556080
212 0.997518624165287
213 1.002692312369525
214 1.002145872006167
215 0.999148055193241
216 0.998822029360852
217 0.999172068172621
218 0.999548838336954
219 0.999195418841804
220 1.002021215322595
221 0.999702390207676
222 1.000882463948028
223 0.996634260114664
224 1.000872689228615
225 1.000301958418247
226 0.998765754623222
227 1.000610441647286
228 0.996200069445562
229 0.996699379273823
230 0.997106397765583
231 1.000730533135174
232 1.001317569104843
233 1.002841605051516
234 1.000092559780700
235 1.003652689758859
236 1.001167175420973
237 1.000840179789399
238 1.004153550877111
239 1.002048743996824
240 0.994969794370583
241 0.996672149694954
242 1.000263724408804
243 0.996807209517192
244 1.002686856088354
245 1.001431108251593
246 0.997503711769273
247 1.000081513331051
248 0.998526117284578
249 1.001588820385381
250 0.998527829635871
251 1.002546736866257
252 0.999068754931210
253 0.999196009434334
254 1.006090332633265
255 0.983872319056514
