0 64.000000000000000
1 0.512221128688831
2 0.747956707481129
3 0.827469902758406
4 0.837737999064360
5 0.919432281006813
6 0.899771138487898
7 0.924547601487514
8 0.948051596710080
9 0.952214276659712
10 0.967211641828323
11 0.970930018594791
12 0.965333276423211
13 0.973433040020473
14 0.980739975839365
15 0.988309418729426
16 0.973856808336268
17 0.984861099199042
18 0.988910706517071
19 0.984770782497120
20 0.986275492872818
21 0.991558390453920
22 0.986848701111125
23 0.990049384693699
24 0.991412411993477
25 0.993116047147331
26 0.999431388657598
27 0.996467730569692
28 0.995286494674125
29 0.998862037640853
30 0.999098633958241
31 0.999576920933141
32 0.999539065738783
33 0.994634793835118
34 0.993704463077258
35 1.000633790351930
36 0.999636381855159
37 0.995952454177571
38 0.997171089955638
39 1.002371388238470
40 0.996378603155391
41 1.000121900729742
42 1.006253833912855
43 0.995843543054908
44 1.003939230213311
45 1.001165845857280
46 1.003334790743221
47 0.997605896096805
48 0.996893141074316
49 1.003490038202125
50 1.001082584385084
51 1.001756661175017
52 0.999793005587516
53 0.997441122776173
54 0.997889023216095
55 1.002052890272591
56 0.999867051281643
57 1.002663660593063
58 0.995836624878567
59 1.000265530920073
60 0.996323080438563
61 1.003152684606369
62 0.999550628417506
63 0.999507795793902
64 0.998354756076780
65 1.003145783223751
66 1.000077005798601
67 1.003174112125938
68 1.001293565306188
69 1.000761131870971
70 0.999623659898173
71 0.996373427234229
72 1.001551033327635
73 1.000383126647427
74 0.999927736116266
75 1.002825597429402
76 0.996606805332209
77 0.999301570792524
78 0.999124400125969
79 1.002087879634670
80 0.999786434517464
81 1.001459258429269
82 1.001536594562112
83 0.999302677470107
84 1.003211818530610
85 0.997503338430457
86 0.999879604282279
87 1.002605378351375
88 0.998337958032246
89 0.999671705910653
90 0.997090818718889
91 0.997199574224745
92 0.998567939289894
93 0.998761750465663
94 1.001111505024619
95 0.999910579272706
96 1.002306224086999
97 1.000932690165507
98 0.999295438410011
99 0.997320421311010
100 0.999028166275473
101 1.000124400419384
102 0.996058859853025
103 1.001084396830830
104 0.998794160337373
105 1.002193038907883
106 1.000737208310658
107 0.998604684193374
108 0.998392602959769
109 1.002460596768811
110 1.000398566269597
111 0.998590970279773
112 1.000453165402502
113 1.000630535283336
114 1.000585750553412
115 0.997660528930156
116 0.997416146983051
117 1.003415678090256
118 0.996476673860440
119 1.000353295546673
120 1.000283052873604
121 1.001435285228000
122 1.002610892487060
123 0.999024466572749
124 1.004612381416464
125 1.000374784263065
126 1.000721391118828
127 0.999288217103525
128 1.001809097610832
129 0.999785892897754
130 1.000364569301611
131 1.002396403223178
132 0.997387236882786
133 0.998932045758104
134 0.999032297458539
135 0.998898907620163
136 1.000860537934247
137 1.002889697220416
138 0.999950006915485
139 0.997818621675113
140 1.001921606708836
141 1.000986798945025
142 1.001650025383655
143 1.000128606549405
144 1.000299385993293
145 1.000755895898239
146 1.001604813438038
147 0.999657497547030
148 1.000413765695187
149 0.999183791093665
150 0.998940672207755
151 0.999218919236446
152 0.998719462853976
153 0.998762905546658
154 1.000145264139984
155 0.999148619766222
156 1.000640016685177
157 0.996050987270687
158 1.001242440180619
159 1.001246659923336
160 1.000230081503412
161 1.001486293779062
162 1.000735120938759
163 1.000182980966312
164 0.999004816134928
165 0.997252452196520
166 0.996959613843768
167 1.002968086750350
168 0.999242353299104
169 0.999997783764174
170 0.999940968628159
171 0.998497047119575
172 0.999825624815821
173 0.999727233943443
174 1.000776493057578
175 1.001414325268026
176 1.000010474764438
177 1.001611252973194
178 1.000483894461092
179 0.998879009146956
180 0.998265957659820
181 1.000742609183622
182 1.001904105989784
183 0.999320652855941
184 1.001909587127275
185 1.001933916257604
186 0.998391132708726
187 0.999271350832626
188 0.998919523306308
189 1.003165195858988
190 0.997359827367843
191 0.999649347586740
192 0.999415527008172
193 1.000169365646346
194 1.001482788914818
195 1.000076246292970
196 0.998170792225576
197 0.999902873776804
198 0.999502785567941
199 1.002401498656694
200 1.001048287765713
201 1.002517753786880
202 0.999902359992255
203 0.999921984141351
204 1.001685779415252
205 0.998867682384650
206 0.997355058521846
207 1.000263201999695
208 0.998508064252622
209 0.999775362045551
210 1.001456508156570
211 0.999744109393515
212 0.998654793088724
213 1.001327250500610
214 0.999047946583107
215 0.999737017441618
216 0.999232739248269
217 0.997791526919202
218 1.000903923308354
219 0.998799831865863
220 1.000481080714797
221 0.999714479159450
222 1.001643118892425
223 0.999616776319692
224 1.000087061565877
225 1.000645784398168
226 1.000661901735695
227 1.000794394180656
228 0.997352070229908
229 0.998979622689137
230 0.998356786184286
231 1.001877575174022
232 1.000181635672921
233 1.001214508745684
234 0.999378333550180
235 1.001625899227909
236 1.000330718995391
237 1.001246147864771
238 1.001876529245246
239 1.001291259251929
240 0.997281873566419
241 0.999321169582586
242 1.000109839804890
243 0.998005614802267
244 1.000906100858582
245 0.999719328880523
246 0.998967676227824
247 1.000143900272076
248 0.998169926534580
249 0.998954928875297
250 1.000105316973161
251 0.999293242201125
252 1.000523621355269
253 1.000988187176181
254 1.002139685792051
255 0.988297074223454
