0 64.000000000000000
1 0.503241770999949
2 0.753187732931489
3 0.842452671767925
4 0.841481709926621
5 0.926344647530324
6 0.906154172355792
7 0.928409960998986
8 0.936572622146861
9 0.952138872330967
10 0.963739845332132
11 0.985359266114241
12 0.959937694805724
13 0.975570093546569
14 0.985808517593444
15 0.987396748591979
16 0.976302028439343
17 0.981494204842233
18 0.989062849372944
19 0.988206765683977
20 0.981203243465460
21 0.987614610669458
22 0.988703010507699
23 0.985593785591398
24 0.989008441034136
25 0.998370185287330
26 1.001268850215999
27 0.994029352089385
28 0.992893098475773
29 0.995844327467817
30 0.999759171796399
31 1.000177147670709
32 1.000262404713254
33 0.994900489695354
34 0.990161491537577
35 0.998892596688035
36 1.001269113547957
37 0.993080454165148
38 0.998519558953650
39 1.000887661452561
40 0.994403055924748
41 0.998444582155732
42 1.005253218369171
43 0.996687802046315
44 1.007984483738930
45 1.000777434528923
46 1.004076340039022
47 0.992054992884713
48 0.997380117222245
49 1.002077714669740
50 1.004692058110370
51 1.000874201714090
52 1.001009558209888
53 0.998585462068937
54 1.000768459593904
55 0.999857041639082
56 1.002460811632108
57 1.001271586823372
58 0.996292475861571
59 1.002303857055981
60 0.997333698274766
61 1.004746139947561
62 1.000224873419314
63 0.999832446980089
64 0.996061431400129
65 1.002015239028276
66 0.998096657555766
67 1.004353461046486
68 0.999833613223474
69 1.003185500696394
70 1.002754712885185
71 0.989176788324174
72 1.001574168916975
73 0.999960933075825
74 1.003956667795469
75 1.005040333451324
76 0.997559524426959
77 0.997791017788323
78 0.996057906050361
79 1.002309532895282
80 1.000323558418048
81 0.998163585302842
82 1.000585836229634
83 1.000381056038541
84 1.005085908705366
85 0.996580128288383
86 1.004174739569184
87 1.003067688037351
88 1.000814377435314
89 0.998106450772709
90 0.993838745919901
91 0.997378816011329
92 0.999829303607627
93 0.999129562284515
94 1.002256013659823
95 0.996889231045589
96 1.001438712113627
97 1.000281746505822
98 1.002632875013909
99 0.997992379908355
100 1.000385531260290
101 0.999974072356929
102 0.999014520104470
103 0.998721399862775
104 0.998202443142182
105 1.000121629816929
106 1.001343250440413
107 0.998341875610917
108 0.996718259643265
109 1.001069427603275
110 1.000961731994455
111 0.997174117653009
112 1.002152519692923
113 1.000455143724384
114 0.996823927556901
115 1.000341142688079
116 0.999457986616075
117 1.004624623879890
118 0.995277137860005
119 0.997607770185543
120 1.002829125650070
121 1.002265658113201
122 1.002882549648070
123 0.998861364797643
124 1.005642399231668
125 0.998619258861245
126 1.000438567118232
127 0.998700744702710
128 1.000357806625412
129 0.998335252444284
130 1.000665599037805
131 1.003907918402826
132 0.999513405033821
133 0.999559296813250
134 0.998436659224372
135 1.000477871636581
136 1.002488046815094
137 1.004510588386569
138 1.000820108877337
139 0.994733757529855
140 1.000240805388569
141 1.000820081536682
142 0.999663802704532
143 1.003243087315852
144 1.001350624834498
145 0.999364260426901
146 1.002252433902169
147 0.999162800523918
148 0.999715312201273
149 1.000550327104422
150 0.996543622526785
151 1.000262984729308
152 0.997809072624567
153 0.999320418230795
154 1.002223446781348
155 0.999501924951750
156 1.001293607941929
157 0.996828900966260
158 0.998887486354201
159 0.998540266914385
160 0.999857438727451
161 1.004280415276156
162 0.999925859130858
163 0.996382681336834
164 0.999998632867950
165 0.997297573281523
166 0.997652205580172
167 1.003115218329657
168 1.000426076514461
169 0.996786818052045
170 0.998791259223356
171 0.998911927379084
172 0.999281015703287
173 1.000257184481462
174 1.000926815098667
175 1.000564933624006
176 1.002956750762310
177 1.001430569148148
178 0.999109178384743
179 0.998338855950709
180 0.999410845621530
181 1.002620672002880
182 1.001852688084827
183 0.999406065291932
184 1.000931357650286
185 1.002152826222166
186 0.998047625373859
187 1.001079700506039
188 0.996268140796270
189 1.001963845321103
190 1.000448830742311
191 0.999476030584764
192 1.001108158335000
193 1.001112342612132
194 1.002102366183666
195 1.000359085306543
196 0.997544550342381
197 0.998199154347581
198 1.000033650479838
199 1.002362043370115
200 1.002998221998804
201 1.004024229456174
202 0.997761003920299
203 1.001980778039804
204 1.000925338982855
205 0.998520147076063
206 0.995627265879245
207 0.997501134412124
208 0.998922530766611
209 1.000376653521415
210 1.001261022044285
211 0.998329074383652
212 0.999525185717049
213 1.001099870933536
214 1.001240508794018
215 1.000073910659732
216 0.999059199348296
217 0.999190031693720
218 1.001117258587648
219 0.998186340228898
220 1.000545357398849
221 0.999375874765768
222 1.001783445671337
223 0.997701972566023
224 1.000014207528692
225 1.001550601586606
226 1.000012289589521
227 1.001325891075502
228 0.993039768503737
229 0.998497223634750
230 0.998323850994573
231 1.001646097991853
232 1.000178016688498
233 1.002598992573114
234 1.000218693712180
235 1.003222790440476
236 1.001573464252896
237 0.999643663541044
238 1.003745094524522
239 1.000194783343992
240 0.995603192319126
241 0.997509126420965
242 1.000476715713759
243 0.997700159054121
244 1.000583293600884
245 1.001263668641483
246 0.999958450068911
247 1.000806335464805
248 0.996978058932775
249 1.000444953331069
250 0.997996790489360
251 1.000878849227616
252 0.999217932236183
253 0.999384644721050
254 1.005682741212111
255 0.987007178596816
