0 64.000000000000000
1 0.470255448019454
2 0.754903277324370
3 0.780893601412028
4 0.838887098033503
5 0.930374503354318
6 0.905127029997449
7 0.922801019636451
8 0.943011189169379
9 0.939592415921477
10 0.955631168519561
11 1.008690386537168
12 0.950512699907356
13 0.955128063329082
14 0.964983032310864
15 0.969268885984408
16 0.976958179816904
17 0.982175179525545
18 0.982400686461973
19 1.011555074600760
20 1.010626242942849
21 0.984138905966183
22 0.981380930084170
23 1.005955616930496
24 0.995777265784466
25 0.995656661691929
26 1.000333423667379
27 0.996181812582857
28 1.009538137152544
29 0.994079688971359
30 0.996662354813529
31 0.985083012260893
32 0.998249702412984
33 0.986300221168749
34 0.990383581536790
35 1.005331213675751
36 1.006165733844057
37 0.989129976927716
38 1.008014160401974
39 0.997247695433815
40 0.990252021818957
41 0.990173060307080
42 1.008192285850979
43 0.994248516952056
44 1.011505899188916
45 1.003019658571675
46 1.014314237197520
47 0.994724167533989
48 0.987735673209077
49 1.002392999702470
50 0.989261774130446
51 1.000334408769445
52 0.998679543650524
53 0.998316839054064
54 1.011377265394168
55 0.998650288294615
56 1.008710775595118
57 0.999556731341582
58 0.997226386879708
59 1.006036011495480
60 0.983410769794373
61 1.011921584341691
62 1.001335891846425
63 0.997518708045333
64 0.995831312854380
65 1.000688924958380
66 0.997552055248103
67 1.001591368919350
68 1.007536931498531
69 1.008852076483053
70 1.009052161740378
71 0.998767621427002
72 1.011806738866285
73 1.002143007521772
74 1.000455949478596
75 0.999207847622819
76 0.998049840901206
77 0.993951724129017
78 0.990602199863445
79 0.998459520791068
80 0.996218913161569
81 0.991755857154703
82 1.001910106708870
83 0.997154267955532
84 1.005494830539099
85 1.004931823165115
86 1.008683703236066
87 0.998668165207285
88 0.994259668244273
89 0.999879978134982
90 0.988591221699073
91 0.993548092376278
92 1.003156449056811
93 0.997513776282091
94 1.006066432056678
95 0.996767412400485
96 1.004976910506979
97 1.004496859155636
98 1.012062032668147
99 0.999312287432265
100 1.003225064209389
101 0.997424545849412
102 0.995598658656163
103 0.992102276983564
104 1.000056777720023
105 1.001136455875039
106 1.002039534224053
107 0.997052302498775
108 0.998215472755213
109 1.001079483506778
110 1.002436349976104
111 0.997192639957973
112 1.003164368142482
113 0.997965464115672
114 0.992532389400146
115 1.003878948136237
116 1.002317546123734
117 0.995570252062139
118 0.995176148159486
119 1.005335021242943
120 1.002735132335444
121 1.003800442519530
122 1.002972428067263
123 1.002950084769462
124 1.004199435474863
125 0.997076248662751
126 0.999149108097213
127 1.005394967697533
128 0.997521046873411
129 0.996533527549694
130 0.996446321062333
131 1.009169568739920
132 0.998173401418419
133 0.984248381161338
134 0.997916146607655
135 0.997385467418934
136 1.002401171736172
137 1.003883430599273
138 0.996639131892360
139 0.996363336183115
140 1.005235949083336
141 1.002278343166115
142 0.993211328977416
143 1.007848506731188
144 0.998758609725249
145 0.997445443963789
146 1.005211974083094
147 1.002572928278758
148 0.998928583392168
149 1.004160810427674
150 0.992451887798772
151 1.003846425223336
152 1.002688030988828
153 1.001639213800287
154 0.997344317268452
155 0.996487251674316
156 1.000041493882745
157 0.994310190249213
158 0.999507460202988
159 1.002129112421023
160 0.995727657744312
161 1.010566382745893
162 0.998397004534015
163 0.993792412975280
164 1.001916473304117
165 0.998486348440671
166 0.993104930474096
167 0.997756687023992
168 0.998164330065088
169 0.994930520721678
170 0.999158678620871
171 0.996949380600747
172 0.999778288823627
173 1.002871131462609
174 1.005970268573867
175 1.001996829600167
176 1.004068299741254
177 1.004002578300337
178 0.999613618665059
179 0.998915044358597
180 1.007597250716614
181 1.000544082740923
182 1.001626512083290
183 1.002459659023616
184 1.002215108957002
185 0.999348130457585
186 1.002402877833695
187 1.001727602344433
188 0.993510775939521
189 0.995653650448075
190 0.997731187046726
191 1.004818884655953
192 1.004403115047201
193 1.000401596624675
194 0.999957126825076
195 1.000455969907674
196 1.000220724377527
197 0.997647585762651
198 1.003497345781633
199 1.001965494397442
200 1.003570370353594
201 1.002980661389894
202 0.996541293523059
203 1.003357657658633
204 1.000042324564804
205 0.999025170281608
206 1.000670345696679
207 0.995599532307696
208 0.992219428072230
209 1.002243094877371
210 0.995791549682347
211 1.000866353546363
212 0.996209732363537
213 1.004453007558619
214 1.003444918277473
215 1.000001102605058
216 0.995543707564552
217 1.003297771748616
218 0.997982699913310
219 1.001969733508294
220 1.000333558877596
221 1.000930409408099
222 0.997413049293670
223 0.993348530989614
224 1.004226671602030
225 1.002933378014873
226 0.998505247035025
227 1.005658762158600
228 0.989619810019022
229 0.996546281403950
230 0.991617057853998
231 1.004909526156084
232 1.002491781926516
233 1.001401870173145
234 0.995976400323377
235 1.003673383930330
236 1.002216606462697
237 0.998498585591008
238 1.000972844034407
239 1.003647942086755
240 0.991115690071166
241 0.993127495322395
242 0.996959305487704
243 0.999938552384628
244 1.010124698544459
245 1.003071135570971
246 0.995935601928606
247 1.003055170595013
248 1.003923265943595
249 1.006501797689551
250 0.998452247687108
251 0.998977133739017
252 0.998303848631126
253 0.994774204987208
254 1.007558772753658
255 0.959267319177031
