0 64.000000000000000
1 0.511645890748705
2 0.750992814984880
3 0.838799972408657
4 0.831280911780429
5 0.922302462831494
6 0.901527572238614
7 0.921633295065587
8 0.946167079368725
9 0.951275145509848
10 0.967982386489193
11 0.975323574256371
12 0.965411282904917
13 0.976303994318922
14 0.982235636413397
15 0.989067011556046
16 0.971277745973346
17 0.980928517653635
18 0.990270852669278
19 0.985333278413418
20 0.984250061751922
21 0.991928531538626
22 0.987722600981378
23 0.986710325082188
24 0.989470443359923
25 0.993062219027451
26 1.000764898781502
27 0.995933254222855
28 0.995792591639169
29 0.997930233740047
30 0.998744290467735
31 1.001199203577853
32 0.998723831369685
33 0.995553841920090
34 0.993113684848018
35 0.999174669574716
36 1.002249040530531
37 0.992948634775700
38 0.999048880091266
39 0.999179394578158
40 0.994970482957184
41 0.999331814372444
42 1.005369650808778
43 0.997857965419933
44 1.004286494362834
45 0.999362698339321
46 1.003146202022251
47 0.995536484679332
48 0.997401931843462
49 1.001324021593697
50 1.004063994707704
51 1.001342736957512
52 1.001964247357809
53 0.997439074974336
54 1.000744998053810
55 0.999878345893848
56 1.000152258073096
57 1.002656665201374
58 0.996538553780119
59 1.001558640805424
60 0.996899519872091
61 1.004941453141873
62 1.001068489227390
63 1.000517014662325
64 0.996201004120613
65 1.003492585091624
66 1.000170925112745
67 1.002303282287931
68 1.000692470122875
69 1.002419115951698
70 1.001591621230039
71 0.991917415691324
72 0.998589977117821
73 1.000797129019229
74 1.001113916525172
75 1.003531726115373
76 0.996270228694179
77 0.998983094069035
78 0.997536395390617
79 0.999071635707713
80 1.000826337953565
81 1.000761398729580
82 1.001521460858686
83 0.999798804506363
84 1.004355957467983
85 0.998481251096304
86 1.002354122024142
87 1.002373165587497
88 0.998950106422260
89 1.000209369025393
90 0.996394093244904
91 0.999216431099735
92 0.999507519978336
93 0.999527714373290
94 1.001108779919404
95 1.000180792665756
96 1.001175981237731
97 1.000652309942851
98 0.999829882033236
99 0.995600929514994
100 0.998562362008937
101 0.999905272924542
102 0.996439071008919
103 1.001170044439771
104 0.996750926126190
105 1.000991435443731
106 1.000538281803256
107 1.000205410241290
108 0.998919158702482
109 1.001486351218315
110 0.999241174112590
111 0.998620009606945
112 1.001027485591061
113 1.000156225915462
114 0.998369369383939
115 0.998723856406004
116 0.998818491582457
117 1.004764542562103
118 0.998423771070907
119 1.000039780162263
120 1.001348208527581
121 1.001868345852738
122 1.001727668348156
123 0.999572322356257
124 1.006337252162791
125 0.998674768139484
126 0.999306544558507
127 0.998484356632586
128 1.002019180814819
129 0.998761286259579
130 1.000967446865780
131 1.001741593199386
132 0.998127803678095
133 0.997851266372683
134 0.999487081675914
135 0.999609649778122
136 1.002169647861062
137 1.003376110714962
138 0.999176186011717
139 0.997266781972186
140 1.001725744308484
141 1.001723291458712
142 0.999892756496767
143 1.002983662598956
144 0.999508652939267
145 0.999710985824126
146 1.002703239933744
147 0.999002542351436
148 1.001134942229448
149 1.000010662860960
150 0.997639836068424
151 1.000076441943438
152 0.998466530237981
153 0.997058572862859
154 0.999514644178737
155 0.999731994662014
156 1.001667841502961
157 0.997495058831000
158 1.000726901563854
159 0.999186175326487
160 1.000033411219692
161 1.002538592489650
162 1.000398549527978
163 0.998920550776530
164 0.998589165955264
165 0.996848653733201
166 0.997557111597465
167 1.003543537889944
168 0.999872323673563
169 0.998571073022585
170 0.999621023898271
171 0.999640705016501
172 0.999459499129438
173 0.999460998860617
174 1.000600836962185
175 1.001661298354502
176 1.001817086154683
177 1.000990025270274
178 0.999676052247620
179 0.998187825825344
180 0.998319710822033
181 1.000899256560345
182 1.002858516410256
183 0.999638729863583
184 1.001481285113591
185 1.001866758849911
186 0.998763358387908
187 1.000722146024366
188 0.998079868029252
189 1.003266638055251
190 0.997795133915902
191 1.000139986963417
192 0.998780209869390
193 1.001128420209506
194 1.002498286875623
195 0.999713272761710
196 0.996774009121251
197 0.999242509362924
198 0.999768896096754
199 1.003271232461932
200 1.001207807433452
201 1.002229111572651
202 0.999523360260654
203 1.000984513127158
204 1.001241538345764
205 0.998442841195028
206 0.996099489709148
207 0.999559247953791
208 0.998701973702392
209 1.000923866126548
210 1.000807970032857
211 0.999812718962253
212 0.999258693916523
213 1.000574330705567
214 1.000107720129835
215 0.999610193525207
216 0.999350013025511
217 0.998836412602325
218 1.000902544591513
219 0.998772834900322
220 1.000483768939447
221 0.999950664577692
222 1.002301371242371
223 0.998677574991664
224 1.000103064390890
225 1.001144378586039
226 0.999509004613682
227 1.000798211177341
228 0.994567221004094
229 0.999058028602470
230 0.998365883181263
231 1.001905825855172
232 0.999583335379769
233 1.001945049903609
234 0.999909916150389
235 1.002229034322744
236 1.000617995431956
237 1.000795273299751
238 1.002608198265969
239 1.001293104543350
240 0.997023356797396
241 0.998555060351341
242 1.000676814629766
243 0.997561580360764
244 1.000138510064264
245 0.999865317777362
246 0.999337898475337
247 1.000731742596576
248 0.997567700497701
249 0.999774322647915
250 0.999924208671983
251 0.999947566982097
252 1.000206833085957
253 1.000886775518015
254 1.002653572917863
255 0.986733229313111
