0.0636914 0.0241521
0.188691 0.0241521
0.313691 0.0241521
0.438691 0.0241521
0.563691 0.0241521
0.688691 0.0241521
0.813691 0.0241521
0.938691 0.0241521
0.0636914 0.149152
0.188691 0.149152
0.313691 0.149152
0.438691 0.149152
0.563691 0.149152
0.688691 0.149152
0.813691 0.149152
0.938691 0.149152
0.0636914 0.274152
0.188691 0.274152
0.313691 0.274152
0.438691 0.274152
0.563691 0.274152
0.688691 0.274152
0.813691 0.274152
0.938691 0.274152
0.0636914 0.399152
0.188691 0.399152
0.313691 0.399152
0.438691 0.399152
0.563691 0.399152
0.688691 0.399152
0.813691 0.399152
0.938691 0.399152
0.0636914 0.524152
0.188691 0.524152
0.313691 0.524152
0.438691 0.524152
0.563691 0.524152
0.688691 0.524152
0.813691 0.524152
0.938691 0.524152
0.0636914 0.649152
0.188691 0.649152
0.313691 0.649152
0.438691 0.649152
0.563691 0.649152
0.688691 0.649152
0.813691 0.649152
0.938691 0.649152
0.0636914 0.774152
0.188691 0.774152
0.313691 0.774152
0.438691 0.774152
0.563691 0.774152
0.688691 0.774152
0.813691 0.774152
0.938691 0.774152
0.0636914 0.899152
0.188691 0.899152
0.313691 0.899152
0.438691 0.899152
0.563691 0.899152
0.688691 0.899152
0.813691 0.899152
0.938691 0.899152
