0.00200815 0.00743301
0.127008 0.00743301
0.252008 0.00743301
0.377008 0.00743301
0.502008 0.00743301
0.627008 0.00743301
0.752008 0.00743301
0.877008 0.00743301
0.00200815 0.132433
0.127008 0.132433
0.252008 0.132433
0.377008 0.132433
0.502008 0.132433
0.627008 0.132433
0.752008 0.132433
0.877008 0.132433
0.00200815 0.257433
0.127008 0.257433
0.252008 0.257433
0.377008 0.257433
0.502008 0.257433
0.627008 0.257433
0.752008 0.257433
0.877008 0.257433
0.00200815 0.382433
0.127008 0.382433
0.252008 0.382433
0.377008 0.382433
0.502008 0.382433
0.627008 0.382433
0.752008 0.382433
0.877008 0.382433
0.00200815 0.507433
0.127008 0.507433
0.252008 0.507433
0.377008 0.507433
0.502008 0.507433
0.627008 0.507433
0.752008 0.507433
0.877008 0.507433
0.00200815 0.632433
0.127008 0.632433
0.252008 0.632433
0.377008 0.632433
0.502008 0.632433
0.627008 0.632433
0.752008 0.632433
0.877008 0.632433
0.00200815 0.757433
0.127008 0.757433
0.252008 0.757433
0.377008 0.757433
0.502008 0.757433
0.627008 0.757433
0.752008 0.757433
0.877008 0.757433
0.00200815 0.882433
0.127008 0.882433
0.252008 0.882433
0.377008 0.882433
0.502008 0.882433
0.627008 0.882433
0.752008 0.882433
0.877008 0.882433
