0.0429653 0.0583176
0.167965 0.0583176
0.292965 0.0583176
0.417965 0.0583176
0.542965 0.0583176
0.667965 0.0583176
0.792965 0.0583176
0.917965 0.0583176
0.0429653 0.183318
0.167965 0.183318
0.292965 0.183318
0.417965 0.183318
0.542965 0.183318
0.667965 0.183318
0.792965 0.183318
0.917965 0.183318
0.0429653 0.308318
0.167965 0.308318
0.292965 0.308318
0.417965 0.308318
0.542965 0.308318
0.667965 0.308318
0.792965 0.308318
0.917965 0.308318
0.0429653 0.433318
0.167965 0.433318
0.292965 0.433318
0.417965 0.433318
0.542965 0.433318
0.667965 0.433318
0.792965 0.433318
0.917965 0.433318
0.0429653 0.558318
0.167965 0.558318
0.292965 0.558318
0.417965 0.558318
0.542965 0.558318
0.667965 0.558318
0.792965 0.558318
0.917965 0.558318
0.0429653 0.683318
0.167965 0.683318
0.292965 0.683318
0.417965 0.683318
0.542965 0.683318
0.667965 0.683318
0.792965 0.683318
0.917965 0.683318
0.0429653 0.808318
0.167965 0.808318
0.292965 0.808318
0.417965 0.808318
0.542965 0.808318
0.667965 0.808318
0.792965 0.808318
0.917965 0.808318
0.0429653 0.933318
0.167965 0.933318
0.292965 0.933318
0.417965 0.933318
0.542965 0.933318
0.667965 0.933318
0.792965 0.933318
0.917965 0.933318
