0.0219033 0.442226
0.0375283 0.942226
0.0531533 0.692226
0.0687783 0.192226
0.0844033 0.567226
0.100028 0.0672264
0.115653 0.817226
0.131278 0.317226
0.146903 0.504726
0.162528 0.00472639
0.178153 0.754726
0.193778 0.254726
0.209403 0.629726
0.225028 0.129726
0.240653 0.879726
0.256278 0.379726
0.271903 0.473476
0.287528 0.973476
0.303153 0.723476
0.318778 0.223476
0.334403 0.598476
0.350028 0.0984764
0.365653 0.848476
0.381278 0.348476
0.396903 0.535976
0.412528 0.0359764
0.428153 0.785976
0.443778 0.285976
0.459403 0.660976
0.475028 0.160976
0.490653 0.910976
0.506278 0.410976
0.521903 0.457851
0.537528 0.957851
0.553153 0.707851
0.568778 0.207851
0.584403 0.582851
0.600028 0.0828514
0.615653 0.832851
0.631278 0.332851
0.646903 0.520351
0.662528 0.0203514
0.678153 0.770351
0.693778 0.270351
0.709403 0.645351
0.725028 0.145351
0.740653 0.895351
0.756278 0.395351
0.771903 0.489101
0.787528 0.989101
0.803153 0.739101
0.818778 0.239101
0.834403 0.614101
0.850028 0.114101
0.865653 0.864101
0.881278 0.364101
0.896903 0.551601
0.912528 0.0516014
0.928153 0.801601
0.943778 0.301601
0.959403 0.676601
0.975028 0.176601
0.990653 0.926601
0.00627835 0.426601
