0 4095.965010375976362
1 0.006629303546222
2 0.007389564035464
3 0.007387737645457
4 0.008381183589186
5 0.010062058141542
6 0.009297428697421
7 0.012063962188471
8 0.011668197384159
9 0.013576129676643
10 0.013349979050555
11 0.016680860550183
12 0.015746219368677
13 0.016909614255113
14 0.019278195985952
15 0.020922859170596
16 0.022654519707644
17 0.024453171030962
18 0.027510894508328
19 0.026709244387642
20 0.030488580292657
21 0.030806253100651
22 0.032463147656278
23 0.036834060300479
24 0.040419217867062
25 0.041630343814302
26 0.043225476739141
27 0.048812247848456
28 0.053962174601556
29 0.055536783858908
30 0.060838318265789
31 0.076015222131808
32 0.075907976457303
33 0.099206883006511
34 0.131604976650606
35 0.231528227615111
36 0.477105000055811
37 0.905075431037773
38 0.852288582464304
39 0.952368133231409
40 0.922882696736420
41 1.025820167214445
42 0.975404364956622
43 0.921866538433798
44 1.001580335524317
45 1.093392129732308
46 0.892988977244610
47 0.988873646154626
48 1.022601958218934
49 1.055650968025287
50 0.924088305355615
51 0.976913014202895
52 1.070032633146319
53 0.976523239084756
54 0.981669887849330
55 0.982132606087425
56 0.991336149707497
57 0.983940146414658
58 0.955239325592163
59 1.041540788014969
60 0.936909587985351
61 1.032353968577932
62 1.000667385744404
63 1.007878522864250
64 1.072725588983158
65 0.992806914152715
66 1.034683523224823
67 0.983721358759026
68 0.993147723076367
69 1.039419901483521
70 1.042063793672105
71 0.983471656838812
72 0.956414018225310
73 1.031928903206925
74 0.989858318741060
75 1.065841998098163
76 0.987559991457912
77 0.981702152529687
78 0.949917203299202
79 1.023142466389430
80 1.012794679457701
81 1.001270195225683
82 0.946375834918305
83 0.979650706286119
84 0.988827004057490
85 1.023805141103890
86 1.018647554179067
87 1.013395109179278
88 1.002839541596332
89 0.982857467556594
90 0.970077354141368
91 1.016236453901681
92 0.992042953233066
93 0.991784845885155
94 0.996572274778239
95 0.959808296224382
96 1.011179138880714
97 1.020052781935341
98 1.006435525922374
99 1.013880049496034
100 0.991158730113303
101 1.009276931827618
102 0.999451726830287
103 0.996671332722980
104 1.006719660696265
105 0.993935172814766
106 1.026265581625904
107 0.971288676551126
108 1.017329568988326
109 0.998729835734578
110 1.005016662925333
111 0.973813107392479
112 1.034430752845643
113 0.957027525438421
114 1.031432694024340
115 0.997435554272873
116 0.982028751519991
117 0.963335417401009
118 0.984237631141249
119 1.039083584437299
120 0.996810337728778
121 0.998629123681867
122 1.004403351105960
123 0.979482894320701
124 0.991690186962989
125 1.002499369760571
126 0.978584677370545
127 1.001645615670481
128 1.008853108916948
129 1.030415057211012
130 1.003147362514319
131 1.012814429143565
132 1.033074989631374
133 0.979930746938479
134 1.005278193596063
135 0.991870585019829
136 1.033918471975054
137 0.970820071927761
138 1.030036720691974
139 0.981955386997670
140 1.012320032155444
141 1.001658059184117
142 1.015338356032047
143 0.998182151193772
144 1.006131673543602
145 0.975918368118651
146 1.024972312398848
147 1.009598634047305
148 0.995331303323517
149 0.975229562534657
150 1.025347303818101
151 0.970181713915708
152 1.017771582471761
153 1.003814511455544
154 0.971918416308954
155 1.002972316000605
156 0.989372492348723
157 0.987891375723979
158 1.001568184226826
159 0.979562089075501
160 1.038036763424056
161 0.971220939577104
162 0.979200592216531
163 0.998988779698405
164 0.996258970007006
165 1.007602239685991
166 0.994360613769113
167 1.034569341618256
168 0.972899357035306
169 0.987139973607636
170 1.002063859101792
171 0.969984286841260
172 1.008638920740250
173 1.013936034392335
174 1.005037686469833
175 0.988011278717678
176 1.003580541175352
177 0.973980106317608
178 1.029916663928043
179 0.978346578065066
180 1.027529984233888
181 0.973437621339260
182 1.037896421034018
183 1.014099119285792
184 1.007597196874337
185 1.045641242160942
186 0.978895088840120
187 1.029844034558782
188 1.002418126048624
189 0.999171755852694
190 0.970779441616668
191 1.013055537454377
192 1.005065902565827
193 0.993512462563980
194 0.993271956785689
195 0.996670310146550
196 0.969211213400381
197 0.992438535561098
198 0.987124025568006
199 1.003259238650023
200 0.995532812997622
201 1.010641217727942
202 1.006365098636338
203 0.995424267684683
204 0.998817300904151
205 1.000040033296812
206 0.988370724915911
207 0.994870672549479
208 1.003454037073540
209 1.048621155684254
210 0.973191146739780
211 0.992338964278860
212 1.010659043956458
213 1.016045908878036
214 0.986579997130572
215 0.999397327531917
216 1.018922547642378
217 0.998044351293632
218 0.973330291139857
219 1.011016502180596
220 0.988812989135839
221 0.999133103622004
222 1.010757511916440
223 0.996966180645001
224 0.982405374508862
225 0.998242611821655
226 1.024667839963831
227 1.025803447233861
228 0.993063720573031
229 1.006704763660184
230 1.000264254283633
231 1.002781720278134
232 0.971555917834683
233 1.000891403444015
234 1.003632204077202
235 0.976563912553894
236 0.997542608975324
237 0.989762471618173
238 0.985279179194202
239 0.981591870415096
240 0.977733449978644
241 0.999858953175049
242 0.984820343797938
243 0.995137023672353
244 1.025353220383981
245 0.979177301744612
246 1.007560973946800
247 1.006719762760921
248 1.002132706206085
249 1.000538268253580
250 0.993791953672423
251 0.999509022044771
252 0.985767390427400
253 0.990178042268835
254 1.027040462067245
255 1.012600688991623
