0 4095.602511596679506
1 0.006389017999152
2 0.007214123204925
3 0.007338178884741
4 0.008243293374449
5 0.009978344009447
6 0.009172902295149
7 0.012044932077509
8 0.011752756982914
9 0.013726676983024
10 0.013366911427890
11 0.016633936810335
12 0.015808648375497
13 0.016956002343868
14 0.019321053092423
15 0.021011828067112
16 0.022644554696199
17 0.024510998448370
18 0.027494935444918
19 0.026704267500514
20 0.030464542279114
21 0.030757773312871
22 0.032497343027030
23 0.036431736108477
24 0.040506200754959
25 0.041459099029077
26 0.043099084365408
27 0.048697767733650
28 0.053905614889269
29 0.055367302723628
30 0.060491429907501
31 0.075655180835079
32 0.075632108673598
33 0.099284413171581
34 0.131404545282192
35 0.229785955827641
36 0.474211573324036
37 0.906388612758112
38 0.851796506577140
39 0.952631871839206
40 0.923626607713066
41 1.023741372663332
42 0.974460887349757
43 0.919832841445860
44 1.004643497746304
45 1.094875583370586
46 0.890428167283075
47 0.986433084703132
48 1.025755772960553
49 1.058157004140010
50 0.923176412418570
51 0.980347196395541
52 1.068548811615733
53 0.975549050487849
54 0.983141865160013
55 0.981816159253250
56 0.994768221451167
57 0.982010023069014
58 0.955781322791581
59 1.039750341912932
60 0.936521627989180
61 1.031123027274858
62 1.002425882217260
63 1.005180618262655
64 1.074059012143809
65 0.990242582935878
66 1.035929848586627
67 0.983769083823493
68 0.992136365972528
69 1.039318628693484
70 1.042692399317408
71 0.983080054138065
72 0.958751770714984
73 1.032722911699894
74 0.989100799315441
75 1.062552460927675
76 0.987831218255960
77 0.981788437131004
78 0.950050764963570
79 1.022917397485741
80 1.014965858692607
81 1.000955286487976
82 0.947724428016937
83 0.977935840500982
84 0.989741512272077
85 1.022103321235402
86 1.017462480609788
87 1.014502913509946
88 1.003329073352729
89 0.982981946016839
90 0.969267582061668
91 1.015388699701192
92 0.994926205176810
93 0.988418457410105
94 0.997413629230129
95 0.957742516837055
96 1.012982543636344
97 1.019964947402368
98 1.005024254573773
99 1.015309148013024
100 0.993545468216064
101 1.008753476769459
102 0.997756238255210
103 0.998642466311882
104 1.007393619179763
105 0.994309356714491
106 1.026346452289052
107 0.973138679080486
108 1.019054781708533
109 0.999072959663222
110 1.002650329235113
111 0.976140916776414
112 1.032056005012525
113 0.959299329769454
114 1.029644511442037
115 0.996978946643594
116 0.984301662418270
117 0.961652975792599
118 0.986678437830629
119 1.040316284574685
120 0.997205313208657
121 1.000275872360828
122 1.004049734871121
123 0.979068197797619
124 0.992333076359864
125 1.001823567456393
126 0.978996106988525
127 1.001770683957584
128 1.009394433662860
129 1.030522463759567
130 1.003546429691724
131 1.015105353862123
132 1.031971849719166
133 0.977404850598209
134 1.003674591760646
135 0.991698578194250
136 1.034334538650330
137 0.969914265527674
138 1.032448156685327
139 0.980601481907935
140 1.012663710652318
141 1.001240862761897
142 1.014113158449001
143 1.000193667260397
144 1.004661096079441
145 0.979027479661839
146 1.025199893389344
147 1.006699384430760
148 0.994950353413209
149 0.974848062008211
150 1.026672319799776
151 0.970518807514827
152 1.013976368090645
153 1.003966105659563
154 0.974689433150253
155 1.003924323921101
156 0.991576223607102
157 0.988999104872379
158 1.000021061890646
159 0.976597444183123
160 1.037421739449814
161 0.970969357841163
162 0.978099102628962
163 0.998916978117730
164 0.995150878460350
165 1.007164515775927
166 0.993259948956244
167 1.033787375814021
168 0.972522648979931
169 0.988213042502040
170 1.005053785039539
171 0.971775003830809
172 1.007977817241289
173 1.011680114313489
174 1.001436175656272
175 0.988068215620480
176 1.004405509300394
177 0.974868851344631
178 1.030496724921463
179 0.977409520733137
180 1.026287985706029
181 0.972992862025085
182 1.038379754116729
183 1.014920651529165
184 1.007432797054967
185 1.044956747995652
186 0.981679352142693
187 1.028031999218964
188 1.002034835018106
189 0.999454166263313
190 0.970045127115864
191 1.011898938471764
192 1.005582354052720
193 0.995854991288810
194 0.995028701085603
195 0.998018407397483
196 0.970895160673932
197 0.993608957008600
198 0.987289595563601
199 1.004351668086715
200 0.994777025225742
201 1.008054928740064
202 1.006228084330634
203 0.995688878843499
204 0.998518818505505
205 0.998327923718988
206 0.990143205158999
207 0.996334732332841
208 1.004987844240413
209 1.049065398176984
210 0.974077880670909
211 0.991515212568185
212 1.010663831353770
213 1.013560419651791
214 0.986646818274464
215 0.998033783892356
216 1.016349039741847
217 0.998068073557798
218 0.969269172354623
219 1.011298938985962
220 0.989029537194038
221 1.000698463454472
222 1.009426517627348
223 1.000325633152888
224 0.983284761094960
225 0.998633671597714
226 1.025038945122539
227 1.024664386886257
228 0.993650546528569
229 1.005634001971748
230 1.000337343449775
231 1.003456971042001
232 0.970575286808192
233 0.999899596067762
234 1.003652336296575
235 0.977298976470945
236 0.995590740388448
237 0.990228724458574
238 0.984739182123406
239 0.982795822948401
240 0.976031587871076
241 1.001643107536600
242 0.986013408534577
243 0.994945899583165
244 1.025601186788697
245 0.979124540248226
246 1.009169076131743
247 1.004539977555135
248 1.002270139459705
249 0.999908209610373
250 0.994990079232012
251 1.000464160636756
252 0.983763196947565
253 0.989070895518344
254 1.025789303472189
255 1.000420338437715
