0 4096.020010036892018
1 0.006522069427498
2 0.007337964555293
3 0.007413999869612
4 0.008384027706890
5 0.010070179717897
6 0.009299538777001
7 0.012062337513767
8 0.011663619895091
9 0.013578912936147
10 0.013404720033645
11 0.016664307334009
12 0.015765891671583
13 0.016938712044182
14 0.019361966783509
15 0.020860471139148
16 0.022740943740021
17 0.024463061057181
18 0.027620051807436
19 0.026671976043502
20 0.030516660702902
21 0.030855697825075
22 0.032511719330323
23 0.036911644571547
24 0.040422861457418
25 0.041716444204008
26 0.043261353807859
27 0.048943954453851
28 0.054004201364977
29 0.055528037015300
30 0.061023486321557
31 0.075893971051388
32 0.075859075120947
33 0.099360093104317
34 0.131758166996295
35 0.231448804393718
36 0.477049247115328
37 0.904596771496205
38 0.852062005917330
39 0.952167378211361
40 0.921725691362074
41 1.024953919407267
42 0.974883054147793
43 0.923578291886499
44 1.000626723885738
45 1.093763834710572
46 0.893950303631764
47 0.988452765816014
48 1.021917980135527
49 1.056330449215363
50 0.923501852994995
51 0.975354838441964
52 1.071091951462240
53 0.976178853559800
54 0.980865006842340
55 0.981786700797597
56 0.990900212484382
57 0.984158682218813
58 0.955392232525067
59 1.042050619031715
60 0.937017353150526
61 1.032620232745207
62 1.000573227535682
63 1.008628701052439
64 1.072871455034856
65 0.993204365960869
66 1.035601933173686
67 0.984456999074262
68 0.993352662969846
69 1.039250850439239
70 1.043041962521768
71 0.983570813511378
72 0.955956204874601
73 1.033145496520186
74 0.989922923676777
75 1.065003576994254
76 0.987494672876346
77 0.981326939598670
78 0.950232492717164
79 1.023263294614934
80 1.012470030829932
81 1.001527152907113
82 0.946417431675881
83 0.978380400685040
84 0.988407001950163
85 1.024767911425971
86 1.019015318698479
87 1.012470724715890
88 1.002645041028488
89 0.982934986248350
90 0.970087249359569
91 1.015607709735616
92 0.991825129523446
93 0.992498782321546
94 0.995990072520384
95 0.959801752696591
96 1.009207635054227
97 1.020525078834513
98 1.005332429746623
99 1.014200049618296
100 0.991991784328154
101 1.010157395801251
102 1.000250904583026
103 0.996614199919589
104 1.006195206478418
105 0.994189995496507
106 1.026729470239717
107 0.971696410590684
108 1.017568392501125
109 0.998422129891908
110 1.005417621009713
111 0.972855682504223
112 1.034214090246329
113 0.957208320612251
114 1.030771279661486
115 0.997341552220902
116 0.981921203526155
117 0.963236867066936
118 0.984522093230857
119 1.040220188460720
120 0.996085513921601
121 0.999660204487811
122 1.004751135230406
123 0.979762164124384
124 0.992011870447810
125 1.002549232859410
126 0.979121870358087
127 1.001699166715907
128 1.008563930888255
129 1.031320796196080
130 1.003111959757715
131 1.012703623601530
132 1.032990790746938
133 0.979350764060407
134 1.006345611434223
135 0.990968850734135
136 1.034692360667923
137 0.970527397669851
138 1.030019788779745
139 0.981875716958825
140 1.012447504811411
141 1.001630753565216
142 1.015282278326332
143 0.998990729794275
144 1.006783870010304
145 0.976048205637160
146 1.024532985635192
147 1.009920789593471
148 0.995548208146525
149 0.975282490564442
150 1.025787783734556
151 0.969998993796972
152 1.017270743334197
153 1.003901740108764
154 0.971982154108665
155 1.002524373601530
156 0.989660018452697
157 0.987290118760674
158 1.001394940757357
159 0.978981248410990
160 1.037521089232749
161 0.970742096343955
162 0.979091142011473
163 0.998614759650673
164 0.996017822878537
165 1.007901700875565
166 0.994598940071547
167 1.033897549683010
168 0.972944316723676
169 0.986883832508107
170 1.001026895131499
171 0.970276435626340
172 1.008536964142798
173 1.014420160591613
174 1.004976768253169
175 0.988076016734551
176 1.003078674167590
177 0.973966923719503
178 1.029526011424037
179 0.978151690916863
180 1.028490971952383
181 0.973818056326311
182 1.037946095382151
183 1.014370100434780
184 1.007966544400612
185 1.045823344171815
186 0.978859752140951
187 1.031006985332892
188 1.002578715032122
189 0.999193414298683
190 0.970456828176559
191 1.012509695561660
192 1.005528687751244
193 0.994338536611191
194 0.993968390665846
195 0.996525832150904
196 0.969055477761207
197 0.991693995882057
198 0.987263963002243
199 1.003042484235985
200 0.995276120070120
201 1.010349851347404
202 1.006259147492008
203 0.995284634532937
204 0.998242003320692
205 0.999977096673149
206 0.988479387361110
207 0.994626422204522
208 1.003026152177604
209 1.047858264455817
210 0.973827715525176
211 0.992247356098810
212 1.011292229700866
213 1.016454060298233
214 0.986732468546958
215 0.999111028851426
216 1.018459493867198
217 0.997991233344730
218 0.972491381374931
219 1.010956319484553
220 0.989146876815515
221 1.000266659804032
222 1.010378388795987
223 0.996368872814375
224 0.982004961630750
225 0.998171538127838
226 1.024721715205974
227 1.025634384409833
228 0.993421525839109
229 1.006642632175756
230 1.000087067610201
231 1.002937426019841
232 0.971170260814833
233 1.001626167127271
234 1.003717071300559
235 0.977152433005483
236 0.997409536171936
237 0.989916009150008
238 0.985089265250232
239 0.982133462097357
240 0.977910052511688
241 0.999899640497798
242 0.984566939503734
243 0.995664313753662
244 1.025035769630859
245 0.979413132322653
246 1.007837081134395
247 1.007599753025921
248 1.002060301405641
249 1.000844682967005
250 0.993150275045954
251 0.998978591244233
252 0.985621748103520
253 0.990372870581587
254 1.027001652893739
255 1.012510278210374
