0 4095.882867606026593
1 0.006608126221205
2 0.007363618449744
3 0.007401715076604
4 0.008366105481911
5 0.010014013004337
6 0.009237007747569
7 0.012034613820246
8 0.011680206114282
9 0.013585367487876
10 0.013392500297985
11 0.016612582253224
12 0.015748892235470
13 0.016870551841855
14 0.019304716108164
15 0.020960284541483
16 0.022621526034338
17 0.024449523068008
18 0.027472033066763
19 0.026749205124496
20 0.030413985437725
21 0.030874534738657
22 0.032481809600939
23 0.036676500741953
24 0.040478574009246
25 0.041591309797846
26 0.043224293688851
27 0.048790555714283
28 0.053934752254700
29 0.055485996932830
30 0.060884606255431
31 0.075996994971628
32 0.075917538141839
33 0.099183898226144
34 0.131525192730972
35 0.231379286071079
36 0.476266307854667
37 0.904541512784351
38 0.852822122366158
39 0.952163961558544
40 0.923715887248946
41 1.025562363172770
42 0.973786696234411
43 0.922811516599807
44 1.001062601768981
45 1.093606159315268
46 0.891967208624870
47 0.987987651733035
48 1.023459175967608
49 1.057727214816270
50 0.923985713984299
51 0.978124516308357
52 1.070800512481037
53 0.976981551659507
54 0.981610792692665
55 0.981477243624211
56 0.990846504324128
57 0.983141259514005
58 0.954881861216121
59 1.041646934777191
60 0.938804338437502
61 1.030960430384962
62 1.002443189918707
63 1.007569540524858
64 1.075269227299305
65 0.992567387062820
66 1.034525154766951
67 0.982692013711950
68 0.993393435825906
69 1.039637845984351
70 1.041499964345840
71 0.983489427723689
72 0.956330513470596
73 1.032803378819539
74 0.990704588339816
75 1.064925722413496
76 0.987387834645959
77 0.981798262797161
78 0.950741943569621
79 1.024754726683033
80 1.013309956939441
81 1.000893790119756
82 0.946521179547586
83 0.979281050786072
84 0.988804522874639
85 1.023313806604469
86 1.018621015121168
87 1.013603455032777
88 1.002777294933215
89 0.982313479158288
90 0.969917671222544
91 1.016084492779146
92 0.992314702534486
93 0.991820202020017
94 0.996843002670350
95 0.958250574548161
96 1.011842695024425
97 1.019200856457611
98 1.006238523456596
99 1.013876085283717
100 0.990491924585198
101 1.009745068543027
102 0.998326048773178
103 0.997924989547430
104 1.007233789953101
105 0.993415688321258
106 1.025885932371958
107 0.971272901752206
108 1.016949883327734
109 0.998070609616562
110 1.004149575095543
111 0.975107864524566
112 1.032844015215466
113 0.956981735279929
114 1.031765491207463
115 0.997719194230304
116 0.981659090563043
117 0.963240569511562
118 0.984807863961820
119 1.040579777594885
120 0.996751589600443
121 0.999349784408258
122 1.004472977388168
123 0.979255914629077
124 0.991727547343786
125 1.002686282296882
126 0.978284648605813
127 1.001391972596346
128 1.008527431940097
129 1.029525791671923
130 1.002587211279530
131 1.012278391270932
132 1.033032813789940
133 0.979804320362129
134 1.004974739072137
135 0.991912889367856
136 1.033922984297782
137 0.971064368641323
138 1.030725067851379
139 0.982071529852854
140 1.012686437848608
141 1.002224246402001
142 1.015798782620460
143 0.998370928534425
144 1.005308399159925
145 0.975842948905488
146 1.024567092930919
147 1.009407927213965
148 0.995207411181434
149 0.975501476319871
150 1.025526774559565
151 0.970415662306947
152 1.016807225073260
153 1.003738323685259
154 0.972692396590506
155 1.002944270517894
156 0.989864540471700
157 0.987947387639704
158 1.000871203716448
159 0.979342380367504
160 1.037969239564533
161 0.971522562576641
162 0.979855452708409
163 0.998913187792668
164 0.995866643850560
165 1.007285463102075
166 0.993596097688674
167 1.034188993707278
168 0.972587995328910
169 0.987358311646800
170 1.002426874712611
171 0.969847996511302
172 1.008757288930997
173 1.013563893772973
174 1.005354409372101
175 0.988126503616378
176 1.004474596075550
177 0.973987034396060
178 1.031088193449088
179 0.979023603311369
180 1.027352163155285
181 0.973663840024342
182 1.037777285377547
183 1.013523515251505
184 1.006958657605295
185 1.045576176645347
186 0.979398340540887
187 1.029535377010901
188 1.002578361241586
189 0.998449589881589
190 0.970362190572231
191 1.013332482265607
192 1.005543661360652
193 0.994119554337303
194 0.994234671427171
195 0.996095641138867
196 0.969380190434417
197 0.992766375545943
198 0.986754999859820
199 1.002971239674960
200 0.995431113049343
201 1.010213602072803
202 1.005998815313129
203 0.995615619533246
204 0.999059722277735
205 0.999988041198279
206 0.988991348141691
207 0.995555390477784
208 1.003391728718632
209 1.048716301565855
210 0.973143686704401
211 0.992798810632372
212 1.010649516778357
213 1.014943562400099
214 0.986953108256314
215 0.998827229265342
216 1.018327348321177
217 0.997907827379029
218 0.972373657610525
219 1.011484773959812
220 0.988489991392023
221 0.999257761595711
222 1.010705189134114
223 0.997599610298915
224 0.982413349621029
225 0.998297246277310
226 1.025261781231661
227 1.025680552791922
228 0.992420898171825
229 1.006716339056453
230 0.999607440116255
231 1.003459976794332
232 0.972170612512620
233 1.000467985518552
234 1.004324185167219
235 0.976486666116749
236 0.997147062258785
237 0.989909751654441
238 0.985223712549511
239 0.981781551569301
240 0.977320762990864
241 1.000288940247066
242 0.984623079258835
243 0.994313271266259
244 1.025255925542925
245 0.979500593718826
246 1.008637355120052
247 1.006864015696570
248 1.002164540602771
249 1.000289928417308
250 0.994024948661936
251 0.999265230357815
252 0.985733152743958
253 0.990075135028034
254 1.025806616621896
255 1.010619615964324
