0 4095.744011230468914
1 0.006509084531838
2 0.007247997195687
3 0.007328125587772
4 0.008258450247498
5 0.009992200437999
6 0.009167565177065
7 0.012014987038924
8 0.011702625229382
9 0.013628458460253
10 0.013341763285603
11 0.016570654305859
12 0.015725550994659
13 0.016924954781107
14 0.019233091399083
15 0.020982460923159
16 0.022594974785415
17 0.024434941122687
18 0.027483733780582
19 0.026637186648726
20 0.030430225761213
21 0.030793334006742
22 0.032572341546994
23 0.036613367983889
24 0.040507708583145
25 0.041622544354124
26 0.043179667612452
27 0.048821773619506
28 0.054000262894334
29 0.055525602423033
30 0.060861824343531
31 0.075601849954155
32 0.075647925753766
33 0.099234341768421
34 0.131033229167107
35 0.230473821047560
36 0.476159370427033
37 0.908216788803251
38 0.852318236100335
39 0.953946748519555
40 0.922549563629405
41 1.024656653422483
42 0.973980535418526
43 0.921778956737861
44 1.003987401726898
45 1.093786058983296
46 0.891570225824922
47 0.987398270299872
48 1.024061495618824
49 1.059161897275225
50 0.923651010161213
51 0.979431487535164
52 1.069527929749479
53 0.976218360982351
54 0.980968684261135
55 0.982721373722542
56 0.992887731271832
57 0.983407249354227
58 0.956153535252717
59 1.039398791867893
60 0.938390837741164
61 1.031805065864062
62 1.001499799943833
63 1.006367383418991
64 1.072359645096400
65 0.991192324602146
66 1.036445169480435
67 0.984441840851185
68 0.992190002503788
69 1.039139607155197
70 1.041026629820896
71 0.982979656588920
72 0.958354701102752
73 1.032109882780568
74 0.988860789080022
75 1.064275898474397
76 0.987220613202477
77 0.981101546737337
78 0.951754392407433
79 1.024405484085076
80 1.013984501590582
81 0.999859109022763
82 0.947790876404659
83 0.977521396366888
84 0.988972081328925
85 1.022782716842208
86 1.017197009134536
87 1.012296810750455
88 1.002878181632218
89 0.982778439401172
90 0.970323008698436
91 1.015065735286948
92 0.992040009061019
93 0.989859925193255
94 0.996946522007818
95 0.958006864626404
96 1.012823755805412
97 1.020105906105113
98 1.005057031975510
99 1.015008018618760
100 0.992844803474852
101 1.009801549423751
102 0.998944045427663
103 0.997906186931012
104 1.009025667371842
105 0.993526164564938
106 1.027132269419226
107 0.972848886977354
108 1.018339606038709
109 0.998935164188768
110 1.002921898267152
111 0.977373781365005
112 1.032046100197768
113 0.958748802698261
114 1.029445197524500
115 0.997379598666088
116 0.983282878841135
117 0.962319571956169
118 0.987196679204686
119 1.038951826213378
120 0.997756500919405
121 0.998792665927465
122 1.003326333715243
123 0.978962869678033
124 0.991956488285858
125 1.002937595535570
126 0.977811266353174
127 1.001482946542273
128 1.008709881699375
129 1.029781212660916
130 1.002313373591846
131 1.014477273362248
132 1.032623195388807
133 0.977035635180056
134 1.005041662436586
135 0.991671685405651
136 1.034862375441256
137 0.970286692195737
138 1.031583444318957
139 0.981005611963289
140 1.012502742407354
141 1.002385156150530
142 1.015041500210775
143 0.999035427586516
144 1.004260714132235
145 0.978522339408968
146 1.023892705874881
147 1.008417662114860
148 0.995741631118885
149 0.975782033472996
150 1.026018066324430
151 0.970242334295061
152 1.013873536902984
153 1.003955128547935
154 0.973906739629539
155 1.002990192232202
156 0.991893678364634
157 0.989348580998086
158 1.001785134279418
159 0.977958315619254
160 1.037389819933404
161 0.970219834905916
162 0.978536543421964
163 0.998272759328625
164 0.994924559746994
165 1.006777999050330
166 0.993381005320837
167 1.034558808715391
168 0.973171383189365
169 0.988323409305258
170 1.003288721733793
171 0.971316625913682
172 1.008673722473514
173 1.012394704184674
174 1.002928850312533
175 0.987979700818237
176 1.003410252619182
177 0.974853889523329
178 1.030066785350291
179 0.978256184732822
180 1.026360647566050
181 0.973608462734478
182 1.037412173810986
183 1.013698016197817
184 1.008357716548251
185 1.045963700186280
186 0.980637578272221
187 1.028499096455225
188 1.002450547298010
189 1.000056078213051
190 0.970019986287334
191 1.013287751470283
192 1.006214487448456
193 0.995640726680637
194 0.995223132225232
195 0.996328653214747
196 0.969940833039696
197 0.992913849307047
198 0.986868431857805
199 1.004532259974748
200 0.995319913442518
201 1.008331705128101
202 1.006331656236896
203 0.995354943066546
204 0.999296014391754
205 0.999069824344391
206 0.989092928228390
207 0.996090803333535
208 1.004761779978741
209 1.048705351906971
210 0.973526703602428
211 0.992416062680363
212 1.010146961330776
213 1.013993609667203
214 0.986443820505875
215 0.998200386686541
216 1.016397962852455
217 0.997202625243413
218 0.971920871199540
219 1.010884165782826
220 0.989400806991279
221 1.000665919331702
222 1.010301567502878
223 0.999626614732515
224 0.982953534112490
225 0.998559133597746
226 1.025449344072134
227 1.025045152408520
228 0.992886527981503
229 1.005810374818078
230 0.999280202881988
231 1.004016049034954
232 0.971073738874191
233 0.998828205381370
234 1.004330224182923
235 0.977413727156484
236 0.996072002716632
237 0.990261330067396
238 0.984266554278098
239 0.982591414794711
240 0.976687316628187
241 1.000779069443448
242 0.985050761905598
243 0.995006069650670
244 1.026178227459232
245 0.979030806832467
246 1.009672468246562
247 1.005532637422483
248 1.001962452201495
249 1.000655723349545
250 0.994703999743493
251 0.999711929942086
252 0.984647835435091
253 0.989543712814306
254 1.026093115745152
255 0.997646637598410
