0 4095.545012207031050
1 0.006766554866005
2 0.007099383680182
3 0.007395409075342
4 0.008357877149714
5 0.010129230200081
6 0.009248839827147
7 0.012129150003375
8 0.011778318278362
9 0.013732291741712
10 0.013222036382367
11 0.016548149298364
12 0.016017761972719
13 0.016954390107102
14 0.019168655865258
15 0.020904843031488
16 0.022572642787043
17 0.024420327785188
18 0.027393526447373
19 0.026625707780441
20 0.030714260356586
21 0.030903123708671
22 0.032510795680089
23 0.036789530122649
24 0.040636009278427
25 0.041755320469323
26 0.043165327104745
27 0.048391634744885
28 0.053829991620146
29 0.055198174742904
30 0.060332308615256
31 0.075843322848615
32 0.075774947379861
33 0.099555898741368
34 0.131229061968726
35 0.229408531642826
36 0.477113983425148
37 0.908151791418390
38 0.845267399878316
39 0.953327481605648
40 0.921788365511229
41 1.029451249077146
42 0.970816839577410
43 0.917790030225591
44 1.004977690964211
45 1.099199827948633
46 0.885381564959975
47 0.983868621566106
48 1.021717143553627
49 1.061842982852520
50 0.920798896922651
51 0.983412188479272
52 1.070369954166636
53 0.974620924659345
54 0.983575501723927
55 0.982816282858025
56 1.000158680345970
57 0.981112406057346
58 0.952702127105080
59 1.036388398765043
60 0.939782421834417
61 1.026449336419870
62 1.000432056359269
63 1.005565668987414
64 1.074783668468261
65 0.990314886762180
66 1.039477874478327
67 0.983493668314655
68 0.993916922482556
69 1.037669489359705
70 1.044477240505213
71 0.983754677235302
72 0.957522176129415
73 1.036137397231915
74 0.990654875956592
75 1.060433958258679
76 0.989547795655982
77 0.980491420797467
78 0.951989005169503
79 1.025783225539569
80 1.017186589166732
81 0.999010308608366
82 0.947391318805848
83 0.975805915648954
84 0.985649235976282
85 1.020641431946917
86 1.018081247624840
87 1.017678029915080
88 1.001208642630328
89 0.983090214411114
90 0.970157929815772
91 1.019751771102017
92 0.993774700561328
93 0.990995047863673
94 0.997748720235074
95 0.955106557027323
96 1.014586934538525
97 1.018409895957236
98 1.007149729800510
99 1.015114758929170
100 0.993941620529440
101 1.008610661895282
102 0.997033680205413
103 1.002128169837530
104 1.007168468857945
105 0.991265893462756
106 1.027227783685120
107 0.973704991707367
108 1.019161483936577
109 0.996748649368303
110 1.001688926609790
111 0.977510344706425
112 1.033135483689486
113 0.959565818156646
114 1.031204907700937
115 1.003432336269365
116 0.983761769992065
117 0.956635800757960
118 0.985173194369797
119 1.041876178544011
120 0.997531339129301
121 0.997643852783122
122 1.002723885690221
123 0.976796433744971
124 0.993256805573141
125 1.001024623477914
126 0.975293338774060
127 0.999664337895033
128 1.007113405572719
129 1.028145573609085
130 1.002434499446044
131 1.015338387241456
132 1.031494621595578
133 0.977749177097357
134 1.003593370020740
135 0.993414537787203
136 1.034850107809229
137 0.972719043096493
138 1.035311045557139
139 0.981063692306914
140 1.012064149152662
141 0.998243566454312
142 1.015012515932607
143 1.000864115614956
144 1.003107887585439
145 0.979513995450679
146 1.026299456049298
147 1.003905419492669
148 0.994185466957379
149 0.976489342308990
150 1.026315599506185
151 0.974224898405395
152 1.015116964072158
153 1.005189916137347
154 0.976311403208799
155 1.004287407488227
156 0.994745973882776
157 0.988486940791627
158 0.997166249549695
159 0.973957855620552
160 1.037065819376324
161 0.969793166824706
162 0.978426950490240
163 0.998945682468200
164 0.993176162166820
165 1.007587284502549
166 0.993730175180919
167 1.037409487062182
168 0.971287053723069
169 0.988153242984285
170 1.004923189001676
171 0.973962847882909
172 1.008744815457782
173 1.013004726671769
174 1.000330566319059
175 0.989027714018718
176 1.006215149920767
177 0.976118197036601
178 1.029936597034784
179 0.977011381497288
180 1.027142642503369
181 0.972036300306922
182 1.040157518395056
183 1.016168872869114
184 1.009725660448475
185 1.044443205286827
186 0.979964551215241
187 1.026700754304728
188 1.001761363764879
189 0.998721521693846
190 0.971432115853873
191 1.011124872849861
192 1.004220001225462
193 0.995048185724346
194 0.997395838960206
195 0.997677846117224
196 0.968763367913182
197 0.992287575564963
198 0.986339378921251
199 1.003378975938789
200 0.995212288396904
201 1.007588827444537
202 1.006077496130338
203 0.996303704130038
204 1.002050885174293
205 0.995079050614495
206 0.987921102282960
207 0.995861618422448
208 1.007048668570070
209 1.049307221815753
210 0.974132246368991
211 0.992581452807085
212 1.010801571894945
213 1.012467267577085
214 0.985245307692437
215 1.000211578068449
216 1.015273548098002
217 0.999076907467771
218 0.968057209030627
219 1.011065581897453
220 0.991661752620827
221 1.002544776498432
222 1.008733332532097
223 1.002899462891432
224 0.982697530221884
225 0.995751903169052
226 1.022942214341148
227 1.022604404184404
228 0.992475153373584
229 1.005502778470408
230 1.002862227246824
231 1.002260748237133
232 0.967813913951681
233 1.000399110136337
234 1.001739959519839
235 0.978932576645679
236 0.996500147650098
237 0.990721000643111
238 0.986892257929442
239 0.982822234364561
240 0.976947811990533
241 1.003924269215136
242 0.985920395585628
243 0.995268448654477
244 1.023660198642963
245 0.978747914641299
246 1.008655279574928
247 1.005615796922414
248 1.003042262053036
249 0.999288917468140
250 0.998096623888228
251 1.000658970647903
252 0.981854283501193
253 0.990781237606254
254 1.026571296716090
255 1.007566182169207
