0 4095.473345540364789
1 0.006606362042294
2 0.007149536980446
3 0.007296049463386
4 0.008307380584883
5 0.010012259270145
6 0.009151719988203
7 0.012175325029467
8 0.011663187420662
9 0.013781587183578
10 0.013240360916546
11 0.016697219454412
12 0.015825848768035
13 0.016953150899353
14 0.019234618961577
15 0.020979135201601
16 0.022566973741644
17 0.024382763327124
18 0.027442044720220
19 0.026765315604345
20 0.030511394981748
21 0.030711096684876
22 0.032566619550231
23 0.036460119516642
24 0.040521182090206
25 0.041634980121443
26 0.043078876419410
27 0.048535834494611
28 0.053990032967750
29 0.055165970565527
30 0.060481604232285
31 0.075613504482084
32 0.075650611209157
33 0.099165569457279
34 0.131510747489942
35 0.229513475286709
36 0.474563161577519
37 0.905997073377612
38 0.849216532990892
39 0.950974893769663
40 0.922819191763632
41 1.028271121075537
42 0.974297321161962
43 0.917232857326378
44 1.001588278824816
45 1.096512817657820
46 0.887688620355654
47 0.985825168591346
48 1.025337638065079
49 1.061818900470518
50 0.922856288905362
51 0.981019981484563
52 1.066547194370534
53 0.976629988092147
54 0.984795731595582
55 0.982254347495876
56 0.995796016208188
57 0.981113217995856
58 0.953757104906567
59 1.038268129294936
60 0.938078694616458
61 1.029681624727073
62 1.001252788502183
63 1.005871753281266
64 1.075463692499355
65 0.989948454003473
66 1.039608047619819
67 0.982046009084648
68 0.991197277247542
69 1.041642583667234
70 1.042526775711692
71 0.981955643406641
72 0.958078588560230
73 1.033611334631440
74 0.990158580494171
75 1.061833605456834
76 0.988270617856551
77 0.980192891392001
78 0.949322889314364
79 1.023508150450555
80 1.017377356108380
81 0.999677692284046
82 0.947069308170432
83 0.979451451272882
84 0.989010154811300
85 1.023081895613677
86 1.016268810057968
87 1.018413476036437
88 1.000675425158620
89 0.984721619713050
90 0.968533600293331
91 1.018148152009947
92 0.993548444971730
93 0.989780601937691
94 0.997930886474152
95 0.956283019008828
96 1.013263945728505
97 1.017773205070541
98 1.005848044881176
99 1.015225993076876
100 0.993965607586298
101 1.010368949361984
102 0.995936619459667
103 1.000058136324332
104 1.010186597003651
105 0.992394326503262
106 1.026796182632919
107 0.971846996814282
108 1.020207984631117
109 0.999676099681794
110 1.002245808943206
111 0.977503329743004
112 1.035890972118208
113 0.959893312415323
114 1.031096239234965
115 0.999112353492479
116 0.982519793502337
117 0.958445850736970
118 0.985581667982769
119 1.040036372680704
120 0.998821995537993
121 1.001058790009054
122 1.002989660355654
123 0.978195188227232
124 0.992941149337829
125 1.001529470241264
126 0.978251222242716
127 1.000147804937250
128 1.009032206450711
129 1.029955222370649
130 1.003541176781684
131 1.014667628366207
132 1.030602755789671
133 0.978389105305357
134 1.003353698724927
135 0.993280408677153
136 1.033679185801361
137 0.971154795694360
138 1.032592353903268
139 0.979639404245313
140 1.012703793616337
141 1.000961905312869
142 1.012207765502986
143 1.000993361582948
144 1.003963689980472
145 0.979011672883114
146 1.028972630366149
147 1.004895107829269
148 0.994569654081350
149 0.974276964675712
150 1.026543858638502
151 0.973813524126959
152 1.013532195096850
153 1.004770450754961
154 0.975109961729785
155 1.004983900803959
156 0.991065246576488
157 0.987820785371713
158 0.999333273123683
159 0.973591220186702
160 1.036438644412143
161 0.970711315693856
162 0.978370928639771
163 0.998377365582260
164 0.994630013461926
165 1.006163268518226
166 0.994815139030299
167 1.035424674035590
168 0.971257873577688
169 0.986235752593467
170 1.006034908914387
171 0.972471132328531
172 1.008303914968156
173 1.012186324186725
174 1.002149296124811
175 0.988324772410498
176 1.003326382545280
177 0.975965672865303
178 1.030338392578791
179 0.976265809943998
180 1.028237897001069
181 0.972091425397945
182 1.037042220955559
183 1.015587094842384
184 1.008156398895358
185 1.045734852023188
186 0.981478657095012
187 1.027503125847661
188 1.001486155726701
189 0.998631750648725
190 0.971642010216982
191 1.012552169245430
192 1.007333370421204
193 0.996732633055766
194 0.997723493043731
195 0.999060628262348
196 0.970288390542056
197 0.994069350798171
198 0.988509171208406
199 1.004105492095822
200 0.995247891311523
201 1.007074451446673
202 1.006243940528692
203 0.997068490437880
204 0.999934617219941
205 0.997417461020504
206 0.989655776845098
207 0.995847238104741
208 1.005311057783261
209 1.048704101357253
210 0.974153633856097
211 0.990702260958313
212 1.009390142700651
213 1.011840860734173
214 0.985455598345123
215 0.997556139904591
216 1.014442520810744
217 0.997368388703522
218 0.968338139860110
219 1.010951868180479
220 0.988964464106509
221 0.999826063909962
222 1.010045030008695
223 1.002294383587376
224 0.984392787909141
225 0.998140610029699
226 1.026514411689728
227 1.023854894373670
228 0.992073073568775
229 1.005831097635159
230 1.000240462458315
231 1.003546941485124
232 0.970093245580805
233 0.999257849188873
234 1.003876075721757
235 0.976996181200515
236 0.997778120951115
237 0.990728900569542
238 0.985024070775984
239 0.982546626107862
240 0.977732575158819
241 1.002980959370726
242 0.986177713874360
243 0.995611448189254
244 1.025248295138273
245 0.978340488129184
246 1.010135655192780
247 1.005293206331705
248 1.002036564815309
249 0.998607604536014
250 0.995607265420734
251 0.998488307270508
252 0.981748026282511
253 0.987581489151040
254 1.024197169244051
255 1.005918296152816
