0 4095.560014648437573
1 0.006938725602271
2 0.007352038397398
3 0.008062461317759
4 0.008811240986437
5 0.010307170998582
6 0.009094865680606
7 0.012277426558836
8 0.012174047659152
9 0.013814758281360
10 0.013299612082637
11 0.016609776695948
12 0.015726257900258
13 0.017006780188119
14 0.019316819392918
15 0.020971930214328
16 0.022560063875662
17 0.024808202390860
18 0.027431127339652
19 0.026794650018805
20 0.030897973582777
21 0.031381631745217
22 0.032772105808543
23 0.037285855271334
24 0.041128130652674
25 0.042245478850305
26 0.043274550322891
27 0.048086724296105
28 0.053712881429868
29 0.055412473874998
30 0.060615274714302
31 0.076272405315173
32 0.077282080440773
33 0.099515399168291
34 0.130817380699382
35 0.228368540397046
36 0.475731630182189
37 0.909873004677912
38 0.850484187058166
39 0.949900715330903
40 0.922733048705752
41 1.032186493701092
42 0.980809601039359
43 0.916603261876367
44 0.992806500062934
45 1.098527373959234
46 0.884414770400403
47 0.985294148379476
48 1.021852373064235
49 1.061478132959045
50 0.919642094446909
51 0.975424153425561
52 1.069128085438056
53 0.976257129183334
54 0.975211328513418
55 0.984214852460554
56 0.996080158596926
57 0.979576555174628
58 0.947147051331341
59 1.040616659245969
60 0.943624984823179
61 1.026019097963500
62 1.000790916711609
63 1.010357034357980
64 1.073908399886514
65 0.991079378017857
66 1.040142064383417
67 0.986267364803170
68 0.993874760544452
69 1.035067968421314
70 1.041486967131211
71 0.986897656116668
72 0.958133646049628
73 1.035692201198962
74 0.988186884204299
75 1.062001858257743
76 0.984181735256126
77 0.976717789424745
78 0.951221760425339
79 1.033041421514538
80 1.016641894741698
81 0.995771671524245
82 0.949233829470136
83 0.974506738740943
84 0.985018599340616
85 1.026200009468259
86 1.014899493863815
87 1.015641214585745
88 1.002248508157490
89 0.979768788773359
90 0.972806451700920
91 1.019313375720143
92 0.995580124413054
93 0.989303368678438
94 1.005706405493220
95 0.952450078869815
96 1.014118537731353
97 1.017507255740512
98 1.009148594327630
99 1.015918433232646
100 0.999651082689335
101 1.004727515650868
102 0.998935955778039
103 1.005333519832887
104 1.008344067718959
105 0.988818740737940
106 1.024165368121621
107 0.975941662250006
108 1.015287560837731
109 0.995746181188961
110 1.002810244645704
111 0.978195927215572
112 1.036515896544283
113 0.961288704280657
114 1.035013024231588
115 1.007748479464127
116 0.980912779278822
117 0.954989835261243
118 0.986162556595862
119 1.043330782067226
120 0.999434626493520
121 0.994536267526415
122 1.001744229326112
123 0.975873859571030
124 0.993094922510510
125 1.003993713070437
126 0.974271869052610
127 0.997301603233248
128 0.996666133477891
129 1.029205968164994
130 1.003414814336650
131 1.015354032846613
132 1.028833986437439
133 0.976526442434504
134 1.000753634970363
135 0.998301244607649
136 1.031520198023280
137 0.973019154695024
138 1.036022174320076
139 0.986265053320641
140 1.007691096758369
141 0.999993588774924
142 1.016820979420697
143 0.999409677173898
144 1.005094332608777
145 0.974082659169186
146 1.026011572513135
147 1.004356151996491
148 0.989420695292994
149 0.979080963145947
150 1.023133985709524
151 0.972232204652792
152 1.010984570263347
153 1.006899171063126
154 0.976632410575236
155 1.006584121737421
156 0.994895626662100
157 0.982853106761178
158 0.999426258882902
159 0.971996233705529
160 1.035486406721099
161 0.971516641795874
162 0.979857098920521
163 0.999997189662072
164 0.991234650778005
165 1.005672894149062
166 0.997453198115280
167 1.038952025707484
168 0.976024103913622
169 0.989704797845887
170 1.003021632931921
171 0.978814434586811
172 1.011803045507390
173 1.011833121155753
174 0.998383742796141
175 0.986236865161996
176 1.004771979691283
177 0.975934297954184
178 1.029151131415009
179 0.978394370846396
180 1.030453295606713
181 0.970041968158280
182 1.044206613434564
183 1.013924283596921
184 1.012307552391048
185 1.044520399656334
186 0.977988282371656
187 1.031313337841647
188 1.000968659437689
189 1.001303104616800
190 0.966635610221550
191 1.014223403675833
192 1.004609916675726
193 0.994678626573863
194 0.992585319197675
195 0.995825238457034
196 0.964894953016857
197 0.991414211294452
198 0.982241854584200
199 1.005807463249011
200 0.996418112254697
201 1.010900686813377
202 1.006216389374059
203 1.001990490213582
204 1.003255337845792
205 0.992905839075657
206 0.986983154038780
207 0.995953227767510
208 1.005044012922154
209 1.046143478904840
210 0.974255434283148
211 1.000623117581203
212 1.010047486148724
213 1.014290751887170
214 0.983676768278684
215 1.004476170778051
216 1.017180588846916
217 1.003820049660437
218 0.973693436044972
219 1.011287603526381
220 0.992412706957225
221 0.998209931096360
222 1.006747842227668
223 0.998331264014830
224 0.982213266468115
225 0.992952594587204
226 1.022013193825014
227 1.022205939180197
228 0.993511316609882
229 1.005941332827194
230 1.003886945188907
231 1.002432022572487
232 0.963659443925883
233 0.999516068164181
234 1.001111208717365
235 0.976835516053588
236 0.996915489424367
237 0.987913911920288
238 0.984936737224664
239 0.985467477166304
240 0.979131469020564
241 1.004412923560097
242 0.984969017951250
243 0.995988168485416
244 1.024338668400129
245 0.976471774041052
246 1.008388549581568
247 1.005500112936692
248 1.004235166608454
249 0.996581778273044
250 0.997777449611064
251 0.998611816549864
252 0.980955205012400
253 0.989468751044571
254 1.030548061748321
255 1.022511773691440
