0 4095.000000000000000
1 0.002271810284583
2 0.005898463437916
3 0.013711542863894
4 0.013703881081407
5 0.014180955145275
6 0.009579508280795
7 0.011330819870636
8 0.014963866354914
9 0.012243206110725
10 0.022292687518262
11 0.018226118980238
12 0.018525489683088
13 0.016694864406536
14 0.020616754006452
15 0.022432182636142
16 0.023588041532397
17 0.024076799838879
18 0.031516832507138
19 0.026353335684932
20 0.032268123285312
21 0.039722792462271
22 0.032883714865260
23 0.038361977076108
24 0.042794356036067
25 0.040385476282175
26 0.051617046229446
27 0.045805724543553
28 0.049377206081858
29 0.063881274016239
30 0.062866305881626
31 0.069917533058218
32 0.074729398286581
33 0.108158717444614
34 0.114273453303899
35 0.229715414552349
36 0.525064600041176
37 1.000715077254235
38 0.943094702059170
39 1.007128641894181
40 0.909376910303609
41 1.001008816388682
42 0.934672584517323
43 1.056000864007122
44 1.016106991810428
45 1.104893482208033
46 0.958426354301942
47 0.920010682265593
48 0.994726016287948
49 1.128960695264763
50 0.841990655775936
51 1.101700827191917
52 1.048669228929122
53 1.065128672824696
54 0.947278250442864
55 0.949474187822953
56 1.027888105938558
57 0.977797864703462
58 0.929010353285236
59 0.968356259574648
60 0.927745725936247
61 1.075943559434591
62 1.032274519644526
63 1.047129366605222
64 1.015155673015037
65 1.024934694018965
66 0.920368250336032
67 0.946654932997365
68 1.087284297270255
69 0.984300297765563
70 0.911271584482165
71 0.948167429801194
72 0.979246671977550
73 1.049677561073371
74 1.028925943798546
75 1.049084475602438
76 1.027453136719608
77 0.901541983188626
78 1.029157485509391
79 1.171549194738374
80 1.043481957750359
81 0.908535756210331
82 0.937610227367910
83 1.020770794676551
84 0.976295926330139
85 1.073052187962946
86 0.992601562810893
87 0.996215809986123
88 0.991858807349318
89 0.995272764371087
90 0.969052131807405
91 0.957603943338401
92 0.899095635702191
93 1.004358211548182
94 1.030636293451320
95 0.966791729635061
96 1.025922745848463
97 1.050956998029436
98 0.944131683017316
99 0.981026691189021
100 0.926886580398116
101 1.038617999147040
102 0.952685005381676
103 1.032488023536877
104 1.056856949340380
105 0.971738513965472
106 1.025672764863268
107 1.023004667371944
108 1.002171533182263
109 0.965000266477753
110 0.979072018450689
111 1.014788375961345
112 0.933506560231160
113 0.939324839771176
114 1.074761011437619
115 1.003745398167585
116 1.013137478370989
117 0.979102675878929
118 0.926569830238921
119 1.111929753385041
120 0.989638138628466
121 0.987784686226286
122 1.008958045817873
123 0.977435306558618
124 0.908314560437228
125 0.980890702525826
126 0.967255071873775
127 0.954124608252873
128 1.067905318319178
129 1.057455502276951
130 0.962858592357883
131 0.959936339710184
132 1.036532236432389
133 0.969067934657760
134 1.033221612709458
135 0.960577589249111
136 1.033247176701420
137 1.003688794953766
138 1.087760443133043
139 0.970650720394609
140 0.973880467376914
141 1.052380901704213
142 1.079330320575017
143 0.998717314400193
144 1.014153952463203
145 0.967530732466461
146 0.958636032405621
147 0.984960183385849
148 0.948727075189563
149 1.032498895583435
150 1.006348765551462
151 0.912913869790994
152 1.070737546635219
153 0.974269208179508
154 1.023776937009767
155 1.026677909838327
156 1.022407456737710
157 0.945965291561751
158 1.024733137652923
159 0.994034817524720
160 1.101326301593734
161 0.962763362922653
162 1.047969814645057
163 1.064499899582652
164 0.968090082935053
165 1.058415085273567
166 0.930155939327799
167 0.967565711598992
168 0.912709984857656
169 1.042085580430805
170 0.976613560290730
171 1.010000135925064
172 0.938756117479056
173 0.972845780048452
174 1.012540386599385
175 1.031201039101170
176 1.010811468027386
177 0.985457319213847
178 1.051024714720673
179 0.962617237444698
180 1.036104519263755
181 0.946387678805260
182 1.055984608734733
183 1.054067455009410
184 1.051603120129128
185 1.037734972033171
186 0.965274704354233
187 1.037615506185479
188 1.036597442659636
189 1.025111823874583
190 0.941968362000240
191 1.048598287505946
192 1.011697519515129
193 0.976580110034914
194 0.972193340519186
195 0.895345357068716
196 1.021851506405838
197 1.074536689419891
198 0.962286354654602
199 0.995539670725816
200 0.991854677665231
201 0.943257022468587
202 0.922522590947178
203 1.033483525811406
204 0.994580967477299
205 1.009343034487789
206 1.023137923798309
207 0.998622252385702
208 1.056587179975477
209 1.030113936636877
210 0.957055507768064
211 1.026444659256000
212 0.923067575200352
213 0.961981418900472
214 1.052335012182690
215 0.956970260169229
216 1.036067277397427
217 1.001039430834828
218 0.908502873274873
219 1.042276504630646
220 0.988902733698986
221 1.025613215811071
222 1.086322983988466
223 0.973311834363199
224 0.957929097404512
225 0.976293272102308
226 1.037849386973964
227 1.003177383796530
228 0.972716667807402
229 0.990729707770858
230 0.950936202984470
231 0.977546058030728
232 0.980682582334925
233 1.139498030751027
234 1.041397882285608
235 0.937948652504591
236 1.000781528905626
237 0.982641007925696
238 0.994279738418763
239 0.974945607199212
240 0.959476056586012
241 0.958943334369052
242 1.002922942023093
243 0.962086679812822
244 1.023138428373264
245 0.983533343716260
246 1.022186514996984
247 0.976379700388381
248 1.004339484353052
249 0.995148735062276
250 0.975941054661459
251 0.995716255425587
252 0.990468071910694
253 1.023740086995823
254 1.008604871997335
255 0.804865721199248
