0 4095.959010009765734
1 0.006483135944080
2 0.007347554084015
3 0.007427796656819
4 0.008405457333664
5 0.010099294814781
6 0.009307550357788
7 0.012085389677594
8 0.011621439272384
9 0.013528101438708
10 0.013377419735149
11 0.016649496082424
12 0.015791736612461
13 0.016939723125485
14 0.019312684314452
15 0.020830442524389
16 0.022715899417572
17 0.024471373826689
18 0.027646952200573
19 0.026688423224456
20 0.030443596585123
21 0.030817474637146
22 0.032486456368644
23 0.036924086147056
24 0.040356660392803
25 0.041675090012459
26 0.043271196597626
27 0.048892445845033
28 0.053990969831617
29 0.055517446403389
30 0.061030427475855
31 0.075941771951877
32 0.075804000540692
33 0.099096231246457
34 0.131773041965382
35 0.231296635033670
36 0.477685726151754
37 0.905174488793703
38 0.853401415251674
39 0.953591231395094
40 0.922132375625059
41 1.025654055779325
42 0.974954113827458
43 0.923022784994935
44 1.000799886363306
45 1.093116771485502
46 0.893928180357060
47 0.988687747103468
48 1.021628566253414
49 1.056357340297851
50 0.924217662704026
51 0.975495539283144
52 1.069871909256234
53 0.977726443519303
54 0.979679023930982
55 0.981505931377579
56 0.991428805161140
57 0.982941174450360
58 0.956488838183014
59 1.042173622062376
60 0.936569271778678
61 1.033302083239523
62 0.999427217414922
63 1.008645090028891
64 1.071698508270118
65 0.993329479730210
66 1.034967361406192
67 0.984603310931783
68 0.993923270410251
69 1.039023866627771
70 1.042609996173878
71 0.983883589844380
72 0.956523354072364
73 1.033840319297024
74 0.989823762184272
75 1.064446060700453
76 0.987550025605531
77 0.981627907357961
78 0.951154742669328
79 1.022725048814041
80 1.013029565902722
81 1.000670077574273
82 0.946433871432621
83 0.978903985688496
84 0.986967961004604
85 1.025109357321337
86 1.018394611749823
87 1.012408223480277
88 1.002564728278917
89 0.982358281844879
90 0.969708231653709
91 1.015767045674353
92 0.991870322333345
93 0.992110445354736
94 0.995761275187892
95 0.959945867449893
96 1.009484435068037
97 1.020079377267205
98 1.005251182582984
99 1.014250754661965
100 0.991390128002077
101 1.009901867712171
102 0.999790157420625
103 0.996833747144750
104 1.006825859869262
105 0.994175987236049
106 1.026822076793719
107 0.971311181379581
108 1.017997072655933
109 0.998705658241026
110 1.005571227700966
111 0.972811118973907
112 1.034906401628335
113 0.957578650418643
114 1.030490557304892
115 0.996399825279353
116 0.981995590956325
117 0.963404960133595
118 0.983665840592108
119 1.039488298460929
120 0.996453056303277
121 0.999267215256646
122 1.004535292751101
123 0.979748674081483
124 0.991978858761745
125 1.003361624732549
126 0.979121227256667
127 1.002521072125745
128 1.007886695350719
129 1.031151596715232
130 1.003148317985252
131 1.013139643229993
132 1.032862500602798
133 0.979130986022259
134 1.006317889007956
135 0.992088982536320
136 1.034257519367997
137 0.970533377573699
138 1.030427171351338
139 0.982319938285982
140 1.011310797385232
141 1.001076488425409
142 1.015052757833933
143 0.998995875201113
144 1.006530589459714
145 0.976079068150733
146 1.024498698474806
147 1.010443328264970
148 0.996214990149362
149 0.975362317683063
150 1.025847083834377
151 0.969544539071104
152 1.017034543742551
153 1.004226767254432
154 0.971740090058497
155 1.002498730466085
156 0.989701089389407
157 0.987533961395013
158 1.001448250693463
159 0.978304759464668
160 1.038313430838806
161 0.970759212976201
162 0.979093788315194
163 0.999022038913879
164 0.996012119601051
165 1.006806589352878
166 0.994774096487070
167 1.034802637512945
168 0.972885700397600
169 0.987568238577321
170 1.001462813862422
171 0.969824743576523
172 1.008265311273930
173 1.013588249699804
174 1.004668258565383
175 0.988985807524717
176 1.003171587053550
177 0.973491763167362
178 1.030252702154572
179 0.978814475805063
180 1.028091381359185
181 0.973574636363983
182 1.037875793674614
183 1.013715970164447
184 1.008745536337291
185 1.045488864802137
186 0.979298500666144
187 1.030700043901141
188 1.002929584415475
189 0.999284976941192
190 0.970334464558350
191 1.012894696333749
192 1.004650226978361
193 0.994046864367927
194 0.993333239522089
195 0.996083076136547
196 0.968685446418949
197 0.991250876161562
198 0.987971165188456
199 1.003395188061038
200 0.994898365967762
201 1.010135830301211
202 1.006293636630849
203 0.994897704288024
204 0.998128710046361
205 1.000483744413536
206 0.988556394726489
207 0.994457067478775
208 1.002941878582475
209 1.048550356681765
210 0.973631802716102
211 0.992261684315017
212 1.011563411878137
213 1.015756470888755
214 0.987231711015259
215 0.999546462581840
216 1.019040794147328
217 0.998037432528356
218 0.972903486336695
219 1.010733254327598
220 0.989530076604651
221 1.000212562907922
222 1.010130102152675
223 0.997007328219180
224 0.982370140155973
225 0.998876559896677
226 1.024375902060145
227 1.025192342461376
228 0.993739991076131
229 1.006607208444433
230 0.999508195928479
231 1.002694079268475
232 0.971260568780805
233 1.000885274590115
234 1.003121411579163
235 0.977189857290582
236 0.997354999852295
237 0.989425868614052
238 0.985546135731195
239 0.982394357795546
240 0.977870081583067
241 0.999983853720735
242 0.985019423571247
243 0.996069584623831
244 1.024879394108078
245 0.979712895240168
246 1.007543947715962
247 1.007082408480245
248 1.001097423508239
249 1.000312449879127
250 0.992343925352616
251 0.999606356790840
252 0.985765671902259
253 0.990038812311734
254 1.027149941454602
255 1.014196025001227
