0 4095.720009765625036
1 0.006530817255008
2 0.007341629575211
3 0.007397611180466
4 0.008275053156344
5 0.010036504313853
6 0.009215225826273
7 0.011972736611687
8 0.011685869775903
9 0.013588273669082
10 0.013333490671249
11 0.016629054384891
12 0.015733861195230
13 0.016928275809360
14 0.019266874165151
15 0.020942900297863
16 0.022636511636127
17 0.024396280911586
18 0.027494926937245
19 0.026618272327768
20 0.030365841956514
21 0.030864786095522
22 0.032442615151960
23 0.036681820450220
24 0.040503101702167
25 0.041538439862944
26 0.043169645732327
27 0.048818868730673
28 0.053952424113008
29 0.055436573457686
30 0.060906138797851
31 0.075916868794735
32 0.075688479526322
33 0.099343338269925
34 0.131248389177498
35 0.231367339372840
36 0.477010275486593
37 0.906124723859739
38 0.853306599158085
39 0.951932375952971
40 0.923768356043668
41 1.025641450379591
42 0.972961209780445
43 0.922346721978735
44 1.002854707703946
45 1.093124100562731
46 0.891446449837771
47 0.987793638044992
48 1.023555242633713
49 1.058369901668251
50 0.924287016061047
51 0.978696749133832
52 1.069274414029838
53 0.978074003986621
54 0.980341363182720
55 0.982181298116321
56 0.991345082797042
57 0.983690053020875
58 0.955220707711399
59 1.041345982872755
60 0.938515575764364
61 1.030950762683460
62 1.002311862164820
63 1.006721480433533
64 1.074264203554840
65 0.991687582486626
66 1.035908832458176
67 0.983388929756424
68 0.993816170742793
69 1.038398525205990
70 1.041157710521989
71 0.983300529451397
72 0.957632139246804
73 1.032595095061951
74 0.990415434607471
75 1.064009718651918
76 0.987233897788486
77 0.982235630953036
78 0.951002444637070
79 1.023180954664643
80 1.014618814107199
81 1.000950465422985
82 0.947075148057360
83 0.979176046866681
84 0.987921479390554
85 1.022575300323099
86 1.018168874148026
87 1.013640995994827
88 1.002120371361821
89 0.981957331673027
90 0.970099600101705
91 1.016661601061111
92 0.992655681454217
93 0.990908566825877
94 0.996979447950152
95 0.958303873876884
96 1.012454687158693
97 1.019199764687666
98 1.005506470754215
99 1.014138438000911
100 0.991132289056159
101 1.009176409051208
102 0.998124059082908
103 0.998548708721781
104 1.008072894316443
105 0.993942863744337
106 1.025884558516402
107 0.971478287115606
108 1.017529475374555
109 0.998717811167903
110 1.002912991657204
111 0.976267156336698
112 1.033486571631266
113 0.957374801593157
114 1.030693329297120
115 0.997403742506804
116 0.982384882292428
117 0.963253946952831
118 0.986019494480877
119 1.038052568644329
120 0.997665186443735
121 0.999303182630359
122 1.004436295724665
123 0.978498068202564
124 0.991952431701571
125 1.002866717902220
126 0.978075765386988
127 1.001268147142444
128 1.008224991339173
129 1.029059701304845
130 1.002199023155442
131 1.014720960603933
132 1.032730190814485
133 0.978627473829117
134 1.004902197702850
135 0.992158235561132
136 1.033766702877522
137 0.971084417946078
138 1.031849360838018
139 0.981469158970562
140 1.013070304827824
141 1.002344852697379
142 1.014699960169267
143 0.998779932294015
144 1.004608298377365
145 0.976730977225296
146 1.024712789195285
147 1.008539892270770
148 0.994782978149723
149 0.975845670430665
150 1.026461626186798
151 0.970718344639980
152 1.015362067635002
153 1.003646507854892
154 0.973217024415288
155 1.003619128795927
156 0.990425808072344
157 0.989255952119424
158 1.001031456358731
159 0.978380214384174
160 1.037856378386814
161 0.970978967303774
162 0.979539515220648
163 0.999014994203735
164 0.995623104833522
165 1.006509584548794
166 0.993790398723213
167 1.035024532413134
168 0.972986255538903
169 0.987410203904329
170 1.003145550698605
171 0.970021494451365
172 1.009054655859698
173 1.012966203001876
174 1.004095854311096
175 0.988553799641505
176 1.003593160218869
177 0.974670246281423
178 1.030773448814277
179 0.978255560542659
180 1.026508677436486
181 0.973223846763572
182 1.037699869056451
183 1.013635121863685
184 1.008127980103203
185 1.045069344176097
186 0.980495075595524
187 1.028477063581671
188 1.002929601452572
189 0.998654430293032
190 0.970412790509923
191 1.012944709438778
192 1.005718762301955
193 0.994336612353796
194 0.994505082058112
195 0.996384510185272
196 0.969140629119402
197 0.992786374088931
198 0.987357667291222
199 1.003990613919293
200 0.995888169015382
201 1.009435354203287
202 1.005712326254378
203 0.995502834087372
204 0.998863473331304
205 0.999656215323453
206 0.989077212965511
207 0.995726921776087
208 1.003676492079008
209 1.048380233015086
210 0.972856514958618
211 0.992260460340123
212 1.010320790056089
213 1.015656995594165
214 0.986743661231854
215 0.998389322711291
216 1.017727076900486
217 0.997909449796741
218 0.972879263361085
219 1.011340619356274
220 0.989170843859520
221 1.000302197395772
222 1.010460119567854
223 0.998485073472137
224 0.983546185223160
225 0.998595837013387
226 1.025458893828331
227 1.025656404210365
228 0.992215385647800
229 1.006595329550110
230 1.000383126406821
231 1.003364219096248
232 0.971645379214703
233 0.999057546854588
234 1.003992289178341
235 0.977200820786898
236 0.995632217864980
237 0.989994003985289
238 0.984799109841158
239 0.982334956867937
240 0.977312215768994
241 1.000635545788753
242 0.984478354440016
243 0.994901151307912
244 1.025066930584916
245 0.979471387924015
246 1.008759677067932
247 1.006506737012417
248 1.001657370666484
249 0.999864047583071
250 0.994643816002275
251 0.999205117301604
252 0.985735000770082
253 0.989688620745059
254 1.025948744259290
255 1.003269216486274
