0 4095.688333333333503
1 0.008572586145775
2 0.016059724689179
3 0.015273846017469
4 0.016873876153474
5 0.016375772834066
6 0.017081376212904
7 0.021125597380424
8 0.017518402148678
9 0.016898998668274
10 0.018221096696767
11 0.019786710400605
12 0.018915170006460
13 0.018555005196539
14 0.020983699934187
15 0.023155353214258
16 0.024339977135340
17 0.028091708342797
18 0.026472610927122
19 0.029324535264043
20 0.027337875421563
21 0.028815547670495
22 0.030340108945961
23 0.032398906005898
24 0.032833782283605
25 0.036003389257864
26 0.033889934641507
27 0.034821527926889
28 0.037344802912034
29 0.039232204162878
30 0.043500230655154
31 0.045968359854417
32 0.049764901102308
33 0.050772083228335
34 0.050824495602195
35 0.059382516182647
36 0.061710548794523
37 0.071629920649447
38 0.076085100443034
39 0.076050956024158
40 0.075836019185552
41 0.089583881156697
42 0.097017553319445
43 0.103223856189930
44 0.112020050735119
45 0.161170916291199
46 0.137930915394557
47 0.154597503934091
48 0.186997688149600
49 0.206985725828472
50 0.203663898586484
51 0.231297676303006
52 0.278588753024727
53 0.305024650353199
54 0.328243180627192
55 0.394552169875799
56 0.502706524984509
57 0.581063083262258
58 0.651228290783464
59 0.829862798924046
60 0.866532720493876
61 1.104240966814524
62 1.348603477103714
63 1.654260485380196
64 1.836959281365588
65 1.987940052552709
66 2.634071932070859
67 2.775275290811671
68 3.055495513615347
69 3.605909265598924
70 3.565459527973668
71 3.598396153148532
72 3.457746932209574
73 2.858509169587431
74 2.482425619903030
75 2.041078553207078
76 1.851845999691084
77 1.697273307804557
78 1.241615182861094
79 1.159338026435778
80 0.948097345122315
81 0.913168490162485
82 0.734687824115139
83 0.661180089784513
84 0.611271695759447
85 0.530812928091318
86 0.544986831480241
87 0.551132209307410
88 0.514453899114133
89 0.482625713072293
90 0.458619290809058
91 0.466073003276036
92 0.436129437431401
93 0.452798666055937
94 0.456352381378680
95 0.428187226423394
96 0.413098604236484
97 0.425303115392532
98 0.431071170017639
99 0.426228528574159
100 0.416307666269342
101 0.447658390796322
102 0.439447789520099
103 0.442861860886829
104 0.484724475844257
105 0.485291195427233
106 0.493430128140817
107 0.491491972750561
108 0.530527297036445
109 0.536903686548004
110 0.524232183970534
111 0.574022370753265
112 0.592522124077812
113 0.584345141258346
114 0.597363964963201
115 0.630604348210103
116 0.710747166335464
117 0.732343236837357
118 0.816266399146099
119 0.807302251219132
120 0.898736339438430
121 0.957180409556166
122 1.004625847810520
123 1.089012247807875
124 1.115827944401454
125 1.247050509519363
126 1.341738586140122
127 1.354533643928303
128 1.504007921013530
129 1.515222044836183
130 1.737688085551205
131 1.630135900753294
132 1.826164005026540
133 1.856791014306240
134 1.843248691890408
135 1.914811282722104
136 1.919315866546743
137 1.862080620236690
138 1.944504098453594
139 1.753297916814459
140 1.714219862864808
141 1.564242449481676
142 1.536576688361148
143 1.377205977139736
144 1.234831356452380
145 1.199582581491768
146 1.090763440437828
147 1.054811604467978
148 0.977523602820251
149 0.913811822468634
150 0.852126026171573
151 0.743631811010356
152 0.743001044427765
153 0.726433482484122
154 0.675542244098728
155 0.658235937306732
156 0.634601332195674
157 0.627878845102068
158 0.606125923982023
159 0.589638903920718
160 0.602152088431555
161 0.588110621630168
162 0.580451665244315
163 0.584022576631786
164 0.610072796320069
165 0.601751137507901
166 0.594264365373717
167 0.608996399753214
168 0.589907042453780
169 0.628860045919229
170 0.635154051161002
171 0.648984050544208
172 0.656161514638026
173 0.658506604911280
174 0.686721423219805
175 0.720223320992494
176 0.714273517734341
177 0.760889347097018
178 0.798643744780853
179 0.810363795588321
180 0.826906447256549
181 0.867957995431350
182 0.897933798848980
183 0.904592502440398
184 0.953270342708987
185 1.017256650497625
186 1.039741080072878
187 1.172059876446449
188 1.139364807619220
189 1.183971929664582
190 1.272046713698131
191 1.312782155132678
192 1.302428048852753
193 1.378624524288444
194 1.427262480161008
195 1.521712510277480
196 1.437187714179310
197 1.513211186446047
198 1.519424000762191
199 1.526979940982633
200 1.473350964830870
201 1.501144383714871
202 1.441746817337495
203 1.422430068037566
204 1.319700106935770
205 1.315510453545140
206 1.221660248044379
207 1.192960671249127
208 1.162707501084969
209 1.165992514458513
210 1.074665470122535
211 1.028406364075699
212 0.998244489821237
213 0.959431106571600
214 0.925022625645571
215 0.937955442731589
216 0.936179407371309
217 0.878824355659167
218 0.845366079034568
219 0.836728178417024
220 0.784718064038653
221 0.784652116245701
222 0.760333315818689
223 0.753862412868350
224 0.735918706003639
225 0.734347284699186
226 0.757332844534475
227 0.747015955629276
228 0.719123898131835
229 0.728878819744247
230 0.715042048221132
231 0.725764217844791
232 0.748909434432786
233 0.759994295164450
234 0.758059297549114
235 0.749345709800650
236 0.776201294906156
237 0.792449841590893
238 0.782844221585228
239 0.801499148555009
240 0.821784203496457
241 0.858125210732082
242 0.845707416981157
243 0.885542165155815
244 0.932574728031937
245 0.907608570265154
246 0.954449339903668
247 0.953503572242810
248 1.011594912145969
249 1.058981444977884
250 1.068521808375617
251 1.099923177007779
252 1.093825831664530
253 1.111820438864157
254 1.159948248345197
255 1.368045724989442
