0 4095.613333333333230
1 0.008565205747082
2 0.016229542376916
3 0.015358737708437
4 0.017151830500246
5 0.016628418859718
6 0.017019687869611
7 0.021235335485976
8 0.017303504141314
9 0.017098038168905
10 0.018171672849509
11 0.019698021733452
12 0.019103981873371
13 0.018613952028780
14 0.020971949577207
15 0.023030418613004
16 0.024324484977941
17 0.028146353610891
18 0.026500657898225
19 0.029259800521113
20 0.027100870404871
21 0.028967832075379
22 0.030545108331797
23 0.032465851989488
24 0.032409254889964
25 0.035931163585590
26 0.033523057581819
27 0.034664434058356
28 0.037574828379825
29 0.039103284659548
30 0.043473971482483
31 0.046006816184333
32 0.049670274450391
33 0.050698320773464
34 0.050700693111002
35 0.059303666273542
36 0.061585673840788
37 0.071697672728624
38 0.075741955398351
39 0.075969221642006
40 0.075471115775924
41 0.090113114044914
42 0.096627117147216
43 0.103465557847660
44 0.111879919207051
45 0.160210297231259
46 0.138075771263858
47 0.154148359611762
48 0.186295676773798
49 0.206818047793597
50 0.204190824667069
51 0.231252990084877
52 0.277769618424032
53 0.303793371012632
54 0.328220315420234
55 0.394536730373522
56 0.503602777312797
57 0.580400377621706
58 0.650623788101065
59 0.829779737106405
60 0.868620769209229
61 1.102791614425089
62 1.347471830096406
63 1.653220490187110
64 1.834306799725536
65 1.988039855723093
66 2.642974232673388
67 2.780266938104478
68 3.061300343149742
69 3.612527588567522
70 3.563084801517860
71 3.586145478535175
72 3.455782710278015
73 2.863807355035342
74 2.476333137048299
75 2.050730520252082
76 1.858073252371886
77 1.691334248314796
78 1.237087166962271
79 1.159226851735299
80 0.947854707495866
81 0.911971269638371
82 0.732069373568485
83 0.661308567030540
84 0.612190881668269
85 0.530129742884735
86 0.544004491736178
87 0.550967845889364
88 0.514514766122171
89 0.482485469675150
90 0.457297157876225
91 0.467352108711060
92 0.437468854151336
93 0.451557399792117
94 0.455141639782447
95 0.426902820174382
96 0.413603405280631
97 0.424767467005821
98 0.430664562495958
99 0.426977929006607
100 0.414846120300687
101 0.448408891591088
102 0.441587204178394
103 0.441554795713674
104 0.484995214115132
105 0.483872226855331
106 0.492693038076791
107 0.492849639282169
108 0.531729094665047
109 0.537575025679146
110 0.523362239468910
111 0.575247367369309
112 0.594079204293947
113 0.581361289109582
114 0.595632679701126
115 0.630757804541409
116 0.708370016937157
117 0.732625733056247
118 0.815577604797639
119 0.809524716250993
120 0.900347257156676
121 0.958168937378520
122 1.000039797624201
123 1.084944180660201
124 1.114755242882680
125 1.252771431038962
126 1.345076906711061
127 1.353484150028933
128 1.505735855089934
129 1.514601367107321
130 1.744069064031939
131 1.632070252489264
132 1.827069753814450
133 1.853234291627089
134 1.842696266457684
135 1.916641289719416
136 1.916859868744568
137 1.872073266515479
138 1.941887543434098
139 1.750307173711588
140 1.711573724014251
141 1.563914809810420
142 1.537662743509477
143 1.377600512493369
144 1.231482397561760
145 1.199893698907345
146 1.090513015951871
147 1.054227835075680
148 0.979612772701021
149 0.911890698047480
150 0.851699543303456
151 0.743004342061262
152 0.743252139825936
153 0.725531328450553
154 0.674241554476068
155 0.658182508307399
156 0.634487183863854
157 0.628929231342932
158 0.605580928974634
159 0.586614585678373
160 0.603608631033074
161 0.586916874986363
162 0.580989626427059
163 0.584112839271921
164 0.609591214266570
165 0.602620281127295
166 0.594667046908327
167 0.607436973509540
168 0.590417741316682
169 0.628096383897105
170 0.636728034144476
171 0.649013303233272
172 0.655314014390090
173 0.657768510172841
174 0.687886703214300
175 0.718922527355604
176 0.715982219154998
177 0.758881373892627
178 0.800201932520837
179 0.811420808861343
180 0.827483067821756
181 0.866992712365173
182 0.897477351369608
183 0.902753704592537
184 0.953646762549192
185 1.017658647602001
186 1.039964356243824
187 1.172291373931929
188 1.141234389638586
189 1.184667675774808
190 1.271706352548895
191 1.308947691967847
192 1.305333941366956
193 1.378093853950959
194 1.425969815332008
195 1.527743820595842
196 1.438833850181279
197 1.517059454708843
198 1.519129036728725
199 1.525276723067176
200 1.476250089551177
201 1.498801313690707
202 1.437944673280922
203 1.422670107516077
204 1.323350724978335
205 1.315339105590970
206 1.222894881499392
207 1.192326109127562
208 1.162575779025851
209 1.165030126260375
210 1.074733545634702
211 1.027814264168771
212 0.997678985253958
213 0.957343882535126
214 0.922652880310707
215 0.936021175172490
216 0.934996279925103
217 0.877987653637093
218 0.842459745637258
219 0.837473329668331
220 0.783377408736889
221 0.785091250879432
222 0.759210716025933
223 0.752780177139671
224 0.737273662704191
225 0.735626232243708
226 0.756684528287900
227 0.746588401286612
228 0.720897527742170
229 0.729228004010391
230 0.714321737875854
231 0.726993368980244
232 0.750338042489167
233 0.759828276566512
234 0.758352599131993
235 0.748728596633436
236 0.777067930645277
237 0.793118420102413
238 0.780484878097155
239 0.800632276315295
240 0.822324822811362
241 0.858398029818948
242 0.845990870556910
243 0.884587350351559
244 0.931162526805437
245 0.906749026708356
246 0.954311945522980
247 0.953536494245390
248 1.013138536963302
249 1.060838411422739
250 1.071221681692339
251 1.104395704075357
252 1.095679241696818
253 1.110896207061755
254 1.160233001389709
255 1.352152892981346
