0 4095.694444444444343
1 0.008555019618440
2 0.016050611023623
3 0.015224144134654
4 0.016696941249758
5 0.016284414627041
6 0.017195566263544
7 0.021082169171521
8 0.017565935675846
9 0.016944281230443
10 0.018215383823722
11 0.019734992738611
12 0.018946675336165
13 0.018472667493376
14 0.021027664091304
15 0.023139466862126
16 0.024465630723647
17 0.028097005682332
18 0.026398238033463
19 0.029261721832594
20 0.027346120791492
21 0.028732636639203
22 0.030307939567247
23 0.032582749712293
24 0.032899436266280
25 0.035929856300220
26 0.033957218893612
27 0.034917761524938
28 0.037341571706122
29 0.039295936113547
30 0.043598445114532
31 0.045816071366774
32 0.049571939318849
33 0.050674052394791
34 0.050848122297192
35 0.059510162968778
36 0.061732417182589
37 0.071723239754029
38 0.076071263568061
39 0.075973700995545
40 0.076000058314672
41 0.089659466846140
42 0.097080307180811
43 0.103380920745856
44 0.112032859084653
45 0.161334918839102
46 0.137692585374106
47 0.154781978604145
48 0.187407327710475
49 0.206873953278760
50 0.203909786221992
51 0.231149106064478
52 0.278187466824602
53 0.305171095787001
54 0.328217158814106
55 0.394697764021060
56 0.505242001800408
57 0.582067177511766
58 0.651729686269248
59 0.831953212923937
60 0.863117323486665
61 1.105660172521024
62 1.345514883445545
63 1.648072884731863
64 1.835374321999905
65 1.986559877045324
66 2.633206593520580
67 2.773871466092218
68 3.062436419080117
69 3.603510870353605
70 3.559258615785069
71 3.604421437475234
72 3.462985334157541
73 2.858487710777043
74 2.482955104123963
75 2.036338857891856
76 1.852021097114991
77 1.703813392223967
78 1.243366543768847
79 1.159042972814611
80 0.948172387606267
81 0.912990731047689
82 0.735602385117101
83 0.659952728212245
84 0.610528503562008
85 0.529818229219430
86 0.545617091794424
87 0.552248145103090
88 0.514361949886583
89 0.482344911063578
90 0.458313318174109
91 0.466072761191991
92 0.435640604225086
93 0.452570731142646
94 0.456269827751018
95 0.427523387545542
96 0.412096424584138
97 0.425412807576561
98 0.430602367210474
99 0.425477728690070
100 0.415543974640756
101 0.447550633637778
102 0.439391885169343
103 0.442137883965815
104 0.486226935476746
105 0.485909764004700
106 0.493578600918649
107 0.490830248873615
108 0.531382103328246
109 0.536363480683529
110 0.524492778567860
111 0.573359832222809
112 0.590762361750210
113 0.585952501720884
114 0.596469098104402
115 0.629948043863243
116 0.711121018948185
117 0.733136990281385
118 0.817273179828497
119 0.807387726660732
120 0.899794645613194
121 0.956647452521751
122 1.004862189014591
123 1.087671959070324
124 1.116317105206518
125 1.246955063500728
126 1.342356093682393
127 1.356232796414049
128 1.506785910451548
129 1.515250008051398
130 1.737692580344253
131 1.628815792634139
132 1.824757784178721
133 1.856602925117827
134 1.843502253092919
135 1.914558247961462
136 1.918991526689319
137 1.860399926260667
138 1.941015492495227
139 1.754806224136895
140 1.716684280688563
141 1.562561851982484
142 1.539391337862764
143 1.373974590028413
144 1.234648689359062
145 1.201505261291733
146 1.090882027655883
147 1.056260213355780
148 0.978097620114533
149 0.913276885909609
150 0.851829124999222
151 0.745116702982493
152 0.743810662269144
153 0.726145596776881
154 0.674593141564736
155 0.658647099938882
156 0.633767712207387
157 0.627759091158763
158 0.606545573526473
159 0.589739855978513
160 0.601984453235164
161 0.587750062149237
162 0.580174770463958
163 0.583551906635862
164 0.609922973169798
165 0.602789061191382
166 0.593561510761232
167 0.608745598504094
168 0.590173153374439
169 0.628493480375007
170 0.633552967070911
171 0.648362105630565
172 0.655491362087432
173 0.657985369714491
174 0.686664362916081
175 0.719652079867680
176 0.714643042326952
177 0.761448210458272
178 0.799440193662834
179 0.811293713883045
180 0.827368050103163
181 0.867260617184037
182 0.898565628546149
183 0.905323739056173
184 0.954448686528909
185 1.017238657397691
186 1.039776441599578
187 1.171298744596308
188 1.140696376044328
189 1.184062609672605
190 1.272307541911491
191 1.312765248499588
192 1.301883231577669
193 1.378930010361266
194 1.426314646727495
195 1.522714967321870
196 1.436925330554236
197 1.512980362371475
198 1.521037712589070
199 1.526578877438100
200 1.471469960872611
201 1.499526126582867
202 1.441013190650584
203 1.423255480362795
204 1.318848806059130
205 1.316519412049876
206 1.222067861299751
207 1.192616689162326
208 1.162121526850934
209 1.166297448410310
210 1.074939616428395
211 1.029112524893975
212 0.997892973366110
213 0.959572840275168
214 0.924102631817840
215 0.936787322404844
216 0.935677170030057
217 0.878956715418986
218 0.845815165004391
219 0.837350031687880
220 0.784309014632473
221 0.783879397853167
222 0.760489494972409
223 0.754753668711651
224 0.734859142102668
225 0.733757804785073
226 0.758197264026004
227 0.748275911833483
228 0.718295967424487
229 0.729361862720496
230 0.716181111428859
231 0.725890997053742
232 0.747744023192825
233 0.759666927472692
234 0.758328459908785
235 0.748839119882301
236 0.776986591375516
237 0.792380945203694
238 0.782291922572845
239 0.800298315489982
240 0.821402812985531
241 0.859115556542675
242 0.845897374373549
243 0.885204160631721
244 0.933079829289905
245 0.908852643838116
246 0.954058540182158
247 0.953718455068417
248 1.011988427111216
249 1.059894288252925
250 1.068364229963736
251 1.101433237621026
252 1.094883244103646
253 1.113438617316786
254 1.160822096456386
255 1.368364543968413
