0 4095.691428571428787
1 0.008568977036911
2 0.016041264467675
3 0.015229727646530
4 0.016808040049942
5 0.016296393239289
6 0.017021765792291
7 0.021045823652706
8 0.017590254684813
9 0.016914688263190
10 0.018207904612089
11 0.019687810632480
12 0.018965055432767
13 0.018531496564092
14 0.020951475442419
15 0.023127060563494
16 0.024355878492599
17 0.028073389631373
18 0.026398312814870
19 0.029280049965386
20 0.027337421583514
21 0.028724827280465
22 0.030301824160633
23 0.032528689222732
24 0.032862833054443
25 0.035969165002246
26 0.033959398427264
27 0.034890270401446
28 0.037363176953649
29 0.039238397258353
30 0.043501573415688
31 0.045828739855814
32 0.049639104683285
33 0.050749388517869
34 0.050857445236228
35 0.059435210404410
36 0.061751534663400
37 0.071657108080416
38 0.076084714046813
39 0.076178010322251
40 0.076058022199980
41 0.089752883749161
42 0.097069611425315
43 0.103313782084735
44 0.112271041250519
45 0.161434766025556
46 0.137707545399757
47 0.154821025037010
48 0.187063432445518
49 0.206731618120257
50 0.203584810512198
51 0.231338047071898
52 0.278188628317853
53 0.305066405036573
54 0.328079067574940
55 0.394530627871798
56 0.503940313066901
57 0.582048981029523
58 0.650743389942357
59 0.830398082946955
60 0.865072285571810
61 1.104865065238401
62 1.347496286970330
63 1.651732638611698
64 1.837549151973677
65 1.986744756138150
66 2.631524851947041
67 2.773576497886580
68 3.058768416352176
69 3.603238770549076
70 3.567180846059114
71 3.604117018314639
72 3.458519422743682
73 2.857909018981494
74 2.482614459559558
75 2.039441753677888
76 1.852067871246926
77 1.698830509083798
78 1.241016423169451
79 1.160044352224145
80 0.947543652444329
81 0.912992263291444
82 0.735152580704907
83 0.660354219854311
84 0.610903667974738
85 0.530089901887988
86 0.545471495640466
87 0.551389060855586
88 0.514319801312278
89 0.482341797846975
90 0.458566596304053
91 0.466120299615133
92 0.435663296860311
93 0.452990487318104
94 0.456455632270147
95 0.428058732324914
96 0.412935798941434
97 0.425199566065560
98 0.431183031205510
99 0.426154735965053
100 0.415594778088724
101 0.447655967311974
102 0.439575100341008
103 0.442437301994673
104 0.485943694480823
105 0.485586959778130
106 0.493424053132792
107 0.491082666965492
108 0.531257129525981
109 0.536378972543822
110 0.524620292665706
111 0.573707812360980
112 0.591349651063650
113 0.585261319382840
114 0.597039551572729
115 0.630447119271222
116 0.711328879526432
117 0.732298608785952
118 0.815977221627997
119 0.807759255939234
120 0.899069409992975
121 0.956917561196785
122 1.005979849765284
123 1.088245700679058
124 1.115391926565149
125 1.246995099342498
126 1.341689461539996
127 1.355768586447374
128 1.504737487155573
129 1.515272588283396
130 1.738322520305229
131 1.629691147403038
132 1.826271133078864
133 1.856558630336270
134 1.842491484161259
135 1.915752274491912
136 1.917562278657627
137 1.861224638800823
138 1.942153413655770
139 1.753703137897404
140 1.713918865745861
141 1.564027556185727
142 1.537412543704448
143 1.376579082617997
144 1.234000558381461
145 1.201167130694234
146 1.091438934241159
147 1.055280517585872
148 0.978224997100403
149 0.914580680549678
150 0.851354801939986
151 0.744337815901224
152 0.743151107637342
153 0.726681497341678
154 0.675857886123536
155 0.657705018175626
156 0.634156072975080
157 0.627782395665260
158 0.606457423245471
159 0.589555418930916
160 0.602188250407810
161 0.587745438190519
162 0.580440721116714
163 0.583937441905034
164 0.610675346463074
165 0.602236668204775
166 0.594081433102376
167 0.609153202129622
168 0.589687688402378
169 0.628547498867921
170 0.634706058787439
171 0.648488643840004
172 0.655373074936378
173 0.658402353828362
174 0.686537298195342
175 0.719762597206587
176 0.714415034478568
177 0.761446494701503
178 0.798585924760324
179 0.811473870842638
180 0.826909018665664
181 0.866846930667951
182 0.897709908183093
183 0.905019595356782
184 0.954204356634263
185 1.017071221640490
186 1.039970957910109
187 1.171628767031435
188 1.139552218572054
189 1.183617345931352
190 1.272342148298025
191 1.313140309302863
192 1.301558926420240
193 1.379442640347276
194 1.427788087009703
195 1.521717590705142
196 1.436894183113302
197 1.513739635157853
198 1.519608605918633
199 1.526895068061815
200 1.471630108283641
201 1.500900337956764
202 1.441406556704637
203 1.422538927877554
204 1.319908998623021
205 1.315914032187897
206 1.222095516785341
207 1.192314162774368
208 1.162786271860824
209 1.166291137328788
210 1.075230217728721
211 1.028631077707005
212 0.997468635974905
213 0.959254702005672
214 0.924474539046690
215 0.937043823520609
216 0.936408178266710
217 0.879049023356029
218 0.845401587089711
219 0.837476498113718
220 0.784699422387775
221 0.784345842263178
222 0.760727316256121
223 0.754450849143215
224 0.735552223935150
225 0.733976553319400
226 0.758171372890761
227 0.747566645194682
228 0.718645831123304
229 0.728814504389797
230 0.715102391902042
231 0.726070926630055
232 0.748263085705677
233 0.759427927823681
234 0.758002442366928
235 0.749181295214985
236 0.776206453202929
237 0.792217783148923
238 0.782566097871612
239 0.801013025880233
240 0.822698196431513
241 0.858636778648939
242 0.845471383047416
243 0.885315515770818
244 0.932978335307197
245 0.907710323751406
246 0.954217626390704
247 0.953482983045626
248 1.012732225317416
249 1.058623697481360
250 1.069131834729052
251 1.100716163769156
252 1.094673102263508
253 1.112557493762573
254 1.160438254811514
255 1.369159248642379
