0 4095.619999999999891
1 0.008618348616608
2 0.016245202713901
3 0.015168916123093
4 0.017229265636735
5 0.016594985081132
6 0.016864585044285
7 0.021334997190079
8 0.017186878071694
9 0.016792622871141
10 0.018136068090459
11 0.019586221529106
12 0.019001961965807
13 0.018761298037812
14 0.021022613166959
15 0.023151577679156
16 0.024130003093661
17 0.027696488710688
18 0.026591681636919
19 0.029392883069177
20 0.027040218590480
21 0.028961693948645
22 0.030371905139068
23 0.032585708115394
24 0.032545721873157
25 0.035942673292850
26 0.033353127185856
27 0.034532078690891
28 0.037543697803274
29 0.039124711087361
30 0.043359816689071
31 0.046103906046311
32 0.049435588241411
33 0.050621162993765
34 0.050566234813036
35 0.059314338219269
36 0.061611956682868
37 0.071847796430943
38 0.076091193420705
39 0.075907743428209
40 0.075271070823728
41 0.089754688014050
42 0.096324538939074
43 0.103151529463074
44 0.112086183860559
45 0.159859265668299
46 0.138486589561247
47 0.154036741125217
48 0.185189799331192
49 0.208000027028235
50 0.203784985564618
51 0.231843890071680
52 0.279681077881180
53 0.303469098809849
54 0.328253312807335
55 0.395122862606562
56 0.501595795012431
57 0.579007295293336
58 0.653598646455487
59 0.833612409970811
60 0.868773595650410
61 1.098589862204234
62 1.346606512782397
63 1.655036497642427
64 1.834793489985672
65 1.989772769415974
66 2.635099675313514
67 2.784109446367950
68 3.066899737295263
69 3.612874699635920
70 3.567234154145217
71 3.575832153094553
72 3.463463110826012
73 2.861955844484248
74 2.475718797855310
75 2.050160357784387
76 1.855533561279332
77 1.688712140941329
78 1.234293490609061
79 1.161190892461176
80 0.945643099071375
81 0.914190438544171
82 0.729299967200474
83 0.660662970885114
84 0.612293214316522
85 0.529908952532404
86 0.543542283664153
87 0.551977083301669
88 0.513266214478653
89 0.482282015826758
90 0.455995555178633
91 0.467151573291923
92 0.437916708564218
93 0.452734865478867
94 0.456529294139050
95 0.427194282000709
96 0.414322626887699
97 0.425717920096849
98 0.430309396169662
99 0.427687477944123
100 0.415983001635130
101 0.447658818492965
102 0.442030229623743
103 0.440506905777741
104 0.485257239739314
105 0.484529989870134
106 0.491251050016076
107 0.493352335010042
108 0.531793092024969
109 0.537765248720637
110 0.524718981747376
111 0.573526573567035
112 0.594487820457845
113 0.581018158643985
114 0.595419355598019
115 0.631772724018573
116 0.708218679689275
117 0.732931451872558
118 0.816442897431448
119 0.811311032026194
120 0.898827319723175
121 0.956022601212026
122 0.998851196645248
123 1.085643722009180
124 1.115521853133169
125 1.252465726841474
126 1.341942553749589
127 1.353953757834409
128 1.502110499583200
129 1.517511743616901
130 1.740732474202879
131 1.627421120932300
132 1.835168758791150
133 1.852421133043793
134 1.848120678889691
135 1.915890017460568
136 1.914055849823299
137 1.870249931096302
138 1.947318438553251
139 1.750129945060452
140 1.712275321599082
141 1.565839817953874
142 1.537943463518521
143 1.378323411398628
144 1.230465489723106
145 1.199306239603606
146 1.092843524269733
147 1.053848489373233
148 0.977510307135843
149 0.911144661148669
150 0.852026470693761
151 0.742404027004573
152 0.739879830097475
153 0.723016234679399
154 0.675406700449426
155 0.656150126927335
156 0.635709158275633
157 0.628368728461370
158 0.605399575440284
159 0.585724995132100
160 0.604699844845471
161 0.588185102026025
162 0.580186988698456
163 0.585156594675322
164 0.609981702115911
165 0.601801604737368
166 0.594219064564511
167 0.609040101628423
168 0.590289612829787
169 0.628780771777236
170 0.636688066396629
171 0.650511543987309
172 0.655303770682140
173 0.655568849113449
174 0.688094888714188
175 0.718336898004686
176 0.715670708299008
177 0.761512076460464
178 0.799951884486648
179 0.812200751230417
180 0.825556068013093
181 0.866570952700234
182 0.900018782268140
183 0.901380031068979
184 0.954453817770513
185 1.016333957729463
186 1.040944126424257
187 1.171510291725307
188 1.143312311466362
189 1.185965029262135
190 1.271202704223699
191 1.307503009098066
192 1.307335198403762
193 1.380936528204534
194 1.423307209939228
195 1.527912783511897
196 1.436715275900430
197 1.513816999881023
198 1.519186261559781
199 1.525345065952630
200 1.475769395276029
201 1.501416191632568
202 1.439967639022329
203 1.423671586421493
204 1.321789192610231
205 1.314658838284557
206 1.222497204470011
207 1.194166084082984
208 1.161011710267536
209 1.165656804688607
210 1.075269709206963
211 1.026976971785807
212 0.997487031347075
213 0.956104884984755
214 0.921838568265858
215 0.935879876503091
216 0.934431722759280
217 0.878547041185695
218 0.844185049306175
219 0.838329601705156
220 0.783723416772286
221 0.784083985475653
222 0.760160515535688
223 0.754106624339558
224 0.735957944309220
225 0.734959059955449
226 0.755147192543467
227 0.745202329621399
228 0.720716566049469
229 0.728753657664702
230 0.714306127659643
231 0.727305606759478
232 0.751514168990186
233 0.760605885882545
234 0.757383944100984
235 0.750507563867070
236 0.776768886286044
237 0.793408091350582
238 0.782366255034065
239 0.801418647456715
240 0.821935551686042
241 0.856859210319181
242 0.847755922683785
243 0.886464257598126
244 0.931367020721684
245 0.907313991588291
246 0.953477305737566
247 0.954192731158759
248 1.010109850193136
249 1.058779368959699
250 1.069892429939775
251 1.104311441446024
252 1.095874374342795
253 1.113302079332698
254 1.159145248881354
255 1.366736296835912
