0 4095.557499999999891
1 0.008655345636056
2 0.016180666674731
3 0.015396376603547
4 0.017014935314443
5 0.016602780644209
6 0.017155892430174
7 0.021236141929307
8 0.017426491438914
9 0.017066968262303
10 0.018263537903129
11 0.019758897530544
12 0.018966472804132
13 0.018587981715355
14 0.021115182054641
15 0.023093149155546
16 0.024367625787928
17 0.028189088219921
18 0.026471330425368
19 0.029228841359623
20 0.027265525798953
21 0.028890006784870
22 0.030508779065048
23 0.032436606188561
24 0.032669535041251
25 0.035936076982255
26 0.033758985658971
27 0.034613108265395
28 0.037372615074660
29 0.039284825224723
30 0.043471635672621
31 0.045865783856774
32 0.049733500450958
33 0.050684727889847
34 0.050754210747100
35 0.059598260670566
36 0.061653461143185
37 0.071650497579723
38 0.075874480491102
39 0.075932672868411
40 0.075509277902641
41 0.089972824375116
42 0.096929654860276
43 0.103032932122531
44 0.112038604415815
45 0.160387323024303
46 0.138111618294713
47 0.154228895151089
48 0.186670049907355
49 0.207357805114227
50 0.204159288021862
51 0.231432239347982
52 0.278194547810852
53 0.304414535920798
54 0.327737868502799
55 0.394347242766264
56 0.503154432911267
57 0.581134350113989
58 0.649670106494776
59 0.830943632597768
60 0.868309605185298
61 1.103046399847563
62 1.347543468982481
63 1.652717920067036
64 1.835283579391406
65 1.987002031940597
66 2.638347602405790
67 2.780789896490781
68 3.056797889188784
69 3.607496248986836
70 3.557481171121662
71 3.593928245528029
72 3.459705577002495
73 2.865996770033472
74 2.481353732850569
75 2.043735687535138
76 1.853302161624566
77 1.694393838975546
78 1.241877092224332
79 1.157748222082946
80 0.947085669729968
81 0.913713093484257
82 0.733807347871871
83 0.661960309765546
84 0.612174645184169
85 0.530600267458080
86 0.544885080231674
87 0.551550894605744
88 0.514473009213856
89 0.482451866610717
90 0.457180800404542
91 0.466757564132672
92 0.437563501481236
93 0.452283722995890
94 0.455763745543609
95 0.426920137325449
96 0.412649945019791
97 0.424703508572629
98 0.430868194595602
99 0.426256503543220
100 0.415259740758352
101 0.448911868415637
102 0.441054602898399
103 0.441936559791032
104 0.484507054077299
105 0.484691650765403
106 0.493294638557070
107 0.491892582185588
108 0.530468046672492
109 0.537372210072570
110 0.523546016168692
111 0.574610511633863
112 0.593632014226491
113 0.582864511367936
114 0.595997451164279
115 0.630282173850306
116 0.709511945033175
117 0.731981093606960
118 0.818193919236135
119 0.807474054196122
120 0.900226289782934
121 0.958015933452615
122 1.001948395601748
123 1.087025332530751
124 1.115017476441905
125 1.249636266307232
126 1.340480422717882
127 1.355882740386434
128 1.503536146546697
129 1.515129074305484
130 1.741954061207484
131 1.630682882817200
132 1.826734674645018
133 1.855948709615146
134 1.845108426349234
135 1.916323052620248
136 1.919431458396419
137 1.862328008982363
138 1.944575223502679
139 1.751616686778458
140 1.714224260345055
141 1.563003670963674
142 1.537701522220525
143 1.375904667439283
144 1.232834829861380
145 1.199806750861248
146 1.090487718483428
147 1.054743002225258
148 0.979053178418220
149 0.912949879623266
150 0.851642328382114
151 0.744433913904324
152 0.743701933186329
153 0.725549958550237
154 0.675060558546725
155 0.657684863312441
156 0.635043402869288
157 0.628585985605573
158 0.606492596234202
159 0.588094484476955
160 0.601964480663634
161 0.587650220492806
162 0.581110249609377
163 0.583999569789275
164 0.609492152975886
165 0.602680669623608
166 0.594482327753340
167 0.607703761482553
168 0.589988957131821
169 0.629193448107311
170 0.635232492234314
171 0.648040388006814
172 0.655340190496394
173 0.658150402050712
174 0.687612421521677
175 0.718938637838164
176 0.715805758212907
177 0.760577121876258
178 0.797869316143120
179 0.810834008127966
180 0.827338052843229
181 0.867702601648106
182 0.897642774057267
183 0.903334646299590
184 0.953585704044398
185 1.017441361106196
186 1.040438162393659
187 1.173478979616333
188 1.141599203451222
189 1.184838072794116
190 1.270662353768512
191 1.311585006586322
192 1.303285126897406
193 1.378702423768592
194 1.426039887949101
195 1.523419404001497
196 1.437286435376566
197 1.515439232851572
198 1.518334874914061
199 1.525666293463038
200 1.475113827566542
201 1.500302293916425
202 1.440229888631420
203 1.423009659895863
204 1.320690057252467
205 1.314992183419058
206 1.224888569406422
207 1.192628488791452
208 1.161882815267832
209 1.165325449052357
210 1.075537930017790
211 1.027036563351564
212 0.998166367785394
213 0.958974845791434
214 0.923341324212684
215 0.936745304913945
216 0.935329054820353
217 0.878471618775608
218 0.843782040018451
219 0.836478389591420
220 0.783886160471607
221 0.784961061729642
222 0.759441713817964
223 0.754693148938479
224 0.736338120868860
225 0.735266666880847
226 0.757193713095140
227 0.747677642528847
228 0.720893523756024
229 0.728327804962172
230 0.715005098951918
231 0.726145012616736
232 0.748430254816656
233 0.759257087746159
234 0.759022501759514
235 0.749388424191097
236 0.777155499314223
237 0.792188913781828
238 0.780609465654812
239 0.800810301726445
240 0.821741245423143
241 0.859201288963059
242 0.845842855597153
243 0.885361242684737
244 0.931502863195457
245 0.907789741554734
246 0.954746674061405
247 0.953774290495608
248 1.012330955686711
249 1.060257398339565
250 1.070689548720547
251 1.102317422199036
252 1.096560730939274
253 1.111784027615240
254 1.160001555502799
255 1.358950797720386
