0 4094.000000000000000
1 0.007086219149642
2 0.010106975532835
3 0.013005911163054
4 0.015377168427221
5 0.015250067575835
6 0.009189910215759
7 0.022452121324022
8 0.025925759577409
9 0.018196157807584
10 0.019530850211809
11 0.023671456146985
12 0.017215693063554
13 0.020364224204652
14 0.021593640032238
15 0.030483298760979
16 0.022195135648568
17 0.025494081477393
18 0.032535926183239
19 0.026368085220747
20 0.032041368180803
21 0.023534347926216
22 0.028218871362483
23 0.031740827674678
24 0.031059461785940
25 0.038450411088499
26 0.037483212260513
27 0.029621773142447
28 0.038988805115098
29 0.039973264922082
30 0.045059872635744
31 0.047493882153328
32 0.053281499217228
33 0.049912959059069
34 0.048765870001884
35 0.056847133762158
36 0.066335241137683
37 0.070519602049261
38 0.075328126858949
39 0.078673608457921
40 0.084961553301536
41 0.101257475453381
42 0.103306546279176
43 0.094068887795503
44 0.146299210547864
45 0.175643854290042
46 0.137443945615323
47 0.157715568105269
48 0.180702224502173
49 0.208991115166818
50 0.192245141925620
51 0.212759766047878
52 0.280496471383779
53 0.294227935502043
54 0.349265760155740
55 0.380740866134457
56 0.526157483967498
57 0.627065361909465
58 0.705507011081164
59 0.812749199746379
60 0.857830697992503
61 1.043946827351375
62 1.424191064785748
63 1.692359430937795
64 1.720483718401532
65 1.943840988665923
66 2.610758651187643
67 2.680691831179055
68 2.879629453322726
69 3.572571384317528
70 3.561782522054273
71 4.072124333747567
72 3.315252173412591
73 2.629633016450780
74 2.389209788965547
75 2.123070576110808
76 1.781849167603165
77 1.741413174796053
78 1.278735354804911
79 1.287000958019968
80 0.902741320548543
81 0.950902927371673
82 0.812843292515461
83 0.635531408123262
84 0.619683609411829
85 0.536528073280564
86 0.632768680933890
87 0.516188675846881
88 0.522447923424064
89 0.488174076863797
90 0.432730957225467
91 0.467902530020971
92 0.459529174662271
93 0.459329069372385
94 0.476870741549072
95 0.448742531509347
96 0.407791927621389
97 0.440248834786906
98 0.436910256669906
99 0.403284828872196
100 0.399632468924545
101 0.423912728600899
102 0.429670685667057
103 0.436494930145366
104 0.542077792027114
105 0.490695823504549
106 0.552493729147238
107 0.503826696182495
108 0.503605213740755
109 0.523624986612336
110 0.517047421207725
111 0.521195960383435
112 0.622310769704990
113 0.604770059188177
114 0.591270263528674
115 0.567391428624978
116 0.697629565333391
117 0.702468031215729
118 0.788166810770797
119 0.806916064036414
120 0.916795420774353
121 1.007007059141356
122 0.992543769146827
123 1.111167010236351
124 1.068978673009700
125 1.162008932908597
126 1.214235197792751
127 1.262669932203340
128 1.502845566078356
129 1.636604112577696
130 1.767952221681896
131 1.685264734105244
132 1.848166479015533
133 1.765679791815230
134 2.038768703758251
135 1.953230695883659
136 1.822208073910844
137 1.988391120772843
138 1.947139457167025
139 1.632526338650810
140 1.651715286141425
141 1.644315588867950
142 1.547444116473863
143 1.366388563443907
144 1.265033171052652
145 1.263865950208408
146 1.041045464514230
147 1.042382474194726
148 0.973674811762288
149 0.905631858634802
150 0.890640089301125
151 0.804102229700505
152 0.708712642859252
153 0.787780665636199
154 0.681170256370446
155 0.696675118268483
156 0.607585689043278
157 0.592619300620201
158 0.617030704894933
159 0.567449893307989
160 0.626491330842306
161 0.575778758339408
162 0.607339957491604
163 0.564723684077748
164 0.646832415050952
165 0.583773740163874
166 0.555695743489519
167 0.608891012587817
168 0.586212344868500
169 0.620040654378466
170 0.639509558657982
171 0.692070292326389
172 0.634067295862846
173 0.646350237411713
174 0.651511479494736
175 0.681521924580792
176 0.701949452212064
177 0.752182088087711
178 0.757856664470233
179 0.793363040571165
180 0.789495070054724
181 0.828134668116863
182 0.925681771067041
183 0.909144260338310
184 0.961221273384085
185 1.026679342304841
186 1.075267644576185
187 1.097841268118650
188 1.113480395616215
189 1.184538701334183
190 1.312620935736098
191 1.301186082676108
192 1.260769922993475
193 1.342381354034446
194 1.630062688374357
195 1.438033027790647
196 1.540419557855878
197 1.546360545019768
198 1.445099541426651
199 1.553104291794283
200 1.387112271949544
201 1.520426407666247
202 1.406994799050998
203 1.405519715301925
204 1.322909877442554
205 1.391613579230651
206 1.197418308120937
207 1.242940277598607
208 1.068393556849033
209 1.151888398876402
210 1.129697040647443
211 1.088952897113778
212 0.996606244508339
213 0.949085849555732
214 0.912630626334812
215 0.947217543747310
216 0.940205734496333
217 0.827254342942514
218 0.863311865312737
219 0.864854792167293
220 0.810336485654577
221 0.799948593792802
222 0.792689625781554
223 0.798023701104983
224 0.769767904848279
225 0.742975448794932
226 0.736398358371261
227 0.752472968834865
228 0.716716252571227
229 0.758851688827561
230 0.672011701100294
231 0.741200882193748
232 0.713101961388180
233 0.767725320397522
234 0.754408754184075
235 0.721761187043820
236 0.721434262937495
237 0.768682301806946
238 0.723859240792912
239 0.801522413644003
240 0.859865120730568
241 0.829276162050445
242 0.838807646174330
243 0.918573333099842
244 0.888219460829692
245 0.893483579458716
246 0.958947875137593
247 0.995354727791057
248 0.984301926545827
249 1.069475744486503
250 1.070675963277758
251 1.153385354228230
252 1.044793276884740
253 1.103685957452326
254 1.186982294301517
255 1.341379647453626
