0 4095.737000000000080
1 0.008505445243095
2 0.016069345667323
3 0.015259627724419
4 0.016711675280315
5 0.016277569033971
6 0.017274600220975
7 0.021083378242797
8 0.017609758578895
9 0.016910694138795
10 0.018215485279573
11 0.019808383382053
12 0.018957398881982
13 0.018488474135042
14 0.020993372937230
15 0.023145806994795
16 0.024454335892390
17 0.028089722137059
18 0.026443080797331
19 0.029277884531843
20 0.027367743657522
21 0.028802112288954
22 0.030298506186402
23 0.032623788632449
24 0.032914097227310
25 0.035907550305137
26 0.033949633680679
27 0.034940272340587
28 0.037381667704972
29 0.039362604362227
30 0.043602979414574
31 0.045942621598319
32 0.049553687857894
33 0.050790822223261
34 0.050951546885145
35 0.059547705504710
36 0.061795075096571
37 0.071705885652758
38 0.076016600976667
39 0.075957055365173
40 0.075976402050248
41 0.089640149055014
42 0.097130397091680
43 0.103403016625556
44 0.112219638705994
45 0.161311036043251
46 0.137814784617289
47 0.154951591439761
48 0.187487716978987
49 0.206700292698716
50 0.203983223467593
51 0.231141852941760
52 0.277985433376797
53 0.305278257879013
54 0.327904881638658
55 0.394514994273657
56 0.504795302546117
57 0.581485250224271
58 0.652027358275374
59 0.831198551489168
60 0.864153671473801
61 1.105255336419287
62 1.346590350009617
63 1.650152675525569
64 1.835321758674241
65 1.984598221711806
66 2.632832173902307
67 2.773085480222872
68 3.065054151403540
69 3.599645157131744
70 3.558990161797207
71 3.604025234794682
72 3.462862581768782
73 2.859418260763373
74 2.480961280001992
75 2.038002765717351
76 1.853675789446048
77 1.703464511399005
78 1.243215659350418
79 1.158356301652280
80 0.949099102969483
81 0.914027634243188
82 0.736150509512871
83 0.660377468460779
84 0.610308257587876
85 0.529640467565185
86 0.545298321358026
87 0.552377538867956
88 0.514135537448858
89 0.482577760508357
90 0.458129161796801
91 0.466148647476757
92 0.435719202626834
93 0.452547771777528
94 0.456650211467841
95 0.427633287027294
96 0.411769166596715
97 0.425403758641920
98 0.430366768412764
99 0.425163262310337
100 0.415820297267139
101 0.448017693843471
102 0.439276238128898
103 0.442550864086755
104 0.485779156520936
105 0.485905524628806
106 0.493490321860175
107 0.491179321915553
108 0.531033123974065
109 0.536541627740279
110 0.524080309909975
111 0.573537914027966
112 0.591258081018050
113 0.586044342483407
114 0.596348919428559
115 0.629792573357973
116 0.710964297270238
117 0.732557066679095
118 0.817184812408707
119 0.806767976766937
120 0.899764458758985
121 0.956286762925670
122 1.004550541835735
123 1.087824367921942
124 1.116532175925664
125 1.247183698197820
126 1.342919419714715
127 1.356476347468416
128 1.505584062665070
129 1.515920693558188
130 1.736133106961061
131 1.628137115494526
132 1.825111627768362
133 1.856506613092727
134 1.844994970383981
135 1.915048433498977
136 1.918090319258889
137 1.860184257507210
138 1.940785325386527
139 1.755255611621319
140 1.717448897751892
141 1.563708662904826
142 1.538790759010914
143 1.374592912264399
144 1.234224775169090
145 1.201727552155704
146 1.091046615293675
147 1.056066712794227
148 0.978205178904399
149 0.913445008311233
150 0.851625850106578
151 0.744853404458642
152 0.743379008655942
153 0.726197505725861
154 0.674565232601607
155 0.658543456686354
156 0.634308592089876
157 0.628098813489230
158 0.606432234285592
159 0.589885921730906
160 0.602428571746185
161 0.587733685267288
162 0.580402144466764
163 0.583528390498372
164 0.609769598381749
165 0.602987236693235
166 0.593245580101541
167 0.607784852717345
168 0.590005531774299
169 0.628853849127247
170 0.634304198649924
171 0.648036226936473
172 0.655595861715760
173 0.658227628544380
174 0.686659245795258
175 0.719760849731502
176 0.714577597792457
177 0.761309886253022
178 0.799569573813270
179 0.811214059909331
180 0.827244430064447
181 0.867515663767449
182 0.898719035746928
183 0.905116047217976
184 0.954274081045096
185 1.016720670537900
186 1.040030235362649
187 1.171432416235145
188 1.140003959209920
189 1.183710234482838
190 1.272474749668225
191 1.312344700640667
192 1.301910468904089
193 1.377945876419716
194 1.426190537042401
195 1.522078844977756
196 1.437639120932130
197 1.512597694071342
198 1.521339596954053
199 1.526890810720720
200 1.471517192422680
201 1.499209100021885
202 1.440797032230319
203 1.423841686101073
204 1.319081037412323
205 1.316791819533885
206 1.222696748253852
207 1.192873832736576
208 1.162122611469025
209 1.165855409594713
210 1.075192417174939
211 1.028654586976067
212 0.998127717057953
213 0.960525527273306
214 0.924217624975533
215 0.937417843969323
216 0.936017699894638
217 0.878770727213564
218 0.845867587398202
219 0.837648166193997
220 0.784304748927582
221 0.783740285656333
222 0.759932800535892
223 0.754356669051392
224 0.734064366327513
225 0.733806351010466
226 0.758479119932459
227 0.748140559327929
228 0.717594221458847
229 0.729183588954888
230 0.716303845601966
231 0.725879552442673
232 0.747292731912003
233 0.759376840063644
234 0.758367748644539
235 0.748618972399097
236 0.777410081535641
237 0.792890501433318
238 0.782755920843516
239 0.800964610438501
240 0.821238136486951
241 0.859457724666376
242 0.845962373954737
243 0.886187485704602
244 0.932645942637984
245 0.908843127148913
246 0.954483255538929
247 0.954163008881662
248 1.010990153304511
249 1.059596936157841
250 1.068922051835691
251 1.100509660292085
252 1.094649776448595
253 1.112912504418395
254 1.160175535050580
255 1.365150770471905
