0 4095.768750000000182
1 0.008560697583864
2 0.016110064684132
3 0.015169903791645
4 0.016732329922527
5 0.016283831608966
6 0.017088179465922
7 0.021050912937084
8 0.017537606674786
9 0.016938544625181
10 0.018247212285733
11 0.019717433320008
12 0.018923141202630
13 0.018450781323450
14 0.020986629961165
15 0.023103049893178
16 0.024444768372858
17 0.028092794999716
18 0.026386093987720
19 0.029283658244044
20 0.027327007485409
21 0.028708996991562
22 0.030269688002033
23 0.032548338834443
24 0.032867746824483
25 0.035954603621011
26 0.033924767574238
27 0.034867375090169
28 0.037318299952382
29 0.039237631179115
30 0.043580443668435
31 0.045811557148589
32 0.049611016181084
33 0.050756574103868
34 0.050901789616978
35 0.059554349230734
36 0.061687784983425
37 0.071661010959875
38 0.076080389155063
39 0.076086266541687
40 0.076067281472037
41 0.089679268164860
42 0.096954395738126
43 0.103356154918326
44 0.112121092447311
45 0.161342604600544
46 0.137674365732390
47 0.154619674241660
48 0.187293742702028
49 0.207008843288048
50 0.203924297077805
51 0.231231823640374
52 0.278354461797456
53 0.304869485252625
54 0.327846012095012
55 0.394819740876065
56 0.504692360781396
57 0.581335814501677
58 0.651495151501464
59 0.830516445049234
60 0.865005933073673
61 1.105424130459085
62 1.346126107990764
63 1.650960356359642
64 1.836036810086303
65 1.986087644457027
66 2.634274085147942
67 2.773581541475979
68 3.059474530818841
69 3.603871344211973
70 3.564831516438778
71 3.603190534664935
72 3.460465553266041
73 2.858731875166095
74 2.481711677220204
75 2.038645021527896
76 1.852187236868404
77 1.700435580652319
78 1.241980138936847
79 1.159848564584196
80 0.948029668497911
81 0.912094974069150
82 0.736059178063711
83 0.659864532040115
84 0.610854324557883
85 0.530193216210245
86 0.544980668631824
87 0.551921338574571
88 0.514015112007523
89 0.482519114899295
90 0.458346421282894
91 0.466001503657767
92 0.435506040309803
93 0.452821216568056
94 0.457047162379597
95 0.427738300545130
96 0.412668020214718
97 0.425280131324743
98 0.430740644723470
99 0.425792822054678
100 0.415795111443426
101 0.447624856728998
102 0.439147076557000
103 0.442131307026032
104 0.486041749342940
105 0.485648527012448
106 0.493172220696626
107 0.490857927615501
108 0.531187273397338
109 0.536409413314163
110 0.524277336426215
111 0.573868712060491
112 0.591313555569709
113 0.585872744785404
114 0.597131299578463
115 0.630727558393378
116 0.711198736573079
117 0.733016550799525
118 0.816594620687957
119 0.807337159830220
120 0.898917038921003
121 0.956296041105563
122 1.005498698120488
123 1.087584952639794
124 1.116700941003809
125 1.247558011990664
126 1.342738984508539
127 1.356151658162952
128 1.505432441425685
129 1.515550902565466
130 1.737129490430790
131 1.628758683963184
132 1.825198130635266
133 1.855536190786493
134 1.842747394240342
135 1.916250691978972
136 1.916959447724373
137 1.860885480148341
138 1.941212964677339
139 1.754780904548785
140 1.716163786719959
141 1.564043603356205
142 1.538500127125701
143 1.375264994782187
144 1.233759017962440
145 1.201256057479624
146 1.091653630479132
147 1.055603553556124
148 0.977673251415441
149 0.914003276199887
150 0.851424513647946
151 0.744889659996678
152 0.743650287957340
153 0.726033325813009
154 0.675414155536505
155 0.658294765763392
156 0.633790379940037
157 0.628083109552798
158 0.606526690943578
159 0.589851174934654
160 0.602082107298052
161 0.588039118315181
162 0.580232092244658
163 0.583783939424967
164 0.610208182114336
165 0.602715417897998
166 0.593554246159191
167 0.609170777197852
168 0.589618952294112
169 0.628742984486107
170 0.633968601689809
171 0.648459410183807
172 0.655765047036713
173 0.658469099906804
174 0.686706476040933
175 0.719771088962174
176 0.714426730302268
177 0.761441482747717
178 0.798857398781364
179 0.811235050618802
180 0.826879894567122
181 0.867033850907865
182 0.897828746979499
183 0.905231610783615
184 0.954814880053168
185 1.017042858839549
186 1.040043429609010
187 1.171610164680845
188 1.139274773766491
189 1.183815582618000
190 1.273353509768507
191 1.313286810701753
192 1.301481030909373
193 1.379064750679587
194 1.426364536261468
195 1.521857535729210
196 1.436716892010700
197 1.512861896491523
198 1.520583459005564
199 1.526478984613295
200 1.471977338635797
201 1.500029896519303
202 1.440891009312765
203 1.423904393070014
204 1.318956370359271
205 1.316211130237166
206 1.222427568033689
207 1.192606856605041
208 1.162458036887974
209 1.165683842546834
210 1.075291382597547
211 1.029165676208333
212 0.997440921887307
213 0.959687143990994
214 0.924786509729842
215 0.936904212897989
216 0.936182707453005
217 0.878952360070815
218 0.845905991142754
219 0.837003824907085
220 0.784450232851059
221 0.783748592951953
222 0.760707671707859
223 0.754336803759580
224 0.735334586742379
225 0.733668978349807
226 0.758248301403701
227 0.748011320143953
228 0.717967587616110
229 0.729058482713193
230 0.716056490767120
231 0.726241014843976
232 0.748220201275266
233 0.759293294457292
234 0.758234101887772
235 0.749159476088171
236 0.776781784073399
237 0.792348878329675
238 0.782502204263975
239 0.800414223157806
240 0.821798151013834
241 0.858687066858496
242 0.845808523079173
243 0.885602980310370
244 0.932846554382549
245 0.908772768648950
246 0.953855556185971
247 0.954024771200942
248 1.012075902102746
249 1.059228297974162
250 1.068898038114159
251 1.100827098207688
252 1.094894047158864
253 1.113184903501484
254 1.160354380428251
255 1.367651464668511
