0 4095.547999999999774
1 0.008636832546555
2 0.016017811912074
3 0.015297996553401
4 0.016934106871299
5 0.016368115596036
6 0.017086995090062
7 0.021187693822036
8 0.017461281510770
9 0.016968595874159
10 0.018206351118813
11 0.019766647624509
12 0.018940240935314
13 0.018505813066321
14 0.021080897242361
15 0.023092352154729
16 0.024292375005776
17 0.028109417954546
18 0.026422081277128
19 0.029226380137459
20 0.027354298643104
21 0.028821647388075
22 0.030365348236408
23 0.032405585465525
24 0.032699981309018
25 0.035861643424107
26 0.033837735807816
27 0.034718697423963
28 0.037343333228170
29 0.039145394395507
30 0.043626073598954
31 0.045995680749565
32 0.049691972554202
33 0.050747343223218
34 0.050785836027280
35 0.059543443732538
36 0.061562776647575
37 0.071580830168896
38 0.075879672980619
39 0.075888903559293
40 0.075690456733769
41 0.089646777870572
42 0.097270638015948
43 0.103350889981630
44 0.112224342201232
45 0.160809754158500
46 0.138092237680712
47 0.154553714583130
48 0.186850488296017
49 0.207248334673359
50 0.204303198547109
51 0.231166077049756
52 0.278222462259099
53 0.305084491569000
54 0.328676472837981
55 0.394538112094053
56 0.503065806715534
57 0.581331194007163
58 0.650081749858664
59 0.831289141635722
60 0.867463074167837
61 1.104164154316750
62 1.348310171467029
63 1.653269363986957
64 1.834908053289769
65 1.988227490309818
66 2.635256701548741
67 2.776174398685384
68 3.056664593164899
69 3.609071436044951
70 3.557872441999681
71 3.599050402544514
72 3.459640688532059
73 2.858104800646310
74 2.483600269128176
75 2.039587232584585
76 1.853528253862801
77 1.695068815451954
78 1.242293902167551
79 1.158916534767948
80 0.947803246618097
81 0.912341525054549
82 0.734544673039976
83 0.662062685081281
84 0.612055881266148
85 0.531037101347364
86 0.545015770516056
87 0.550920304991055
88 0.514249058691023
89 0.483206281872986
90 0.458246603881398
91 0.466501513809015
92 0.436903562597044
93 0.452941733386678
94 0.455941682966608
95 0.426940107185020
96 0.413106042821800
97 0.425272762422348
98 0.431015043272382
99 0.426037979328796
100 0.416151405177344
101 0.448348117202281
102 0.440367367605671
103 0.442501209924769
104 0.484290655032222
105 0.484768924715955
106 0.493199878602012
107 0.491628199940927
108 0.530901611909134
109 0.536919710925019
110 0.524763502843177
111 0.574271791578220
112 0.592705377453416
113 0.583778965973531
114 0.596343517213826
115 0.631214280437611
116 0.710216513919291
117 0.732681387937271
118 0.818050902412304
119 0.807216481633567
120 0.899945389106316
121 0.957172228446335
122 1.003234578809002
123 1.088202419370728
124 1.114888212084079
125 1.249370058691295
126 1.340757558586600
127 1.353866607130585
128 1.503725996863239
129 1.515183751886046
130 1.740055731400757
131 1.628751323994420
132 1.827405500386628
133 1.854879779827452
134 1.844936003292816
135 1.916692912352000
136 1.919060526581554
137 1.861939166565459
138 1.945475967612780
139 1.752735391515128
140 1.713453320707684
141 1.563791196334424
142 1.535002629948335
143 1.376737308393627
144 1.234524657724892
145 1.200567213804490
146 1.090269414745371
147 1.054466584636520
148 0.977797132953522
149 0.913354474438004
150 0.852308700547818
151 0.743252112129382
152 0.743596727486454
153 0.726199488757693
154 0.675538550190193
155 0.658103424686906
156 0.634343329122786
157 0.628564803104981
158 0.606983492369447
159 0.588802230552297
160 0.601520720142917
161 0.587934045175565
162 0.580599164160689
163 0.583744458024791
164 0.609513512833850
165 0.602198047723875
166 0.594028447014912
167 0.608413618810872
168 0.589909323268636
169 0.629812323978015
170 0.635133993533178
171 0.648590708046937
172 0.656203065896327
173 0.658287458869386
174 0.686990985897376
175 0.720094829057729
176 0.715538408676266
177 0.761544845665659
178 0.798292293066443
179 0.810735037275826
180 0.828065427227451
181 0.867898195164870
182 0.898091103824435
183 0.903736129161828
184 0.953440063058034
185 1.017475061884362
186 1.039727946260438
187 1.172314206961993
188 1.140489781264563
189 1.184237326010539
190 1.270846049753320
191 1.312058577093232
192 1.301974019030039
193 1.379178036977200
194 1.426266252300699
195 1.523087760682545
196 1.436754678673914
197 1.513015808002230
198 1.518389126765608
199 1.526874249433579
200 1.475167673529187
201 1.500230156836177
202 1.439869467098116
203 1.422795753070234
204 1.319937935773608
205 1.315311548367841
206 1.223155708735113
207 1.193160183782095
208 1.162528931802310
209 1.165925902210574
210 1.075882478700096
211 1.027315374998109
212 0.997882845847047
213 0.959695499001675
214 0.923667285124783
215 0.937702276404073
216 0.935064279159055
217 0.878432834758637
218 0.844969995895486
219 0.836854354651186
220 0.784058903557451
221 0.784085313475710
222 0.759609151688370
223 0.753918221285149
224 0.736263589128308
225 0.734876704366109
226 0.757713360987611
227 0.747987425854051
228 0.720404644776557
229 0.729085377043940
230 0.715333178686354
231 0.726674129723415
232 0.748648760804077
233 0.759293294101995
234 0.758436025475798
235 0.749273197866693
236 0.776473330870529
237 0.792498573570948
238 0.781244407423962
239 0.801563971737566
240 0.821369795790690
241 0.858505023573581
242 0.846501903917920
243 0.885168920372567
244 0.932613999084785
245 0.907670246841501
246 0.954672968770600
247 0.953913907693084
248 1.011999895265671
249 1.059507189618361
250 1.069832446599901
251 1.100841613282463
252 1.095683230260911
253 1.111275157493287
254 1.159848645994370
255 1.356293365970034
