0 4095.000000000000000
1 0.009064525459153
2 0.016339165786089
3 0.015528341972371
4 0.016939863678176
5 0.016971732547850
6 0.016592566123951
7 0.021606454545887
8 0.017281663627349
9 0.016719615906962
10 0.018247096151007
11 0.019920871112130
12 0.019565468022553
13 0.019336175479963
14 0.021419132621460
15 0.023314294365449
16 0.024531527534092
17 0.027683774592626
18 0.026865174637285
19 0.029912131074532
20 0.027027642557353
21 0.028756524682640
22 0.030477838318358
23 0.033140374149156
24 0.032752878358764
25 0.036022033209247
26 0.033570159648143
27 0.034831786540399
28 0.037912437084261
29 0.039701603134826
30 0.043901574736073
31 0.045955253483788
32 0.049772199151849
33 0.050504585098183
34 0.050709168972023
35 0.059465534928636
36 0.061387768136200
37 0.070539255914588
38 0.075691236752957
39 0.075401665603427
40 0.074847541349016
41 0.089880956892670
42 0.096817507444439
43 0.102429425337958
44 0.111500743617283
45 0.160604978006827
46 0.139098765135669
47 0.154316653055958
48 0.185566562607085
49 0.208503255144329
50 0.203146301827006
51 0.230342446171956
52 0.276869011921051
53 0.302998704846594
54 0.328050278444188
55 0.393048395848252
56 0.504983066521807
57 0.576703648860285
58 0.655293845374265
59 0.833073479479975
60 0.868846332012119
61 1.106041605628775
62 1.342439190862053
63 1.656444615114033
64 1.842042231510044
65 1.991151488180805
66 2.627140624633236
67 2.775620366350972
68 3.072449625209339
69 3.604278023676656
70 3.565129945351972
71 3.569282858770269
72 3.473271426111381
73 2.851596498718411
74 2.472629062974835
75 2.057735204048779
76 1.857277283257496
77 1.703734649823049
78 1.232718622462276
79 1.155416874995955
80 0.949217101721286
81 0.914606628444128
82 0.732788873185603
83 0.659513395160394
84 0.609854872895047
85 0.528807877852256
86 0.545477653167258
87 0.551036401201713
88 0.511820565308997
89 0.481994473666642
90 0.456082866880673
91 0.466508889429007
92 0.435442861833694
93 0.453428621753979
94 0.457827119877202
95 0.426612250779652
96 0.412257286615492
97 0.427787829679069
98 0.430069202737155
99 0.425492471349281
100 0.415425515332484
101 0.449469259537647
102 0.441055263533039
103 0.440249500194366
104 0.485820377123030
105 0.479072018223830
106 0.489516033105686
107 0.491828546744409
108 0.533133171878690
109 0.537835378767970
110 0.525523234091785
111 0.576432364603558
112 0.594493097262352
113 0.582387135536353
114 0.592565381428487
115 0.629155279586574
116 0.708881419316464
117 0.732423793957623
118 0.813924812892137
119 0.812577702971816
120 0.898543971780310
121 0.957809771489011
122 1.002362009973445
123 1.089954971778779
124 1.114113589134484
125 1.252636941598950
126 1.348985323571354
127 1.356277705352730
128 1.504727550840268
129 1.519413396911827
130 1.737870118342504
131 1.617586676440321
132 1.838800578996505
133 1.857675704018726
134 1.839452878903324
135 1.914208771406582
136 1.916798919605808
137 1.869213661305199
138 1.945537887199390
139 1.753148501630478
140 1.712491727512672
141 1.560932563420809
142 1.540858860940558
143 1.379132603629987
144 1.237035508286532
145 1.197876597481301
146 1.093036229102805
147 1.054160717731666
148 0.974175824206055
149 0.912089086818248
150 0.853445192025834
151 0.738194080389523
152 0.740041309119960
153 0.722818899050830
154 0.677387777536786
155 0.655380809902425
156 0.636468272298238
157 0.630668459646101
158 0.604671618325555
159 0.587499706921768
160 0.604610461995535
161 0.584455105933568
162 0.579665563966141
163 0.586633979225465
164 0.610291322699851
165 0.597823397599972
166 0.594085442112154
167 0.606679893166205
168 0.591039749903893
169 0.625022869204986
170 0.639263385532106
171 0.648849259155214
172 0.655221388553385
173 0.655506582396544
174 0.688135488396884
175 0.719501858728612
176 0.710239519154899
177 0.763157522571993
178 0.798830347894742
179 0.809771284078681
180 0.824568043390792
181 0.864243774826599
182 0.901280053580819
183 0.903512093738499
184 0.953488786514921
185 1.018715440175049
186 1.042445291285997
187 1.173950572756435
188 1.142952203768968
189 1.185358101625922
190 1.269892291078759
191 1.309223202438331
192 1.308796676533185
193 1.387773615196102
194 1.429288987869535
195 1.525003274494646
196 1.431055934479193
197 1.513076347792678
198 1.525956964923099
199 1.517494266608002
200 1.476451291106959
201 1.502460260401328
202 1.440013521348304
203 1.430187666737510
204 1.323728918041275
205 1.313690006338790
206 1.219238816172579
207 1.191691476813197
208 1.162199295655877
209 1.164535376314750
210 1.068563002020687
211 1.029805481172328
212 0.997642849321744
213 0.954120659347910
214 0.922241670520384
215 0.940234959238796
216 0.934127224873104
217 0.880560365590168
218 0.848542088121052
219 0.840899926975013
220 0.782836696280852
221 0.784660662751553
222 0.758524995390993
223 0.754318946224955
224 0.733251965492132
225 0.737516053593694
226 0.754572913548409
227 0.740860963736879
228 0.717612503378739
229 0.728675030912291
230 0.716129420227481
231 0.728670135847932
232 0.750039381616991
233 0.763897274333104
234 0.750493152214648
235 0.752745969653627
236 0.772670133772209
237 0.796731353495601
238 0.786053639174971
239 0.799457711426697
240 0.821830941700382
241 0.857483309019643
242 0.845893413706498
243 0.884886885950539
244 0.931611056159881
245 0.907198946862098
246 0.950040771393861
247 0.956246337150309
248 1.011086218696069
249 1.059692332231458
250 1.071185630185784
251 1.101557138123156
252 1.097207009972197
253 1.108754285367056
254 1.159048300791146
255 1.363541897635764
