0 4032.710930524553532
1 0.983088162694309
2 0.962515498870759
3 0.968640921927327
4 0.992119845208716
5 0.981634478807819
6 0.976387472978453
7 0.986902122285886
8 0.959480096295700
9 0.977759135937408
10 0.981930450090615
11 0.980407150991016
12 0.991721096027115
13 0.972981376002517
14 0.969986882029767
15 0.960718578513715
16 0.969209396233398
17 0.971714109367591
18 0.973422861863399
19 0.979688878078920
20 0.975340679459496
21 0.972390849944438
22 0.974245588849846
23 0.984335924696587
24 0.971116954538120
25 0.976504106709810
26 0.974234208491469
27 0.973907996694074
28 0.973327536791728
29 0.973672807901346
30 0.978389707159679
31 0.980004811058687
32 0.979567691741763
33 0.973973744865785
34 0.975334212776990
35 0.972823096448598
36 0.974785806033966
37 0.973165355707021
38 0.979288824490576
39 0.978301856428340
40 0.976097877303822
41 0.973353351175344
42 0.977631591171718
43 0.976424998094745
44 0.981352729111880
45 0.977867124528339
46 0.972697747941293
47 0.983995164319974
48 0.975619844759387
49 0.974848473395626
50 0.982204734711829
51 0.976620458211161
52 0.978393689098163
53 0.975841375849545
54 0.978666990020215
55 0.974550564721920
56 0.976980687783092
57 0.975316066046121
58 0.980381798832875
59 0.978358016408068
60 0.976932107785156
61 0.980032512949679
62 0.973339830973892
63 0.974364649400049
64 0.972140136119373
65 0.977786364221320
66 0.977045159088879
67 0.976066607625396
68 0.974019712283975
69 0.973863814952105
70 0.984176019768284
71 0.979137125926281
72 0.975591140903917
73 0.977956703226683
74 0.981183359043456
75 0.977484334048984
76 0.973863415327928
77 0.974224793913758
78 0.979235223868651
79 0.980861769727029
80 0.977107108449172
81 0.977737178356014
82 0.974997462412692
83 0.979014369802911
84 0.976242825374378
85 0.979541825995934
86 0.978277789795743
87 0.978813821753710
88 0.980575806310475
89 0.975932229854109
90 0.975696315934075
91 0.975845544847268
92 0.976823668692951
93 0.976382047335057
94 0.980424781167189
95 0.978599279794263
96 0.977712377811178
97 0.974042185584864
98 0.978484667115206
99 0.978598081323453
100 0.975828488293961
101 0.977288564595321
102 0.980247437157932
103 0.974161895631079
104 0.975763724901602
105 0.977098937381961
106 0.976607066700713
107 0.976752406445783
108 0.976024161499210
109 0.974565112367842
110 0.976436097671129
111 0.976279891725478
112 0.975623135964702
113 0.977883892853451
114 0.977515085279864
115 0.977496515849846
116 0.979431150897125
117 0.979071378090106
118 0.975918753707394
119 0.975833992496900
120 0.976351283661989
121 0.974472879039106
122 0.979276749491640
123 0.977823619732012
124 0.974972318324344
125 0.977836078278172
126 0.977385833054277
127 0.978720375367281
128 0.977317664796799
129 0.979512531614073
130 0.981186187199177
131 0.979455089568977
132 0.976571416964607
133 0.978685348306316
134 0.975481991095055
135 0.976698295879265
136 0.978135536424235
137 0.976875259418403
138 0.979928796113736
139 0.979680862963885
140 0.976629338643957
141 0.977370293699140
142 0.976071996721437
143 0.975583174478369
144 0.975432375656519
145 0.977732349328172
146 0.978488113424620
147 0.978533388730442
148 0.974869674646240
149 0.978915216517426
150 0.978716226866000
151 0.974107449585678
152 0.977617741040969
153 0.976656715026820
154 0.978636962050855
155 0.978059147661467
156 0.978897627224879
157 0.977056852727424
158 0.976414423057046
159 0.979450842693459
160 0.976564255219920
161 0.974091027529125
162 0.979458540538359
163 0.978333390729958
164 0.975574990223293
165 0.977012506861004
166 0.976402761679269
167 0.974528560759867
168 0.977582296670504
169 0.977296313970268
170 0.975306717907087
171 0.976771138800892
172 0.977288554380623
173 0.976512773608507
174 0.976453439365148
175 0.974718597577486
176 0.977488966326847
177 0.977255978397533
178 0.974987557723769
179 0.976523798164802
180 0.978538578540715
181 0.976836589903622
182 0.975194315395179
183 0.978176330148393
184 0.980525809479804
185 0.979891980059219
186 0.976920511311815
187 0.975388370912492
188 0.975169810574594
189 0.973557370001168
190 0.978794375748641
191 0.977494253758554
192 0.973316578160822
193 0.974653789015499
194 0.975804630162305
195 0.978748508937202
196 0.976659101722294
197 0.978175102295511
198 0.976882247861746
199 0.974626916343063
200 0.977073406946845
201 0.974640767710208
202 0.979163304112608
203 0.978294813635523
204 0.975714501210563
205 0.977147853683276
206 0.977193877790883
207 0.977214735209247
208 0.978063002170020
209 0.978145489491491
210 0.975432062771919
211 0.978463939237519
212 0.975051840367613
213 0.974817021609948
214 0.973938498982427
215 0.974722753251574
216 0.975736659258280
217 0.976375124164826
218 0.975622589270630
219 0.978316111010387
220 0.976210371387745
221 0.978459075127725
222 0.976709941177896
223 0.974938666789475
224 0.976962288763992
225 0.978630535693948
226 0.977375208436378
227 0.975844019727440
228 0.977157462098890
229 0.978343849344669
230 0.977333495051115
231 0.979456775245196
232 0.978876448270906
233 0.976679047778955
234 0.977314704938319
235 0.978233738452681
236 0.975928665995080
237 0.978447860060714
238 0.977757121802002
239 0.976790699485076
240 0.973541185274821
241 0.974686355121055
242 0.976071318546560
243 0.975037299512629
244 0.976312920147153
245 0.976631338493386
246 0.976951501341076
247 0.975420410451013
248 0.973226152168761
249 0.977481772116824
250 0.974928819595481
251 0.978983919236901
252 0.977801598228146
253 0.977868831936617
254 0.977276563453890
255 0.965238173425835
