0 4028.282226562500000
1 0.736122742295265
2 1.981348104774952
3 0.533760375529528
4 0.975272656728824
5 1.108200050890446
6 0.882286250280837
7 1.325091656918327
8 0.991763141895977
9 1.137394140417330
10 0.869834653677090
11 1.231911091599613
12 0.842430554365274
13 1.157881036927195
14 1.030918910866603
15 0.870152053400185
16 0.846763773675775
17 1.340027342325655
18 0.851669025203834
19 0.943224281041573
20 1.082378186826264
21 0.821778674797517
22 1.059360792832997
23 0.962498638353178
24 0.991996927297135
25 0.889555136424124
26 0.932415830500593
27 0.945116297188556
28 0.946853381781174
29 0.846333549833313
30 0.841068604198146
31 0.981204918648403
32 0.898858391204849
33 0.964584481920331
34 0.892596096915536
35 0.949734932659060
36 1.029743234679135
37 0.980809026971672
38 1.034759657948598
39 1.024520748371874
40 0.958285777000868
41 1.003528818152571
42 1.019131977336986
43 1.045793319085432
44 0.930137139346882
45 0.969106158570332
46 0.933294048038865
47 0.923295925885649
48 0.843671993403964
49 1.080889644560796
50 0.927596483504333
51 0.907722187654638
52 0.947411371084551
53 0.858028379336628
54 1.051758415082952
55 0.995638762461238
56 1.039600509772521
57 0.882135358649410
58 0.901520267241522
59 0.989270220465108
60 0.879520541589175
61 0.959614125002396
62 0.963001850477380
63 0.948652262579417
64 1.164376415254683
65 0.988139815973732
66 1.066836138377257
67 0.943969534008537
68 1.117125027441106
69 1.017524539463921
70 0.909992800000120
71 0.851020366588834
72 1.047275659139268
73 0.950728031032386
74 1.016933355365021
75 1.040320201750508
76 0.891108048061142
77 0.945704189916737
78 0.976931100255837
79 0.887582145193817
80 1.023907873578159
81 0.909125834869221
82 0.918825755934856
83 1.071661681407094
84 0.999752184741004
85 0.946382280203758
86 0.986837923860174
87 1.031536194381129
88 0.913838732799245
89 0.909492556566062
90 1.010763795177479
91 0.881964066163063
92 0.932370717643664
93 0.946386769568637
94 1.048292050502680
95 1.067149643096441
96 0.973695592914203
97 0.940047458256300
98 1.067738722608498
99 1.011949626743354
100 0.938539610322455
101 0.922035179631813
102 0.934267563215364
103 1.103334568425243
104 1.014160435607014
105 0.897331908831130
106 0.966344055517285
107 1.002403207664905
108 0.925440432717715
109 1.009694559893401
110 1.008816552984997
111 0.919381151236788
112 0.948028685710659
113 0.933079395508603
114 0.943120629288837
115 0.927787422143026
116 0.968388861620164
117 0.915563046987897
118 0.953300052972097
119 0.987367166733882
120 0.910356196183513
121 0.933331712467565
122 0.873224003764637
123 1.051424860935353
124 0.990612633171661
125 0.957297924730672
126 0.943037391117917
127 0.971182832613361
128 0.910364490461274
129 0.943154969533934
130 0.941543503069053
131 0.967740418293420
132 0.997035647760236
133 1.009370286737666
134 0.954305479008763
135 0.935330925854479
136 1.017805830923815
137 0.941751740016833
138 0.998574089740739
139 0.913487215982806
140 0.975088867625083
141 0.998031453762543
142 0.937112887813653
143 0.894572652894486
144 0.988860752816994
145 0.959005839940614
146 1.009463501346706
147 1.009556430784103
148 0.900439503517634
149 1.026514644664515
150 0.943416284515133
151 0.989962060594901
152 0.956982483339713
153 1.123701881187013
154 0.963158419326064
155 0.962717400185829
156 1.031229741481079
157 0.986040658255875
158 0.996307842404834
159 1.024212880681269
160 0.910072283147785
161 1.023558432869543
162 1.007891918978203
163 0.932905426992984
164 0.947424332771670
165 1.043417731013921
166 0.984775852254191
167 1.014622414160061
168 0.904735021333934
169 1.027517139629536
170 0.979186753290584
171 0.968820901843288
172 0.996464028394312
173 0.914431643209139
174 0.936597453207039
175 0.974903657176980
176 0.996814374065926
177 0.944789650341379
178 0.989243711268904
179 0.961252021221247
180 0.929814659970197
181 0.958640260768035
182 0.940181097018928
183 0.916819934804784
184 1.010259231536626
185 0.947363173101721
186 0.910702142174511
187 0.942017004863318
188 0.995694755699357
189 0.957582372334014
190 0.905858201679896
191 1.009347072546901
192 0.991168879139036
193 1.008522831169196
194 0.988212161104080
195 0.960536786596677
196 0.986684682241281
197 1.014255740640044
198 0.994379600627895
199 1.070512814037562
200 0.931707681636695
201 0.969025905646043
202 1.028414663728777
203 0.920259365929411
204 0.946066684610716
205 0.978968049620215
206 1.044676670675357
207 1.000538203260358
208 0.931673213207951
209 1.010013974589513
210 1.001839151550063
211 0.934909032277406
212 0.940694844578518
213 0.987765997148623
214 0.993143985109566
215 1.020988453011481
216 0.974584711168242
217 1.008168288384145
218 1.007206944686345
219 0.996817671971778
220 0.953169301896333
221 0.999590053249926
222 1.001249039638608
223 0.996011423449682
224 0.931042124182405
225 0.975886858456159
226 0.989360458183757
227 0.967079465878643
228 1.030092426625109
229 0.943677262454431
230 0.915390731572905
231 1.005075201255709
232 0.994660146072790
233 0.940228331523466
234 0.978356843333579
235 1.004020476806570
236 0.968891482107987
237 0.924161762677020
238 0.947088904913336
239 1.035783235078649
240 1.006703800745676
241 1.016957083484826
242 1.002591081613428
243 0.962227327995361
244 0.990397165947535
245 0.922995109327360
246 0.970230244793975
247 0.960706737003298
248 1.061377933379464
249 0.971194041001460
250 0.977793638470832
251 0.989723753920043
252 1.019843625258124
253 0.946358055204513
254 0.940850683726762
255 1.385931108612567
