0 4032.757451171874891
1 0.985209269182058
2 0.967204955156165
3 0.964142693050933
4 0.989903411051420
5 0.977030445531264
6 0.983166741729902
7 0.973832183310314
8 0.953846110923615
9 0.972232677783548
10 0.973145456270056
11 0.980323287310668
12 0.987348173073268
13 0.966956588632562
14 0.972470408098056
15 0.965741555936363
16 0.966781595866463
17 0.969842796148098
18 0.975031499592790
19 0.981906545731992
20 0.972049010339434
21 0.969228135739298
22 0.971131030122241
23 0.983454121712635
24 0.970826317040110
25 0.973896566092914
26 0.974531621288558
27 0.974162845210883
28 0.967662781501872
29 0.972208051736102
30 0.979405833804070
31 0.978155940173380
32 0.976029691176155
33 0.973382735394188
34 0.974552365418581
35 0.973193521285539
36 0.976437967266936
37 0.973408649281144
38 0.977278492722397
39 0.976299924534836
40 0.973317854707713
41 0.973094165017159
42 0.977435113628345
43 0.972725299296143
44 0.983974800406895
45 0.981299259711330
46 0.973105968155386
47 0.983404821696746
48 0.974670509512728
49 0.975657390902714
50 0.981933743882420
51 0.977027891856375
52 0.978892832733189
53 0.977806537701342
54 0.978214043189668
55 0.973517192163444
56 0.978069109383978
57 0.975088136596865
58 0.982175726469580
59 0.980200173031729
60 0.976591048833465
61 0.979782915076738
62 0.972745883287177
63 0.976040926629587
64 0.972599177885123
65 0.977900178941662
66 0.979084023919621
67 0.976748256936717
68 0.972495932280925
69 0.976381458210260
70 0.984402430201761
71 0.978176428766804
72 0.975578197366847
73 0.979196595623827
74 0.979401384337275
75 0.978364347801752
76 0.971943896134185
77 0.974929430748180
78 0.978000839343044
79 0.980103640873663
80 0.977541058543887
81 0.977257603816278
82 0.975392569332921
83 0.978409420247057
84 0.976430624436522
85 0.978593612078386
86 0.977969588581679
87 0.978928565826541
88 0.979897135898093
89 0.977486685082476
90 0.976835609065607
91 0.974490195316186
92 0.977700167258996
93 0.976531344609421
94 0.981981485770723
95 0.976955100475443
96 0.979806476707000
97 0.973815473196255
98 0.978391583568553
99 0.980308294778677
100 0.975704365481415
101 0.976837944705865
102 0.979477771425391
103 0.973482551435285
104 0.975071491595945
105 0.976571038455610
106 0.978444239448948
107 0.976558812273523
108 0.974221606001890
109 0.974456726989847
110 0.976607066831171
111 0.976781554913906
112 0.978227098656891
113 0.975677702475261
114 0.976673238339892
115 0.978209044870508
116 0.980254110222579
117 0.976865108032396
118 0.976413880164510
119 0.975932176542603
120 0.976507951383509
121 0.974157479972580
122 0.977617083472322
123 0.978723022438286
124 0.974915149202362
125 0.975415914644594
126 0.978100526936746
127 0.978880349025203
128 0.976596046860877
129 0.979744306428003
130 0.980346509082254
131 0.980499491638367
132 0.977736414010054
133 0.979686921764063
134 0.976642773106252
135 0.975728993167091
136 0.978987870089834
137 0.976715686442711
138 0.980339689364932
139 0.979544230452099
140 0.976229923637320
141 0.975647087142553
142 0.975735881558453
143 0.975359494500318
144 0.977592621809675
145 0.976537856046141
146 0.979124043218477
147 0.975945475087922
148 0.973920984853192
149 0.977457804924598
150 0.976073934142649
151 0.975244520915730
152 0.977315282100621
153 0.976487031066079
154 0.978235604356407
155 0.976694732961109
156 0.979745926593110
157 0.975570126667270
158 0.976309519014738
159 0.979785322768280
160 0.977883586091178
161 0.975038056440161
162 0.979640305434839
163 0.977698201226359
164 0.975971473813402
165 0.976695469493168
166 0.977750165552343
167 0.975020049391295
168 0.978283709634937
169 0.978481293774973
170 0.974415310302874
171 0.977424962497953
172 0.977856737458445
173 0.975720860496158
174 0.976666840348963
175 0.974278645031543
176 0.975936481308600
177 0.976945384869526
178 0.973783363700577
179 0.975715897000153
180 0.979113285370943
181 0.975902013349269
182 0.974601300708640
183 0.978229923193587
184 0.981282079532946
185 0.980323683187004
186 0.976036429758494
187 0.974634091387813
188 0.974403883983614
189 0.974789112533262
190 0.980424512672166
191 0.976857617662519
192 0.972961366506916
193 0.973058366477847
194 0.974415150757797
195 0.978676541835135
196 0.976321210395835
197 0.978840465819920
198 0.976618344132195
199 0.974540189485367
200 0.977840436958031
201 0.972916206298823
202 0.977212946806108
203 0.978695942562861
204 0.974659045767208
205 0.978768952832094
206 0.976929361625032
207 0.976386848053535
208 0.978868496432628
209 0.978875486782996
210 0.975515462828808
211 0.979677470477045
212 0.974012774330957
213 0.974431293090815
214 0.973226177619455
215 0.975452363549116
216 0.974618113446504
217 0.976420948501347
218 0.974742463451041
219 0.977282276338746
220 0.976871677062964
221 0.977491305606029
222 0.976257856252387
223 0.976226362700083
224 0.978639069507387
225 0.978347773825243
226 0.977685269364732
227 0.975594080672828
228 0.977134226719328
229 0.979887677689942
230 0.977760070112297
231 0.978762666379889
232 0.979552310652758
233 0.975895765605925
234 0.978077761331031
235 0.977910654966522
236 0.977229130191815
237 0.978836655040610
238 0.979252749423066
239 0.978083290503722
240 0.975075220960023
241 0.975296958803396
242 0.975422651106789
243 0.975860660896472
244 0.976595999430143
245 0.979054270068609
246 0.978167237287663
247 0.974770761513319
248 0.973316253194481
249 0.978346118867206
250 0.975454040236924
251 0.978355287181761
252 0.979420937887059
253 0.977677124542250
254 0.976243102337204
255 0.959089846208237
