0 4032.753558593749858
1 0.977103711818522
2 0.974641356093474
3 0.971476064577783
4 0.990825799725417
5 0.973633347776065
6 0.983584782992740
7 0.981327793996733
8 0.968267190757505
9 0.972935511167645
10 0.979627384029552
11 0.976992339120392
12 0.983506840017262
13 0.974972683772131
14 0.970321628525622
15 0.967236930418909
16 0.973729139797162
17 0.973565047936760
18 0.974321838225344
19 0.977485998849393
20 0.972370007611789
21 0.973336765216012
22 0.975985589187161
23 0.978221887809187
24 0.974853019503874
25 0.977618472173974
26 0.976921368888053
27 0.975872664931118
28 0.974450161101558
29 0.973019592888669
30 0.978735036966940
31 0.977380389362862
32 0.976347584065458
33 0.976468014720373
34 0.976652651721938
35 0.975529623148828
36 0.976637283289637
37 0.974237409108947
38 0.976464081770284
39 0.976987988374123
40 0.975728632822329
41 0.974972697508224
42 0.975556482538388
43 0.974657117659424
44 0.976458948710084
45 0.979591892648004
46 0.977284557082345
47 0.982023927702693
48 0.976059867698842
49 0.973203878433867
50 0.978614074011652
51 0.976311725234849
52 0.980495823176763
53 0.975536104347885
54 0.978064307357986
55 0.974837783296608
56 0.976248969841874
57 0.975543070144745
58 0.979839759196072
59 0.977701609602173
60 0.977624289469557
61 0.978831755283460
62 0.973860614575056
63 0.975205192144403
64 0.973349541075389
65 0.974926098377030
66 0.977785799203194
67 0.975645156238588
68 0.976351953277035
69 0.975814140986237
70 0.983097277797104
71 0.979003653425572
72 0.976123888132998
73 0.977744896765711
74 0.978193814050437
75 0.978939166085385
76 0.975263829658858
77 0.975208110605714
78 0.977632936171890
79 0.978734119910167
80 0.977709399451590
81 0.976990400842692
82 0.974395573147826
83 0.980694462921715
84 0.977660456682426
85 0.978544519243830
86 0.979326459184038
87 0.977988043618421
88 0.978370920156202
89 0.976850264941112
90 0.976016481536611
91 0.976795029542339
92 0.975728863381441
93 0.975884682857914
94 0.978913412140308
95 0.978221345210018
96 0.979290120565926
97 0.974822136878846
98 0.978782777435355
99 0.978223477373992
100 0.976357355584752
101 0.977093412819261
102 0.978378237885430
103 0.975947739786084
104 0.976837587023918
105 0.976370047534697
106 0.976916672425576
107 0.975627576287660
108 0.975200450150656
109 0.975728713810434
110 0.975909333051588
111 0.977375911051133
112 0.975783358555973
113 0.976064985502408
114 0.978364655998605
115 0.978834250258558
116 0.978803001987978
117 0.978349447628311
118 0.975889342506301
119 0.975790859091335
120 0.976043588250400
121 0.976401035625123
122 0.979863038396182
123 0.976478001691993
124 0.974707602146778
125 0.978868310821420
126 0.978410330545675
127 0.977945253845270
128 0.976657825350461
129 0.978267089381002
130 0.979150042876124
131 0.978236625810422
132 0.976436681392710
133 0.977867481246791
134 0.975602941752705
135 0.976092881646955
136 0.977403915031415
137 0.978082037264206
138 0.980491084935362
139 0.978030357694584
140 0.976805512863773
141 0.977267277228901
142 0.977173158628840
143 0.975117371071060
144 0.975743319480918
145 0.977407423804314
146 0.976558902609260
147 0.978298549808541
148 0.974975450474608
149 0.977554048225367
150 0.977995880226060
151 0.974018298117392
152 0.977297742283154
153 0.977264051525159
154 0.979260652750406
155 0.977907577434725
156 0.978518502070968
157 0.976702425872782
158 0.976398611892001
159 0.979066737365254
160 0.977883026163144
161 0.974227577976368
162 0.977419140621087
163 0.977448135905628
164 0.975887301701980
165 0.977450031340858
166 0.976861491701655
167 0.974463737882751
168 0.976749404626059
169 0.977098015036850
170 0.975893881067761
171 0.976595379363335
172 0.977616245665223
173 0.978599350615318
174 0.977095146435147
175 0.974968800368716
176 0.978238064867593
177 0.977806543869244
178 0.976043936978674
179 0.976447920691086
180 0.979113190086751
181 0.978256215278364
182 0.976430348689013
183 0.977769537249911
184 0.979660948821384
185 0.979902928350555
186 0.976368332172765
187 0.976119442756630
188 0.975817895949429
189 0.974522338199988
190 0.978408483352949
191 0.976924910392378
192 0.973174011466994
193 0.975216555693961
194 0.975657554219436
195 0.976865526551265
196 0.977029687456155
197 0.978340580230856
198 0.977769546609318
199 0.975403731769009
200 0.977458164036002
201 0.974861599419754
202 0.979287258624220
203 0.977252877673286
204 0.975766174862804
205 0.977172336251704
206 0.977629502666666
207 0.976619775223280
208 0.976258872069996
209 0.978165150310649
210 0.976083461255217
211 0.977320350522445
212 0.975602457022774
213 0.975015750563158
214 0.975050413772926
215 0.975190123761265
216 0.976718609639499
217 0.975825367311236
218 0.975544088895842
219 0.976489076187277
220 0.975675507125188
221 0.977174036351879
222 0.976673590794637
223 0.973994972720894
224 0.977087920962371
225 0.978277270000887
226 0.977060194423073
227 0.976543953822879
228 0.977485646742472
229 0.977782554289625
230 0.976660273573051
231 0.978950529353647
232 0.978501376866892
233 0.977655063323104
234 0.977395376811139
235 0.977732427481550
236 0.975281852404335
237 0.977655406563941
238 0.979121601759986
239 0.976498020277958
240 0.974541620530546
241 0.975193697745073
242 0.976694819310541
243 0.976229042658259
244 0.975955533818699
245 0.977796067363042
246 0.977563056507251
247 0.975439754967094
248 0.974159183669574
249 0.977260955364669
250 0.975355117653076
251 0.978657975765728
252 0.978023206758541
253 0.977197603163698
254 0.976408213717533
255 0.970301175858456
