0 4032.868181152343823
1 0.984667890204650
2 0.972478493986386
3 0.970659066275693
4 0.993190008080867
5 0.976264565049914
6 0.981139604920069
7 0.982547051459284
8 0.967225147643941
9 0.973190556656520
10 0.980268627762876
11 0.978201992259176
12 0.982229872193722
13 0.972473124406507
14 0.969694759973740
15 0.965120652980934
16 0.974080267008477
17 0.972370524122537
18 0.974490928405849
19 0.978007920591169
20 0.975046460631304
21 0.972198588207287
22 0.976731703189215
23 0.978816909083243
24 0.975095947951722
25 0.978086850613815
26 0.975856809975142
27 0.976785805012430
28 0.974342203377562
29 0.971895434206344
30 0.977930848876880
31 0.979289524052739
32 0.974782952412773
33 0.976005172416731
34 0.975693732787418
35 0.974268636569200
36 0.975238484656932
37 0.973340706869574
38 0.978482651118720
39 0.977589255432872
40 0.976051060309096
41 0.975269813209674
42 0.976375785277985
43 0.975950941743801
44 0.977020858439818
45 0.979349448756537
46 0.977460328255198
47 0.982087041017499
48 0.976728835416612
49 0.973560056218434
50 0.980623952721757
51 0.975834177491857
52 0.980324513081177
53 0.975724732533383
54 0.978659530958414
55 0.975956531218758
56 0.976168744369835
57 0.975830681591079
58 0.980113694384218
59 0.978230740941077
60 0.976574234483788
61 0.979722686484723
62 0.974186896966008
63 0.976899583096507
64 0.973492858754168
65 0.975519307556721
66 0.977552386975460
67 0.975977473512844
68 0.974794974260534
69 0.975083310685563
70 0.982670750342964
71 0.978227011381580
72 0.975579012702935
73 0.977679783613607
74 0.978615902210526
75 0.978658086328393
76 0.974747436860177
77 0.975243448627106
78 0.978877405063779
79 0.979153773203085
80 0.977371086792102
81 0.976666383332794
82 0.975176723627003
83 0.979735499262897
84 0.976497918921399
85 0.978276760117806
86 0.979107733849771
87 0.978412850233632
88 0.979636140431092
89 0.976253993593870
90 0.974902829874410
91 0.976360174093438
92 0.976456098819851
93 0.976128611757377
94 0.979598350887652
95 0.977565597852185
96 0.978861506931833
97 0.974810805514291
98 0.979324978974181
99 0.978441287980017
100 0.976785908126582
101 0.977423478330247
102 0.978923641041398
103 0.975413952184992
104 0.976272054967128
105 0.975587912004998
106 0.976547869311100
107 0.974834517904266
108 0.974995919899132
109 0.975849083853607
110 0.975406585208957
111 0.976962262369598
112 0.975775420873827
113 0.976185144507137
114 0.978566228276952
115 0.978442146668854
116 0.978659164090446
117 0.979076706006032
118 0.975801702529151
119 0.975798742879317
120 0.976770796840975
121 0.975794532992586
122 0.979657917752437
123 0.977102510835775
124 0.975117600511542
125 0.978380630608796
126 0.978039343100408
127 0.978450858244863
128 0.976865822677032
129 0.978275175693770
130 0.979950336264809
131 0.978479288544905
132 0.975660864192154
133 0.977667139478875
134 0.976282559918285
135 0.976121649089218
136 0.977373443369773
137 0.977926302146105
138 0.979672832397883
139 0.978696905066480
140 0.977250979882131
141 0.977363118725475
142 0.976676313540242
143 0.975796182117608
144 0.975552305331225
145 0.977488279195083
146 0.976983144463851
147 0.978218183235161
148 0.975445273139613
149 0.978112684002093
150 0.977962539344695
151 0.973589716438814
152 0.977212161499487
153 0.977513654008148
154 0.979479584440114
155 0.977977787603167
156 0.978589525946359
157 0.976481981723123
158 0.976380890189421
159 0.979297138236084
160 0.977428691325315
161 0.973530508834460
162 0.978062708197022
163 0.977392185352067
164 0.975261519137527
165 0.976377438035905
166 0.976762032266857
167 0.974612945353141
168 0.977273539325114
169 0.977747278397442
170 0.975412838950413
171 0.976457105930586
172 0.976909451352413
173 0.978423181574772
174 0.976361382562721
175 0.974743052230971
176 0.978186093774182
177 0.978240445400326
178 0.975863384789433
179 0.976017102912452
180 0.978740034605738
181 0.977582461161013
182 0.976154810712892
183 0.978412773317946
184 0.979876459398848
185 0.979709145900130
186 0.976776518066458
187 0.976225161465231
188 0.975340225357630
189 0.974186207031463
190 0.978310149624157
191 0.977416925788364
192 0.972640603509819
193 0.974683940894557
194 0.976019550191509
195 0.976746798203616
196 0.977092737387694
197 0.978035530001922
198 0.977126702016791
199 0.975305419799397
200 0.977254870264383
201 0.974024535744648
202 0.978735078988606
203 0.977746398691671
204 0.975559434868038
205 0.977100852106473
206 0.977275811476445
207 0.976634785988267
208 0.976712562680637
209 0.977882366491281
210 0.975975060068462
211 0.977504611043577
212 0.975232178354587
213 0.975206284683198
214 0.974357741409994
215 0.975164155569306
216 0.976702079316260
217 0.976391130771369
218 0.975998914325438
219 0.977033822859515
220 0.976382976066609
221 0.977995143573354
222 0.976484561094688
223 0.974702489897947
224 0.977059047243676
225 0.977865526517642
226 0.977099269636722
227 0.976133604341768
228 0.978273355806659
229 0.977705615063617
230 0.976243956488803
231 0.979646851648980
232 0.978588655351358
233 0.977242005669953
234 0.977705594354030
235 0.977612892840571
236 0.975606949562360
237 0.977616193076980
238 0.979133646918354
239 0.976611157774229
240 0.974530344903015
241 0.975011528094855
242 0.976852642017864
243 0.975842574004040
244 0.976579930699243
245 0.978049776230467
246 0.977679193914809
247 0.975242796336296
248 0.974017771731800
249 0.977170671127226
250 0.975213446451543
251 0.979159468836944
252 0.977835679431305
253 0.977345283651279
254 0.976411709228434
255 0.968884918898096
