0 4033.041131591796784
1 0.968071861584904
2 0.981457146347038
3 0.955664438382992
4 0.979611823426878
5 0.977018150017724
6 0.984534402916187
7 0.982109173718071
8 0.954661512391750
9 0.971479996273906
10 0.976176658682591
11 0.975477852341582
12 0.990906686457448
13 0.971078433190212
14 0.972717834946845
15 0.966339336688499
16 0.966317345407154
17 0.971855848467850
18 0.975431486797404
19 0.981458585254281
20 0.970533447014146
21 0.966099313238811
22 0.972632038358915
23 0.979099864824390
24 0.969555972100757
25 0.972340694314159
26 0.972578655934566
27 0.976219174148143
28 0.966169797589356
29 0.972810610303202
30 0.978926469506842
31 0.978404058231574
32 0.977471653033501
33 0.976218432738049
34 0.977826485233970
35 0.971191275333828
36 0.975019524180503
37 0.972608297347276
38 0.978349369817361
39 0.975679953969631
40 0.975517806259042
41 0.974371154665983
42 0.979311553609531
43 0.973026446608217
44 0.982931723496414
45 0.979893207057182
46 0.974163317581036
47 0.986312695438704
48 0.975440088038984
49 0.977099364439677
50 0.980116224764787
51 0.977788716112272
52 0.980904783014655
53 0.977402700040961
54 0.980632801607108
55 0.972484548549474
56 0.981332397823182
57 0.974010846784227
58 0.985178189770457
59 0.979070805962771
60 0.976172327190611
61 0.978435941775261
62 0.974057453855624
63 0.977035511701058
64 0.972842934979107
65 0.977688151028917
66 0.976968879546218
67 0.978460606184141
68 0.974732511616688
69 0.977692322726890
70 0.985018321214197
71 0.978995618510964
72 0.977570461335366
73 0.980626911399768
74 0.979260917098607
75 0.977874756231718
76 0.971754978276179
77 0.973317046996053
78 0.978966918377752
79 0.979915269637396
80 0.977253862907123
81 0.975464480326981
82 0.976785859447676
83 0.977949775737621
84 0.978618688381611
85 0.981060125227859
86 0.976296623521038
87 0.979601922632696
88 0.978740952334223
89 0.975143098781337
90 0.979055641079412
91 0.974305239772522
92 0.976249259594095
93 0.978695736941554
94 0.981674718410829
95 0.976942698539646
96 0.979278950722860
97 0.974288503773706
98 0.978149894785614
99 0.982983477824915
100 0.976440918472697
101 0.978084902785840
102 0.979087108859738
103 0.974035355150161
104 0.973890505540984
105 0.975370145498685
106 0.976659003936695
107 0.975362356011203
108 0.972647650734482
109 0.976069287866244
110 0.975820472494820
111 0.976626680837978
112 0.980114755731103
113 0.976541249292627
114 0.975868499604716
115 0.978582271790452
116 0.978062069245499
117 0.978232581814033
118 0.975549228834740
119 0.976031596139103
120 0.977009634006063
121 0.973800880595966
122 0.977889145986386
123 0.978446409660368
124 0.973316771692287
125 0.974489404139566
126 0.978961665787430
127 0.978099047670405
128 0.976439395297556
129 0.978896518252710
130 0.979790310568638
131 0.980329615745434
132 0.976637849640685
133 0.981247166187922
134 0.976351685797380
135 0.976542330139497
136 0.979936848905342
137 0.977094787646242
138 0.979876749966438
139 0.978509571501647
140 0.976458029359420
141 0.977021373486042
142 0.976510655176058
143 0.978088524509530
144 0.977861867862127
145 0.977032151414659
146 0.978900880438239
147 0.977149170787773
148 0.973328591303238
149 0.977578048484628
150 0.974643087218400
151 0.975382464302417
152 0.978276387897384
153 0.977619230571902
154 0.977558563839149
155 0.977078175785464
156 0.977789462633799
157 0.975043766727567
158 0.975904475895569
159 0.978451085396657
160 0.979033009322993
161 0.975809631658934
162 0.979637015641402
163 0.975855002221479
164 0.974819121024778
165 0.976072668807709
166 0.978627268307215
167 0.974346998691412
168 0.976994275631365
169 0.978069049301790
170 0.974880512938403
171 0.978497188597377
172 0.976926150071847
173 0.976445014978518
174 0.976221260065682
175 0.973252209833292
176 0.975326559259570
177 0.977086053873733
178 0.974359380113934
179 0.974686349855685
180 0.979968122653220
181 0.977482218840484
182 0.975369811716964
183 0.979713327088053
184 0.980416960278613
185 0.980172663376139
186 0.976776294927648
187 0.975293101862004
188 0.973584397353370
189 0.975450255346188
190 0.979236452287706
191 0.977848614850762
192 0.973476252233590
193 0.972866476459332
194 0.974199541724078
195 0.977979339447242
196 0.976839519760983
197 0.980130205321616
198 0.976573523272273
199 0.974510762421202
200 0.977863349012439
201 0.972674221076833
202 0.979097852852249
203 0.979716841771949
204 0.974356714416952
205 0.979694667598757
206 0.976977697830666
207 0.976808280258139
208 0.979376455831500
209 0.977548430078574
210 0.976646503355749
211 0.980875581220409
212 0.973460631833553
213 0.975101939120085
214 0.971896845692742
215 0.975529148241908
216 0.975288359139239
217 0.976980428247518
218 0.974658906068306
219 0.976045635236273
220 0.977193363293862
221 0.978713949339161
222 0.975951387273379
223 0.976840161545119
224 0.977029512634239
225 0.977642141273822
226 0.978058425593723
227 0.975360000688529
228 0.977666676549806
229 0.980436822243657
230 0.978396226155056
231 0.977998154659207
232 0.979201300951391
233 0.975562604047944
234 0.977321093220546
235 0.978510855657876
236 0.977220622947610
237 0.977374179285140
238 0.979895606976369
239 0.977818650911824
240 0.974458052032656
241 0.976969446928827
242 0.973482578135941
243 0.975146445207512
244 0.975894109563082
245 0.980639648806338
246 0.978263922929538
247 0.974787346325577
248 0.973971344791582
249 0.979327096407650
250 0.976486491842686
251 0.978477850423138
252 0.978923067220509
253 0.977030282642797
254 0.975303778460480
255 0.962124389221663
