0 4032.788208007812500
1 0.991820645797000
2 0.966472100892533
3 0.971644660182705
4 0.989460346961945
5 0.978921065363778
6 0.974961756576423
7 0.986788177576696
8 0.963782229234793
9 0.972973276191069
10 0.982489478135844
11 0.979257482269962
12 0.988255121435982
13 0.972589021021734
14 0.968240699247133
15 0.964444413936597
16 0.971886730741545
17 0.973654692316548
18 0.973734886535896
19 0.978510261384279
20 0.973988205722188
21 0.971648997335380
22 0.976001754964091
23 0.982080729960728
24 0.973944439355322
25 0.977492734686111
26 0.975886457254021
27 0.975599136613545
28 0.972920350260519
29 0.972173537597438
30 0.977273408381404
31 0.979556346209841
32 0.977624022221906
33 0.975938337629691
34 0.974737844929124
35 0.973991205142868
36 0.974637846882736
37 0.973016099285019
38 0.978976550488532
39 0.978005785042703
40 0.976206789613687
41 0.974242299842957
42 0.977515720864943
43 0.976888525648991
44 0.979760872029536
45 0.978558451734364
46 0.974089011052245
47 0.982525036702673
48 0.977201462759248
49 0.974465447964717
50 0.981929803452805
51 0.976550211353280
52 0.979947754980365
53 0.975372596171073
54 0.978240351553989
55 0.975692626336103
56 0.976931740887111
57 0.975390781836251
58 0.980432285995704
59 0.979482716561580
60 0.976772735710190
61 0.979844256534644
62 0.973947442623358
63 0.975161181940862
64 0.972075751406188
65 0.977017540204065
66 0.976151349560879
67 0.976740876541258
68 0.974678305112920
69 0.972873194380689
70 0.983364694755702
71 0.978335720137146
72 0.976159306571533
73 0.977573138452887
74 0.978769243219001
75 0.977804221176641
76 0.973791422794056
77 0.974457764109089
78 0.978817607200465
79 0.979746501446023
80 0.976697495044078
81 0.977104121978322
82 0.974822739843210
83 0.980050330531103
84 0.975207560397799
85 0.978674559110200
86 0.979551570941102
87 0.978214062423329
88 0.979366059275054
89 0.976205082365280
90 0.975117413410150
91 0.976369953365124
92 0.976905354521382
93 0.975743998058290
94 0.980685871408114
95 0.978705568055511
96 0.977845929349238
97 0.974185072917744
98 0.978879327099593
99 0.978479853407393
100 0.976134979750736
101 0.977779134935864
102 0.980103355763619
103 0.975316430469924
104 0.976457576312483
105 0.976049427192126
106 0.976942845525333
107 0.976246958910318
108 0.974953233993487
109 0.975041448746910
110 0.975208273734279
111 0.977626177373956
112 0.975393012311302
113 0.976694157597933
114 0.977747310599288
115 0.978465729001801
116 0.978391022885156
117 0.978794987532286
118 0.975470666031501
119 0.975482319313670
120 0.976800391832215
121 0.975566940674681
122 0.979513462992105
123 0.977769898415640
124 0.975725523346499
125 0.977799796899011
126 0.977927252103291
127 0.978094813927940
128 0.977506119039448
129 0.979614333081170
130 0.979889091441593
131 0.978914337695353
132 0.975977861662878
133 0.978235293075035
134 0.976868309439113
135 0.975997901789562
136 0.977719801578743
137 0.977318530672567
138 0.979123761677810
139 0.978268485550880
140 0.977573699310192
141 0.976824286372600
142 0.976362512821429
143 0.975263197925368
144 0.975876358026415
145 0.977677230369610
146 0.977397186532789
147 0.979645609280466
148 0.975131591189713
149 0.978282905489377
150 0.978020320407616
151 0.973869395335330
152 0.977302407603090
153 0.977565891035709
154 0.979252946581968
155 0.977646367726324
156 0.979074889266537
157 0.976891860898216
158 0.976737248923489
159 0.978892925438486
160 0.976809559198484
161 0.973656701657358
162 0.978847384750921
163 0.977905075358364
164 0.975391556275593
165 0.975655098769176
166 0.977009277138939
167 0.974478611320399
168 0.976961883436736
169 0.977562546458687
170 0.975779775703987
171 0.976588519430340
172 0.976762505238510
173 0.976863213550107
174 0.976530272412260
175 0.975002103106805
176 0.977947488206332
177 0.977788222783517
178 0.975671845643219
179 0.976098356411812
180 0.978511763790272
181 0.976909626412575
182 0.975966826056901
183 0.977248773121809
184 0.980375122559656
185 0.979556463089276
186 0.976411512148122
187 0.976044873252680
188 0.974830937800045
189 0.974300125114142
190 0.978376746199491
191 0.977180029357642
192 0.973277033633397
193 0.974900048534064
194 0.976173504298053
195 0.977803501290828
196 0.977679310852779
197 0.977943328320337
198 0.977088372634459
199 0.974610692998040
200 0.977603025253490
201 0.974573541160052
202 0.978924858630373
203 0.977977528514079
204 0.975364383567462
205 0.977085693379310
206 0.977080125237512
207 0.976935193573535
208 0.977654312486971
209 0.978519772497793
210 0.974726359443098
211 0.977633134119390
212 0.975603636378846
213 0.975338854930810
214 0.974167815550890
215 0.974968265641420
216 0.975289153541214
217 0.976738007538061
218 0.976022731736499
219 0.977062784136293
220 0.976389250809274
221 0.978782163734840
222 0.976346426559150
223 0.974080984225858
224 0.977201233015682
225 0.978642961774436
226 0.977611264974379
227 0.976283890108761
228 0.978086691601068
229 0.977837646164862
230 0.976587990103109
231 0.979453238852812
232 0.978376664899202
233 0.976820709502905
234 0.977627201042474
235 0.978030272759391
236 0.975901658847346
237 0.978271131277561
238 0.978029403739931
239 0.976557073626767
240 0.973583805202091
241 0.974817109900921
242 0.976731115459008
243 0.975351171039114
244 0.976319103266595
245 0.977508455390159
246 0.977047839808852
247 0.975040900992389
248 0.974010518447627
249 0.977262679738263
250 0.975357358476465
251 0.979611124201924
252 0.977770688820806
253 0.977894751986706
254 0.976713676449892
255 0.969487062496134
