0 4033.381380208333212
1 0.943820117366073
2 1.009026171535879
3 0.958335304004654
4 0.984594606525258
5 0.971617989806434
6 0.986195371063395
7 0.973844235814405
8 0.951252802867460
9 0.972918001715658
10 0.976567209387989
11 0.975005228212151
12 0.991844681869851
13 0.971400735911494
14 0.984526979767097
15 0.962072098839155
16 0.961648100766517
17 0.970050657972134
18 0.969463612051896
19 0.982910639358179
20 0.970651536676627
21 0.970805584107655
22 0.976105156146739
23 0.978972630731205
24 0.969843208085404
25 0.966737939472928
26 0.975904034309196
27 0.978084757077876
28 0.970470218777782
29 0.971493205658635
30 0.984513816272845
31 0.977049207231226
32 0.975763143637798
33 0.970643909204845
34 0.978613645140768
35 0.969678057193661
36 0.976103627052727
37 0.972316066623959
38 0.975813031596639
39 0.977636520268591
40 0.973574635209817
41 0.978485131902298
42 0.980231554040116
43 0.969877085798951
44 0.981155526816349
45 0.983407209649937
46 0.976064752014816
47 0.983021944018036
48 0.978348131304708
49 0.978061359020475
50 0.982403084697232
51 0.975930987302925
52 0.978571747611790
53 0.973764227995750
54 0.984553068117344
55 0.973652717479653
56 0.978771323437023
57 0.974029398914226
58 0.984692516322470
59 0.979954424416717
60 0.976086441219356
61 0.978370950299302
62 0.974061200497705
63 0.979770137840371
64 0.976898631316288
65 0.974607700954179
66 0.974947720951347
67 0.978279279832229
68 0.974124795381442
69 0.975838652395012
70 0.982589124486508
71 0.978633697177424
72 0.978863293343821
73 0.982425776086224
74 0.980981838429176
75 0.976024582447065
76 0.971504292762447
77 0.976006880238219
78 0.978038409529468
79 0.979721263255366
80 0.979004104284215
81 0.976973679215976
82 0.976364137334699
83 0.976080835722343
84 0.979114135004689
85 0.979594675156547
86 0.974846301171377
87 0.979170642753043
88 0.978457028993339
89 0.977729760232616
90 0.977804342033145
91 0.974044811159630
92 0.974907335715742
93 0.977642558685561
94 0.979220035539173
95 0.976820872443164
96 0.981539416820704
97 0.971579580465964
98 0.978007339849880
99 0.983819809896495
100 0.976551851321160
101 0.978547635701350
102 0.978225229485817
103 0.973865103583842
104 0.974203504980928
105 0.975079379148411
106 0.975146241247007
107 0.976639326822683
108 0.973647390842368
109 0.974604295100614
110 0.975623506617138
111 0.978636520258475
112 0.978505195131374
113 0.976460122425886
114 0.977549704447546
115 0.979471115544139
116 0.981874009156799
117 0.977866430677104
118 0.975933994857661
119 0.975021846760968
120 0.975214372699700
121 0.972914059981512
122 0.978303983955826
123 0.978212782067975
124 0.971045116587145
125 0.975631946398074
126 0.978766330086629
127 0.974837969432746
128 0.979253968865692
129 0.978485019904703
130 0.980767486530095
131 0.980201791213563
132 0.978609233108559
133 0.979558756601887
134 0.974131018311424
135 0.978646812929165
136 0.981150191737975
137 0.974910855241709
138 0.980701499922699
139 0.978412299201083
140 0.977807249272639
141 0.976566676074029
142 0.973120089239233
143 0.976173204131483
144 0.977838674744419
145 0.977776449370041
146 0.976374030103458
147 0.975164726155917
148 0.973028687217286
149 0.975825063332796
150 0.975363319944686
151 0.976184428687466
152 0.978148073114662
153 0.979821797079120
154 0.976187078747895
155 0.978230035152779
156 0.979143427608180
157 0.977076480784230
158 0.977107808261672
159 0.978718356781227
160 0.979925216680467
161 0.975604505621827
162 0.979736555446661
163 0.975176264507937
164 0.973442666126130
165 0.974560274919317
166 0.976589825608352
167 0.974139684076575
168 0.975590940766938
169 0.977094483666925
170 0.973584739487903
171 0.977814565030683
172 0.976998105458058
173 0.976787670597431
174 0.976430060265405
175 0.972467140024798
176 0.973905132406818
177 0.978330848169734
178 0.972532454810745
179 0.973787027519550
180 0.980209207027975
181 0.976518928489010
182 0.975515709413607
183 0.979514425050691
184 0.980829026546756
185 0.979211618730100
186 0.977681284864959
187 0.977849209578006
188 0.972855035477009
189 0.974762769600096
190 0.979371744060197
191 0.976889944165330
192 0.972898695154213
193 0.973292051567262
194 0.974834619759468
195 0.976464243238994
196 0.976676654781919
197 0.981387515149039
198 0.975597206746652
199 0.975640485539906
200 0.977645207229627
201 0.971980796234715
202 0.979501503087832
203 0.979230581289698
204 0.974718866220687
205 0.980245937554485
206 0.976200935406772
207 0.976869828059748
208 0.979288118318249
209 0.978460787147004
210 0.974776600878747
211 0.982771510925438
212 0.976380267478325
213 0.975197458059208
214 0.972833562758773
215 0.976469847346721
216 0.976211030340713
217 0.978432887183033
218 0.973356402491540
219 0.975213874645198
220 0.978090353428741
221 0.979275105985741
222 0.975641925508257
223 0.977229887936837
224 0.975947942540939
225 0.977531299166595
226 0.978879734182693
227 0.974673634151407
228 0.978183873357613
229 0.979837448278558
230 0.978370919232508
231 0.977898415458859
232 0.979251013473629
233 0.975357900836120
234 0.977930376627720
235 0.978866783859039
236 0.978787106516080
237 0.978217820188138
238 0.979332123855260
239 0.976984454494610
240 0.974631846393467
241 0.978378395913107
242 0.971156635516055
243 0.976814484811563
244 0.978042274439799
245 0.980443352299293
246 0.977743781008469
247 0.974388963869263
248 0.975413468669844
249 0.978539704230396
250 0.975984304049148
251 0.979411735976030
252 0.979393125210827
253 0.976217512661629
254 0.974655018675192
255 0.968657846543933
