0 4033.100130615234320
1 0.928178476847825
2 1.025569320715149
3 0.941224662570472
4 0.983464665879078
5 0.983898518765054
6 0.984057421216308
7 0.979988186166363
8 0.963002838967828
9 0.972823816415527
10 0.974625668208002
11 0.978080575773382
12 1.004637942139785
13 0.968808537273090
14 0.976597825483960
15 0.965889802107694
16 0.958383407962302
17 0.969941650028012
18 0.954682087049051
19 0.979240657906674
20 0.973474314430209
21 0.968017107155904
22 0.980505739352261
23 0.984089846277104
24 0.968845266788368
25 0.966981400747789
26 0.984177358160042
27 0.973253082858241
28 0.967835127801454
29 0.978986539514616
30 0.989543529909058
31 0.975614501975659
32 0.976714680879385
33 0.962848220765552
34 0.978845589858985
35 0.961990617483495
36 0.968661913170955
37 0.970487404017116
38 0.982076212128330
39 0.973320205345223
40 0.972645880231250
41 0.976955453260992
42 0.977135245450805
43 0.971988757677283
44 0.981292659031195
45 0.981411311296956
46 0.971211506142410
47 0.980740763559542
48 0.979460573975939
49 0.983293520333057
50 0.980601090977699
51 0.981185064344779
52 0.979682459594604
53 0.982667705206548
54 0.982798544035271
55 0.976334811219276
56 0.981240469175536
57 0.976185283865453
58 0.984518160942939
59 0.979784336986098
60 0.978161079008893
61 0.978614170212959
62 0.970407558895070
63 0.973518185802398
64 0.980550272954913
65 0.977976069261379
66 0.976876998513833
67 0.973129986952926
68 0.974445981365651
69 0.977278143626840
70 0.988989648973132
71 0.971788018687103
72 0.979327522729845
73 0.982936290649465
74 0.979672301498226
75 0.978736908305572
76 0.971603442211187
77 0.981132631668696
78 0.979065395983999
79 0.978969342296227
80 0.984610304220024
81 0.978407507203552
82 0.977203189251183
83 0.971933047511204
84 0.978310901892553
85 0.977887788306220
86 0.971163872289378
87 0.975467663500016
88 0.976955956363629
89 0.979150043193079
90 0.970589447918810
91 0.972697060960583
92 0.971146490640670
93 0.981007835032605
94 0.977222653828947
95 0.976452833217654
96 0.980582364389328
97 0.973113688720087
98 0.976792622068052
99 0.983176246780425
100 0.977626955466463
101 0.976392279017503
102 0.976654841204581
103 0.968899199931999
104 0.971959404802593
105 0.976374308400194
106 0.974610489072444
107 0.976082953881355
108 0.973735943987463
109 0.971543202966898
110 0.971780788809203
111 0.979003527270981
112 0.978616356381643
113 0.977182268888365
114 0.977980104336822
115 0.975498315082814
116 0.983975632950835
117 0.972216431605837
118 0.976823076536259
119 0.975523900101441
120 0.975725773779396
121 0.970814188198637
122 0.978317505592722
123 0.978769244325861
124 0.974659374858606
125 0.974423274183194
126 0.979194733104137
127 0.976162980043173
128 0.979152598146894
129 0.977630348538461
130 0.982718581776365
131 0.980919364105196
132 0.974898020768912
133 0.979086381732201
134 0.972115258958824
135 0.976192820314587
136 0.983320166379742
137 0.972720282326130
138 0.980694378913109
139 0.980257121262715
140 0.976896238917513
141 0.980179726568901
142 0.971785007095494
143 0.979312291571853
144 0.976273836614975
145 0.976549708393762
146 0.975620259163813
147 0.974775728449291
148 0.973095338039138
149 0.976601603030783
150 0.976709120630077
151 0.976706541749724
152 0.977136248284400
153 0.979933364088339
154 0.974404508706616
155 0.982514601124468
156 0.977874337988352
157 0.978908162711887
158 0.974181783550489
159 0.978906258893822
160 0.979225094076711
161 0.977481251900738
162 0.978916295732736
163 0.972106378452637
164 0.978136394858887
165 0.977751881029905
166 0.976174541025406
167 0.974555718034991
168 0.974606348804132
169 0.979007204116458
170 0.970129135981814
171 0.976325759696399
172 0.977648465032605
173 0.973341969672171
174 0.977813010859425
175 0.970266510910881
176 0.974291565929712
177 0.976625293494848
178 0.972117074329724
179 0.970357392226111
180 0.976882422082738
181 0.975350796632155
182 0.973712359934897
183 0.978983493202271
184 0.985081055391697
185 0.978825278989976
186 0.973838752399664
187 0.975950987578691
188 0.972862923054324
189 0.973191875114516
190 0.979238858321550
191 0.979813576769652
192 0.971737355816156
193 0.974529037990231
194 0.979033780388598
195 0.974773896308121
196 0.978030103321099
197 0.982223084832071
198 0.974439328437355
199 0.974044996810818
200 0.976918884440145
201 0.972440915815516
202 0.982230972179605
203 0.979607166792188
204 0.974134419504289
205 0.979312517956850
206 0.974850715494985
207 0.976244534053733
208 0.980747059567928
209 0.976641128085395
210 0.974641005781538
211 0.982164111594246
212 0.975773733716925
213 0.980010716566813
214 0.971838952059093
215 0.976370844243415
216 0.976210166436702
217 0.977113256491005
218 0.973448147740820
219 0.974412735736656
220 0.979066803690845
221 0.980173156481626
222 0.974339537030224
223 0.979020338943893
224 0.972575582842993
225 0.978878719815839
226 0.978463838611301
227 0.974617507004169
228 0.977255140469790
229 0.980030675935258
230 0.979633419970018
231 0.975947472989414
232 0.979370948485956
233 0.976005875138693
234 0.978524666096158
235 0.979883265139336
236 0.979257781730377
237 0.978608556168681
238 0.979066279024001
239 0.977890123904558
240 0.973344552874425
241 0.981469880511928
242 0.972037564123132
243 0.980746024177024
244 0.978515580509037
245 0.980506094858472
246 0.978753046908006
247 0.974377483252366
248 0.977346478445724
249 0.979724297692829
250 0.976143182787948
251 0.976777102674924
252 0.978253578930160
253 0.975935286524367
254 0.976221160944200
255 0.965191321266304
