0 4032.673981933593950
1 0.943186847894685
2 1.018572831506026
3 0.929001478227554
4 0.949970606521780
5 0.957666306748222
6 1.008871289444231
7 0.966463176110095
8 0.942344832904559
9 0.977234198729337
10 0.974059022428958
11 0.968372090623022
12 1.005598744377547
13 0.963954843081794
14 0.973857816470597
15 0.965073663880322
16 0.957954691959903
17 0.969622754750242
18 0.959136543848885
19 0.969522095769604
20 0.959966076750720
21 0.967287048931669
22 0.975703430340693
23 0.985701792213688
24 0.959099865377349
25 0.975909883154956
26 0.990071328679437
27 0.987027837843544
28 0.972179666079399
29 0.981268096641384
30 0.987297632040890
31 0.981885198783079
32 0.976192318937490
33 0.964142418685045
34 0.983714692480784
35 0.958910966256603
36 0.973364286911486
37 0.982931950405924
38 0.976716654637485
39 0.971497355772105
40 0.979677462931699
41 0.973474692582553
42 0.980152666345105
43 0.965242382337477
44 0.975181955168264
45 0.979009765056925
46 0.970151389940088
47 0.975870565726804
48 0.973826910672827
49 0.969995145060319
50 0.982266992330624
51 0.978547117839566
52 0.974085940274794
53 0.981941300656244
54 0.986439279505081
55 0.974484742349515
56 0.983133057467965
57 0.975174871197002
58 0.980143922140380
59 0.981124289657780
60 0.980539810873359
61 0.980803335438064
62 0.974464864140249
63 0.976003624247934
64 0.984214429316792
65 0.986833600278490
66 0.977496980711871
67 0.965015072614871
68 0.975238175777385
69 0.968595019665914
70 0.991959434035961
71 0.969091307940551
72 0.982163840006217
73 0.986978243842315
74 0.979393607613680
75 0.978076428957823
76 0.969307272332976
77 0.981723580454118
78 0.979819722047684
79 0.972458853202067
80 0.979589966196804
81 0.977955588426323
82 0.975641984225720
83 0.979445539159765
84 0.977206676532017
85 0.972041814412534
86 0.974926757584686
87 0.970732696106427
88 0.980005728659055
89 0.979155133863064
90 0.971867596177023
91 0.971145566062552
92 0.972587598228482
93 0.986296930646399
94 0.983873402776252
95 0.981265423017791
96 0.978229152485828
97 0.974899925488336
98 0.980207225995865
99 0.986809400732604
100 0.978483933584802
101 0.978481799346037
102 0.975133778680554
103 0.968450950966492
104 0.974169982558987
105 0.981626681094105
106 0.975617632180514
107 0.972455713564127
108 0.977480073977819
109 0.967497971449423
110 0.969346079071212
111 0.976347378206040
112 0.979449916970309
113 0.977248913614100
114 0.972495611696805
115 0.966745164270980
116 0.985571875619181
117 0.968726958654173
118 0.973230811361644
119 0.980787807190621
120 0.973245208001532
121 0.967485598616654
122 0.970894908690252
123 0.970805369645593
124 0.971353763672096
125 0.977038482288952
126 0.975760895763338
127 0.977131596492164
128 0.983542032990171
129 0.974989193416540
130 0.984455490655084
131 0.981654433387359
132 0.977044508076387
133 0.980945909565599
134 0.973620670391104
135 0.972528941173915
136 0.985172424580445
137 0.974520387641958
138 0.979230338613115
139 0.981047734128893
140 0.976797411846230
141 0.979438973186223
142 0.974453006451116
143 0.979109255803515
144 0.974785662604664
145 0.980145283394484
146 0.976969024987798
147 0.980136762494030
148 0.977410121586348
149 0.975797427601494
150 0.975792914055621
151 0.975028923897954
152 0.973319441489341
153 0.981609043163729
154 0.973323332968402
155 0.981548306043885
156 0.974714825716379
157 0.981200789119183
158 0.978328716012526
159 0.981974405156679
160 0.975026956324515
161 0.979357581441004
162 0.980999199849027
163 0.970167484490117
164 0.981652500068782
165 0.981534275315522
166 0.982601831566454
167 0.974466225133650
168 0.978062593815659
169 0.980906829389860
170 0.974415563685972
171 0.978944834359412
172 0.982298890948263
173 0.968458342317743
174 0.978753435039652
175 0.973084814178253
176 0.979096698947486
177 0.973907111085450
178 0.969942063438035
179 0.969568335514945
180 0.977971534474656
181 0.975680094190525
182 0.977590802391536
183 0.978986236508066
184 0.992113724326793
185 0.980073058928909
186 0.968360880974037
187 0.969944735103418
188 0.980329266403821
189 0.971601183666308
190 0.978570039675332
191 0.978230184443498
192 0.969415547980152
193 0.970529814020005
194 0.980380661840824
195 0.975027014166443
196 0.976528294263028
197 0.979265157734811
198 0.971910671620252
199 0.974104996044167
200 0.976845566299143
201 0.974236285699134
202 0.980079334626073
203 0.980822150833446
204 0.973358198846493
205 0.981321141199275
206 0.980845071225674
207 0.976783953366918
208 0.984759433538411
209 0.970739027599287
210 0.968004758200598
211 0.982992898693455
212 0.973685972886801
213 0.978519846276136
214 0.970028375932445
215 0.979254001226493
216 0.973934059346746
217 0.973080519824321
218 0.974763310397500
219 0.976767933712547
220 0.978989471404536
221 0.984467335009644
222 0.969726016223016
223 0.974919643791346
224 0.973336308259913
225 0.977625076963532
226 0.980576377651730
227 0.973395564405837
228 0.976437402438246
229 0.980705585664330
230 0.980861786283876
231 0.975648230330082
232 0.978220319052199
233 0.973310501198295
234 0.977847935664929
235 0.980137764563602
236 0.981193552171136
237 0.978568248161816
238 0.981213225184618
239 0.978645460861660
240 0.973409034449064
241 0.982308813774308
242 0.974501004470982
243 0.979457645445525
244 0.979468208714581
245 0.978962098915844
246 0.978500063882478
247 0.977154062231296
248 0.977069206205545
249 0.980737493563201
250 0.973796836238639
251 0.975347728471600
252 0.979537354109400
253 0.975609763747870
254 0.976235710625966
255 0.979638922879547
