0 4032.796398518880324
1 0.980458066962407
2 0.957470891653259
3 0.962132608635822
4 0.996675147023308
5 0.979324811871052
6 0.975280357107028
7 0.980205863654234
8 0.956547594865324
9 0.977038632767310
10 0.981015456628248
11 0.983054640248853
12 0.991386857586035
13 0.967743068287267
14 0.966649652639047
15 0.964052453135252
16 0.968362260064837
17 0.968337572331192
18 0.973066849138296
19 0.979538283487964
20 0.977425090859595
21 0.972227873381971
22 0.973476129791503
23 0.985027418705894
24 0.971266628646414
25 0.974146914730703
26 0.977350911846356
27 0.974744693334871
28 0.968889987103741
29 0.974243425687097
30 0.978929861538655
31 0.976905632290252
32 0.976712313803982
33 0.974242842281153
34 0.974578779356314
35 0.972782546544976
36 0.976464923641258
37 0.971570279179878
38 0.977957890044481
39 0.977923290680674
40 0.974820263286162
41 0.975359431665462
42 0.976683619650431
43 0.974425426637076
44 0.981713452420694
45 0.977640652390626
46 0.972543925410031
47 0.983712721857676
48 0.974521864432759
49 0.973590936754185
50 0.982633441002950
51 0.976959185810560
52 0.980470272605909
53 0.976334457777375
54 0.977857642178442
55 0.973944440404940
56 0.977901553501202
57 0.976311938754994
58 0.981694936849772
59 0.979498620436373
60 0.975700186739283
61 0.980811673985821
62 0.971838654297733
63 0.976388611420439
64 0.972564676424034
65 0.977513982043566
66 0.977412060039812
67 0.975790105515090
68 0.973764310439384
69 0.973506647158653
70 0.983480798352085
71 0.977742224267407
72 0.975797171343108
73 0.978323615821320
74 0.980135825982358
75 0.977011369049288
76 0.972987263322740
77 0.973957923891331
78 0.978427238144648
79 0.980041446897076
80 0.976367952264123
81 0.978239333269574
82 0.976406902211566
83 0.979129911663401
84 0.976763418541830
85 0.978851034857001
86 0.977862749467389
87 0.981105938552270
88 0.980237177059650
89 0.976590362022711
90 0.976113478009680
91 0.975133306624434
92 0.977466074198424
93 0.977596214090276
94 0.980755743608602
95 0.978333215981067
96 0.978914367220694
97 0.973233008336964
98 0.978505502559963
99 0.978667992378108
100 0.976069591107697
101 0.976491466071626
102 0.980377935516025
103 0.972904596867886
104 0.974518068487615
105 0.976966945172952
106 0.977273987787226
107 0.976236046668811
108 0.974993379827008
109 0.973860155021227
110 0.975889497432390
111 0.976567676108973
112 0.976274282603137
113 0.978091445139121
114 0.976709890615589
115 0.976541725762420
116 0.980167024325953
117 0.978766506732251
118 0.975895106664939
119 0.975336529103573
120 0.976728964751828
121 0.974879759103748
122 0.978333482650046
123 0.977960683174336
124 0.974931087428115
125 0.976932285965716
126 0.977537306454649
127 0.978510414780691
128 0.977786323461285
129 0.980801404995766
130 0.981856216100773
131 0.979034129316905
132 0.977106848457813
133 0.979448082178287
134 0.976456773955251
135 0.977217810213620
136 0.979089120801635
137 0.976277448946772
138 0.980337501320958
139 0.978800762169491
140 0.976891076774748
141 0.976143824946683
142 0.975370375326990
143 0.975978796932586
144 0.975536736116954
145 0.976740505010713
146 0.978221488650753
147 0.977219430073427
148 0.974016077582261
149 0.978297597436812
150 0.976905500344916
151 0.974651162793275
152 0.978045593902659
153 0.976812735689637
154 0.978191033420082
155 0.977145877652144
156 0.978508911279847
157 0.976530919878701
158 0.976252868527537
159 0.979483248206296
160 0.977307291083140
161 0.974730057303173
162 0.979083556223837
163 0.978169626333192
164 0.975374973032260
165 0.976862319840445
166 0.976656719907847
167 0.975032838510184
168 0.977391177085851
169 0.976932756527272
170 0.975307799498474
171 0.975758261156937
172 0.977257307507620
173 0.976518376047369
174 0.976481142938467
175 0.974510800294359
176 0.976589926473399
177 0.977349000311696
178 0.974160709698072
179 0.976142444248353
180 0.979457754444258
181 0.976402721606962
182 0.975269449571859
183 0.977771731765525
184 0.980461702748619
185 0.980006951503005
186 0.976701495680480
187 0.974812276450159
188 0.975079351259485
189 0.973853167577228
190 0.979502381234003
191 0.977643615699470
192 0.973583113589497
193 0.974884967114885
194 0.975719037608333
195 0.979273232096314
196 0.976463579313594
197 0.977798663546038
198 0.977157900428971
199 0.974893360772039
200 0.977357823760537
201 0.973585144794180
202 0.978091677638450
203 0.978723253802853
204 0.975135287696127
205 0.977923013890463
206 0.975906396136920
207 0.976588540556925
208 0.978402197033833
209 0.978107910309098
210 0.975157858289089
211 0.978309439363375
212 0.974192648104541
213 0.974449247396091
214 0.973453928952421
215 0.974178071638752
216 0.975272532975109
217 0.976576367652675
218 0.975313333865506
219 0.977429535682542
220 0.975822453377311
221 0.978148787627349
222 0.976549090347995
223 0.975512860114262
224 0.978389124309924
225 0.978726806101012
226 0.978041944895128
227 0.974970566348716
228 0.977411357818717
229 0.978864502544606
230 0.977679253472388
231 0.979321138957503
232 0.979185966174565
233 0.976486026522863
234 0.978546221928538
235 0.978411570476206
236 0.976794644561366
237 0.978765771764990
238 0.977983706935293
239 0.977102107459612
240 0.974372902567872
241 0.974761460619967
242 0.976511592376767
243 0.975249485042985
244 0.975643495945086
245 0.977413550870537
246 0.977532793851778
247 0.975879988046307
248 0.972995384863585
249 0.977210259025035
250 0.975355694524136
251 0.978830112764821
252 0.979346484210889
253 0.977421868010089
254 0.976893180389004
255 0.960362457684310
