0 4095.873999999999796
1 0.005582253857510
2 0.006161267898923
3 0.005678547822330
4 0.005429888942833
5 0.005832611074928
6 0.005761520812161
7 0.006015543486712
8 0.006044138975766
9 0.006387064996485
10 0.007017521120233
11 0.006942001217540
12 0.007733325251718
13 0.007979163899788
14 0.008340397506456
15 0.008725962686712
16 0.008671404234993
17 0.009491112764673
18 0.010229967046440
19 0.010922388992991
20 0.011464117306326
21 0.012216616069131
22 0.013307894163897
23 0.013695669165524
24 0.014008941381658
25 0.015421102030881
26 0.015937159020065
27 0.017152624390987
28 0.018248245315579
29 0.018722600835815
30 0.020793392903561
31 0.021890669462092
32 0.023389808771795
33 0.023759212180796
34 0.026383667991356
35 0.027933303387409
36 0.028786088182526
37 0.032503895055489
38 0.035008231775748
39 0.037801090948927
40 0.038347798774208
41 0.044239291057158
42 0.045484940271100
43 0.052133467151771
44 0.054782900717018
45 0.062119589078800
46 0.068031102897794
47 0.073842267934949
48 0.082932237527418
49 0.104231418175825
50 0.111818873957430
51 0.141856586251859
52 0.172449841985360
53 0.204964304015710
54 0.259394400357902
55 0.347222382191795
56 0.443369895977751
57 0.618549384880142
58 0.782135349847492
59 1.233869044495717
60 1.525032940677465
61 2.027853046061576
62 2.551603270211999
63 3.118802750080752
64 3.192208516179822
65 3.303143998561384
66 3.486031208155597
67 3.234020972230891
68 2.849012112029744
69 2.952620482069874
70 2.372635463658825
71 2.208944329374525
72 2.006518593943862
73 1.784424099893574
74 1.602013858917575
75 1.263926441771262
76 1.208448209015130
77 1.116128206043519
78 1.000144783098833
79 0.933093351042188
80 0.783977838320057
81 0.787484565645431
82 0.696539580463300
83 0.667044617725325
84 0.672016236777515
85 0.624724874247273
86 0.637732960035396
87 0.586502573125451
88 0.582518932584893
89 0.600070967640588
90 0.537892355077764
91 0.574431217527945
92 0.526789494741734
93 0.523645006598802
94 0.554357913999245
95 0.514329757966980
96 0.513523589243805
97 0.540664222220131
98 0.522341494236389
99 0.530348239031989
100 0.493455341340299
101 0.532783079140048
102 0.541225766393270
103 0.517298363744478
104 0.546893068310309
105 0.525736466366975
106 0.554430452463096
107 0.578257622864787
108 0.638534723412208
109 0.659989455771872
110 0.674118710547085
111 0.727930950584652
112 0.766189003929080
113 0.806951603823242
114 0.870887986083712
115 0.907090101678209
116 0.991007326678342
117 1.015862260403259
118 1.079570848072965
119 1.108836037684121
120 1.232920526167786
121 1.282129113787327
122 1.367118055878651
123 1.318711159005834
124 1.418223009919218
125 1.487632091450944
126 1.451951679438284
127 1.391899922934142
128 1.480501169217333
129 1.438551992955859
130 1.494042315741981
131 1.363872995638952
132 1.392699582886712
133 1.344892212048229
134 1.252372270841495
135 1.310154928209574
136 1.253121028697929
137 1.197508551213796
138 1.217565876498591
139 1.099584577926624
140 1.123030586737194
141 1.113583222455791
142 1.172159960375197
143 1.107734809379039
144 1.045906574617045
145 1.056289386465294
146 1.060915406946410
147 1.010260942590961
148 0.988874699719000
149 0.919245015382700
150 0.957528579915594
151 0.862632300129712
152 0.885184893324550
153 0.915593662237283
154 0.841229661828993
155 0.914619510433590
156 0.826626398391978
157 0.829533846784177
158 0.850415928944018
159 0.809154253661492
160 0.846087994342166
161 0.797399651799762
162 0.815220715978376
163 0.803284638614000
164 0.802002435462876
165 0.814269945094648
166 0.797886494087799
167 0.821936721640938
168 0.833487997244618
169 0.844488567820371
170 0.848617882960811
171 0.843466612087909
172 0.847448112241363
173 0.911719887476073
174 0.920536669758866
175 0.951443229189780
176 0.931358756623641
177 0.967288062421079
178 0.967780032189032
179 0.957256660027019
180 0.983364125813251
181 0.970277992368346
182 0.972805543751918
183 1.017704846106722
184 1.037805693830614
185 1.077551348830328
186 1.015262106379043
187 1.083218777585345
188 1.103385748878584
189 1.069947696542496
190 1.082333387585630
191 1.093082810165228
192 1.083579304824594
193 1.092418338092533
194 1.084796906941972
195 1.126543222303416
196 1.096930956956928
197 1.069342000504317
198 1.092298298759611
199 1.086076136217641
200 1.042082126858229
201 1.068354453443542
202 1.115310829488161
203 1.098143779352001
204 1.095278519658108
205 1.097739640525809
206 1.087124971132074
207 1.079148130903126
208 1.051694357555253
209 1.077756302564010
210 1.059090801406044
211 1.040236827548039
212 1.012166599927537
213 1.014443669684864
214 1.007346625038328
215 1.029518171883263
216 1.038955781474783
217 0.985250093446018
218 0.966537875040705
219 0.998011381948369
220 0.979367307211522
221 0.976080932040602
222 0.947221117785799
223 0.950526590337929
224 0.928435582958675
225 0.947780389431197
226 0.964553192986022
227 0.966024359282871
228 0.927448775105787
229 0.930914049561639
230 0.961485529620742
231 0.952884505600742
232 0.939602665225318
233 0.945761955278342
234 0.964862588962497
235 0.939417334518350
236 0.958072462544198
237 0.964482470349153
238 0.950997239062876
239 0.975603967746126
240 0.973273282778759
241 0.979462266594067
242 0.950559161463106
243 0.963679707018010
244 0.994970272341080
245 0.969019206933688
246 0.986371559514254
247 0.979339568801765
248 0.969685756644010
249 1.000280635468280
250 0.982466513411263
251 0.995894812195129
252 0.981875344389929
253 0.983658551723592
254 1.004966295516317
255 1.167787415989379
