0 4090.000000000000000
1 0.004028037415992
2 0.006287548931141
3 0.010106779797934
4 0.004926586164099
5 0.012130051857093
6 0.008094479143943
7 0.007019046833193
8 0.007255225576435
9 0.008030828416590
10 0.011947789869737
11 0.009824228247453
12 0.012481716775801
13 0.009642082531687
14 0.011716451285545
15 0.008316562935306
16 0.010063694534362
17 0.010100617335913
18 0.011986125596256
19 0.013843805974951
20 0.012152036578828
21 0.011808514683253
22 0.012306715556807
23 0.011684936086229
24 0.014822280198323
25 0.018493013121250
26 0.016324052283876
27 0.017664566962128
28 0.019797763598208
29 0.016084845519345
30 0.020162354997159
31 0.021642356253656
32 0.024154112082033
33 0.022337615435355
34 0.023282808597191
35 0.029105815197139
36 0.031629994195100
37 0.033828108589708
38 0.031509445362929
39 0.039328017405127
40 0.034075245219510
41 0.047888012941311
42 0.041895830934994
43 0.050808724281625
44 0.056673283406122
45 0.064249038103900
46 0.067953998067202
47 0.073324338620894
48 0.081991894200865
49 0.103941640803082
50 0.110413424998580
51 0.145590968351264
52 0.174025809615369
53 0.209530449112969
54 0.222482286995122
55 0.360862296423875
56 0.452200041737321
57 0.603956658694531
58 0.902549802601992
59 1.166529941767373
60 1.478383149248453
61 2.152018080009436
62 2.540266426969129
63 2.799209381211549
64 3.132806398584171
65 3.612867403064027
66 3.476679899071460
67 3.298512981967333
68 2.960814364320409
69 3.154966080650830
70 2.439525865020447
71 1.910336794351254
72 1.858795855578501
73 1.703644903019675
74 1.661411655771723
75 1.241589782659763
76 1.204181830929883
77 1.110524760224038
78 1.022290650839788
79 0.944611053723249
80 0.788774422421836
81 0.811343936019577
82 0.714012962893158
83 0.681104908426595
84 0.607459912445820
85 0.626491626406795
86 0.669839614602097
87 0.612825188800132
88 0.624323498284380
89 0.592584912205881
90 0.537547435085087
91 0.567619067088041
92 0.469772141135563
93 0.524257884927378
94 0.549059079775409
95 0.517473648032093
96 0.550938205199782
97 0.503377092136822
98 0.538602578885682
99 0.517469165306567
100 0.439088706922599
101 0.585516310567653
102 0.539614936787081
103 0.503303523048182
104 0.536967756978854
105 0.502736121721953
106 0.541827648342353
107 0.618907093323374
108 0.619747684811626
109 0.656922411425135
110 0.687177759509934
111 0.728725073238820
112 0.719315669146766
113 0.744319647446430
114 0.811510640095108
115 0.960398249386344
116 0.976263384095653
117 1.091976277360157
118 1.104861579484621
119 1.069414381458296
120 1.307859076630383
121 1.285613310492962
122 1.388515531740494
123 1.239763003711117
124 1.367220861440960
125 1.516938332426777
126 1.332920378288402
127 1.453688844887759
128 1.498293118939048
129 1.482770020026964
130 1.505807644748226
131 1.383859994144802
132 1.428370509865258
133 1.259800771336288
134 1.302638583986554
135 1.397849475067977
136 1.264453816487636
137 1.183675121408385
138 1.229385365561703
139 1.094134239376601
140 1.180831025536335
141 1.088767608486697
142 1.163907779093279
143 1.106387065663520
144 1.033351561087904
145 1.113047862639839
146 0.988923044969755
147 0.953540598197530
148 0.918904805741018
149 0.926674934536203
150 0.938696991197395
151 0.886999989091925
152 0.976457752676711
153 0.860748931178076
154 0.808406976241851
155 0.937221649344913
156 0.844753894675929
157 0.824793252101689
158 0.877567849198628
159 0.865512466011103
160 0.889817268458624
161 0.756470707836067
162 0.816710577010326
163 0.789072622373947
164 0.837284617743437
165 0.830555546805876
166 0.809682676301088
167 0.838151099569353
168 0.779486927886405
169 0.808841059717943
170 0.856555004971583
171 0.804788576698586
172 0.813531848605498
173 0.904642749988983
174 0.862442013474214
175 0.949287705502098
176 0.961704289134660
177 0.930791255545395
178 0.922556793534265
179 0.954295189025186
180 0.967704712311493
181 1.044420227406170
182 0.997919815907788
183 1.006407837541936
184 0.984394783775012
185 1.107088484437554
186 1.008695712643870
187 1.076045058777991
188 1.079890923053451
189 1.090150957112599
190 1.015370158036786
191 1.150366845781117
192 1.089114020246666
193 1.108404165011448
194 1.060916700934599
195 1.170708401099546
196 1.069571571674878
197 1.100275556327664
198 1.067037837500758
199 1.006790015239087
200 1.071006606863653
201 1.086025106865675
202 1.146796991523626
203 1.075381503278440
204 1.196642653857048
205 1.114343715893990
206 1.115253709739717
207 1.044638926954297
208 1.067410644929008
209 1.131555860735543
210 1.025525345163570
211 1.107777845245739
212 1.028074743287167
213 1.047594370406365
214 0.962717395826032
215 1.009651863798562
216 1.004291774005972
217 0.967142810249772
218 0.973537153029278
219 0.985493316849414
220 0.951795150281598
221 0.963993247245411
222 0.993517143713076
223 0.967236814132098
224 0.901532781790674
225 0.974187413150482
226 1.001991676631007
227 0.970606862162008
228 0.936387794639939
229 0.918534978419998
230 0.935836552444463
231 0.985672520353304
232 0.902378536414447
233 0.979416929100610
234 1.013765608484237
235 0.921342968897845
236 0.917401653357759
237 0.891982651804574
238 0.889352215401908
239 0.984285146631692
240 0.981435934473701
241 0.909234630592789
242 0.976050069689653
243 0.932013618630307
244 0.975967741654178
245 0.941998235884138
246 1.008831893540815
247 0.981644500888114
248 0.921568876993294
249 1.030179992676629
250 1.041085583786945
251 1.031110469892446
252 0.974007837590025
253 0.956503891196844
254 0.990751570208796
255 1.340275924238894
