0 4095.834285714285670
1 0.005561798034349
2 0.006156839232751
3 0.005714509815041
4 0.005472139364730
5 0.005893652477263
6 0.005792319596688
7 0.006048405230425
8 0.006079116907705
9 0.006372333998325
10 0.006968837693072
11 0.006961406811604
12 0.007716385328959
13 0.007957497491840
14 0.008297221253814
15 0.008735814928070
16 0.008679959185276
17 0.009504756237668
18 0.010248336632253
19 0.010855714666967
20 0.011445731973165
21 0.012156684234572
22 0.013238060450623
23 0.013703367252021
24 0.014076094128850
25 0.015445556852122
26 0.015941825734594
27 0.017183971098419
28 0.018267304795838
29 0.018668785794576
30 0.020820584188829
31 0.021923480620659
32 0.023429569559814
33 0.023782056460197
34 0.026358115051482
35 0.027911107354024
36 0.028793588140360
37 0.032559073580683
38 0.035055183610767
39 0.037836497555678
40 0.038368623735059
41 0.044253753299425
42 0.045479923569613
43 0.052047923173785
44 0.054721685108113
45 0.062354027733549
46 0.068090219037503
47 0.073905437578875
48 0.082998013093574
49 0.104339933501388
50 0.112015359779327
51 0.141941754301085
52 0.172237309785087
53 0.205069966471953
54 0.259509553371760
55 0.347126687034464
56 0.443584866062741
57 0.620026875315950
58 0.781694201132358
59 1.234017838322512
60 1.524596428731544
61 2.022060124836613
62 2.556418361769631
63 3.114157539517905
64 3.199980253819829
65 3.303492548301530
66 3.482315174057212
67 3.234340097079499
68 2.845160132056941
69 2.956905164087975
70 2.372594872114977
71 2.207271983359850
72 2.008133606305163
73 1.784947421605772
74 1.602142282466076
75 1.262682418240035
76 1.209322216962505
77 1.116252644179189
78 0.999944018582712
79 0.932391708081711
80 0.784503300547778
81 0.788787987782496
82 0.695996170621672
83 0.667616527881926
84 0.672634870865259
85 0.623284889586542
86 0.637503051624623
87 0.586428179544744
88 0.582753797233905
89 0.600184434590683
90 0.536655095374014
91 0.574896758216708
92 0.525734060234204
93 0.523574446711305
94 0.554599555740080
95 0.514872467181393
96 0.512798860613872
97 0.539431895754329
98 0.522226825334449
99 0.531168135935474
100 0.493568656680186
101 0.532638954690347
102 0.540944380111141
103 0.517300882094679
104 0.546461851296563
105 0.526006644563923
106 0.555371382593791
107 0.578735401574309
108 0.638656920095630
109 0.660185584292640
110 0.672941299129429
111 0.727925337885930
112 0.765805831811088
113 0.807299268119349
114 0.871990531129384
115 0.909047416274212
116 0.991372468149208
117 1.017219483694145
118 1.079895084945837
119 1.108833436245099
120 1.231379031260342
121 1.283353281202614
122 1.367311643352766
123 1.316781601886615
124 1.418585798265231
125 1.486849965769016
126 1.450713607070503
127 1.392194794919503
128 1.481659108419845
129 1.438217202633396
130 1.493337178704980
131 1.363981800964921
132 1.393684956305590
133 1.343024173539387
134 1.252804288529205
135 1.310193721271058
136 1.253051545029921
137 1.196497388602873
138 1.217872450351416
139 1.099192969855630
140 1.120943508979345
141 1.113181766013154
142 1.173921654060475
143 1.107423927014970
144 1.045371154710003
145 1.057403988890351
146 1.061822316225769
147 1.011039424460335
148 0.988128104918899
149 0.918547116687208
150 0.958458932907740
151 0.863172684489369
152 0.885615087069912
153 0.914822952966229
154 0.842234712559757
155 0.914558195846516
156 0.826833289869373
157 0.828794609812951
158 0.851432332484373
159 0.809533622705455
160 0.846222231172749
161 0.796476970980627
162 0.815190539519324
163 0.803714332107072
164 0.802624784685107
165 0.814866261145184
166 0.797818692801255
167 0.822259907112070
168 0.832217977146115
169 0.844991680184444
170 0.848352357485984
171 0.842633146591047
172 0.848168027786651
173 0.910760048884887
174 0.921169233046708
175 0.951463157140409
176 0.930008523824028
177 0.967429724621956
178 0.968298311980309
179 0.956982973364905
180 0.983330946068856
181 0.970211187847696
182 0.972760475141289
183 1.018446562906741
184 1.036959741510773
185 1.077592604509343
186 1.013555050087718
187 1.082144997620899
188 1.103901628883551
189 1.069107762856027
190 1.083871281680974
191 1.092757958285831
192 1.084240734040959
193 1.092655314628074
194 1.084584606223964
195 1.125770868633499
196 1.096088808107389
197 1.069626558989769
198 1.092755567024175
199 1.086232514319182
200 1.042179050082809
201 1.068091659106425
202 1.116429096794473
203 1.099251695961950
204 1.095672747845668
205 1.097875893895919
206 1.088358092274493
207 1.078671065731655
208 1.052374737067320
209 1.077449689255242
210 1.060916768076921
211 1.039413279222997
212 1.010752143654618
213 1.013598735830501
214 1.007738033277032
215 1.028578117368470
216 1.039222329443839
217 0.986106101378873
218 0.966301873953431
219 0.998407818987895
220 0.978988404366406
221 0.975217754918641
222 0.947796313039906
223 0.950857959809076
224 0.929654916144630
225 0.947445904683467
226 0.964785451238834
227 0.966272294982706
228 0.927483178073370
229 0.931200212184571
230 0.961953389695487
231 0.951652595413524
232 0.939400241301492
233 0.945285717911670
234 0.965570680279816
235 0.938626435355707
236 0.958342190029267
237 0.963595126094254
238 0.950667110014636
239 0.976095836741342
240 0.972399672798663
241 0.979606324989247
242 0.949538824143349
243 0.962901648255947
244 0.995861178760729
245 0.967983371603993
246 0.986221424150313
247 0.979408124945332
248 0.969970792836388
249 1.000290452814291
250 0.982539527165062
251 0.995749679875956
252 0.981166109093708
253 0.983440559235137
254 1.004844033314040
255 1.170897453027986
