0 4095.844999999999800
1 0.005553994142174
2 0.006165471098102
3 0.005671403807676
4 0.005434755336861
5 0.005849716639322
6 0.005783871826403
7 0.006022343661037
8 0.006071754959649
9 0.006370030145375
10 0.006979293030320
11 0.006963933166094
12 0.007733690246767
13 0.007966214405979
14 0.008341022035604
15 0.008724931331966
16 0.008658136646568
17 0.009518562616977
18 0.010230527241834
19 0.010866546265297
20 0.011459856687425
21 0.012158097005621
22 0.013289898992934
23 0.013725300958682
24 0.014066192791383
25 0.015454671039577
26 0.015903895574145
27 0.017193764259073
28 0.018250964165837
29 0.018703426381187
30 0.020831284765493
31 0.021915050651051
32 0.023482113724393
33 0.023778241760193
34 0.026390313284759
35 0.027920245595912
36 0.028756327092749
37 0.032520682115710
38 0.035039982096263
39 0.037781576227546
40 0.038396858074090
41 0.044245724744274
42 0.045471396462502
43 0.052065238124087
44 0.054758212331343
45 0.062254471229586
46 0.068051890740719
47 0.073868844681959
48 0.082869056151211
49 0.104289225288245
50 0.111862723261238
51 0.141717581072654
52 0.172375047654649
53 0.205022163469324
54 0.259492397940645
55 0.347289724622191
56 0.443196499808656
57 0.619512523161641
58 0.781831929510790
59 1.235138584555094
60 1.524626402825962
61 2.023439774946524
62 2.553822095547195
63 3.116386315992338
64 3.198898284368950
65 3.302632809511575
66 3.482661758788765
67 3.232800938055385
68 2.848483295659205
69 2.956037220507291
70 2.373113468846501
71 2.207443276026521
72 2.007742483238688
73 1.783694394489351
74 1.601082980249598
75 1.263861899783675
76 1.209641195156462
77 1.115461570161352
78 0.999207578044176
79 0.932793807351974
80 0.784505021416967
81 0.788252587160522
82 0.696390609349068
83 0.667135595131700
84 0.672571442586252
85 0.624324598206254
86 0.637061254222023
87 0.586962476305221
88 0.582495613069633
89 0.599959190567988
90 0.537000008143675
91 0.575262998097674
92 0.526405784547309
93 0.523532873378151
94 0.554508202595539
95 0.514444773929471
96 0.513151574763407
97 0.539799574836079
98 0.522524513252212
99 0.531038185295028
100 0.493268712862694
101 0.532438616929815
102 0.541087895003841
103 0.517444416955186
104 0.546427584131831
105 0.526101457525154
106 0.554864144700066
107 0.578389055099837
108 0.638410734017148
109 0.660454047869632
110 0.673645879412016
111 0.728138691257049
112 0.766061505142240
113 0.807327300501627
114 0.871477128251591
115 0.908159484739365
116 0.991378878592572
117 1.017489071316756
118 1.079238496304283
119 1.108987872184550
120 1.231765406917467
121 1.283248965432431
122 1.367569256579846
123 1.317962584458322
124 1.417819337746421
125 1.486975823392798
126 1.451045409832233
127 1.391721038329699
128 1.481837549147202
129 1.438043684727425
130 1.493078243961847
131 1.363452863482548
132 1.393769279770915
133 1.343188536121964
134 1.252305450492420
135 1.310273472248623
136 1.252843129748608
137 1.196537622215971
138 1.217372227985959
139 1.098782509726375
140 1.122745940041121
141 1.113901989406805
142 1.172889330860012
143 1.107048149937123
144 1.045968142059911
145 1.057270704414647
146 1.061207311344627
147 1.011041580861681
148 0.988176990914255
149 0.919002773229526
150 0.958545903032315
151 0.863098668176921
152 0.885991529820904
153 0.914885041245517
154 0.841684541559689
155 0.914591109252106
156 0.826493691034316
157 0.828991371599946
158 0.851588812804458
159 0.809299271830140
160 0.846373724297880
161 0.797035167463185
162 0.815361774782854
163 0.803557708570148
164 0.802386568873164
165 0.814297430117071
166 0.797507690397007
167 0.822596723795659
168 0.832878614482609
169 0.844507682887080
170 0.848214169088284
171 0.843189468268954
172 0.847526505000921
173 0.911336729163247
174 0.920821729089150
175 0.951878407403579
176 0.930508539815343
177 0.967080488416644
178 0.968668870729702
179 0.956800407672810
180 0.983321187534368
181 0.970719159786672
182 0.972525922278668
183 1.017935654944337
184 1.037367733948525
185 1.077692389841264
186 1.014395033041979
187 1.082335446431494
188 1.104038657309183
189 1.070186183630033
190 1.083370290006123
191 1.092159379637871
192 1.084038311669220
193 1.092517032054209
194 1.084709637070416
195 1.125817902503343
196 1.096237331158045
197 1.069321841257443
198 1.092051845305206
199 1.086618121965274
200 1.041926359628524
201 1.068055932773672
202 1.115445114277242
203 1.098348633791661
204 1.095421095594767
205 1.098195977819287
206 1.087796291755820
207 1.078902909399509
208 1.051318305404372
209 1.077878729445504
210 1.060614272443081
211 1.039746081381692
212 1.011119964765784
213 1.014134176843690
214 1.007735335743999
215 1.030013450787027
216 1.039387893335359
217 0.985741428803512
218 0.966064249582116
219 0.998313006852600
220 0.978860293971675
221 0.975187674554062
222 0.947100623906104
223 0.950610575974769
224 0.929378243059442
225 0.947779308970404
226 0.965299493683798
227 0.966147326364990
228 0.927426926335988
229 0.931256790160720
230 0.961661745303170
231 0.952009222249962
232 0.939586581338470
233 0.945540646632790
234 0.965038112840294
235 0.938979548108927
236 0.958098773045297
237 0.964169794479443
238 0.951066424781771
239 0.976007083257990
240 0.973115167075484
241 0.979537085167686
242 0.949907992009872
243 0.963080035354522
244 0.995095058895998
245 0.968287100766380
246 0.986122683481958
247 0.979609389230303
248 0.970711929742929
249 1.000318268699113
250 0.982472348346217
251 0.995897529033877
252 0.981500977167848
253 0.983348634017435
254 1.004362655040755
255 1.172301997441859
