0 4096.002499999999600
1 0.005475588091593
2 0.006180259705363
3 0.005689189050041
4 0.005440679580602
5 0.005820900937448
6 0.005853367030787
7 0.005972041966058
8 0.006050726795666
9 0.006373310038208
10 0.006997216076340
11 0.006950232308182
12 0.007682716162842
13 0.007989153445335
14 0.008260045046867
15 0.008732015027172
16 0.008659496983599
17 0.009477646618170
18 0.010325994676848
19 0.010948216431966
20 0.011447932458031
21 0.012162338619085
22 0.013276606137465
23 0.013715475598013
24 0.014058814022172
25 0.015370895134854
26 0.015938403915824
27 0.017124007559202
28 0.018347853198966
29 0.018616126993150
30 0.020803507036771
31 0.021919293762954
32 0.023393436354626
33 0.023933522112549
34 0.026356785884209
35 0.027968715577301
36 0.028902883731297
37 0.032578826844083
38 0.035228527718091
39 0.037811143814943
40 0.038334296642215
41 0.044246785790612
42 0.045850417854500
43 0.052002645002041
44 0.054908093278467
45 0.062552745020754
46 0.067902306236152
47 0.074206979249761
48 0.082981428750466
49 0.104590655569976
50 0.111899265788303
51 0.142312924395700
52 0.172248864091569
53 0.205527830429225
54 0.260342470634222
55 0.345662682550375
56 0.443545392986859
57 0.622002968967469
58 0.780877712534268
59 1.234519786065601
60 1.526475659499899
61 2.020656573237849
62 2.556225574116900
63 3.112393073399227
64 3.196949694339046
65 3.302842570766876
66 3.476698828031466
67 3.227088595958913
68 2.848641240935256
69 2.965164976676950
70 2.377086394270350
71 2.206446146391887
72 2.009006437035186
73 1.787286420192872
74 1.597326688063083
75 1.264740462414506
76 1.207487120754318
77 1.118462212506484
78 1.000073436574240
79 0.934170932425222
80 0.782523075352594
81 0.788950046043780
82 0.696313560677679
83 0.668099942257317
84 0.672128750183053
85 0.623035886434112
86 0.635901950228783
87 0.585477560073262
88 0.582722642652749
89 0.598217087641751
90 0.536106965250072
91 0.574718125678803
92 0.526156487197211
93 0.525182429925538
94 0.555555565812617
95 0.515986596662043
96 0.513293983455781
97 0.539420224912921
98 0.520970798161914
99 0.532756530931953
100 0.493893122234646
101 0.533518576767808
102 0.540888591824176
103 0.515901847561750
104 0.547345527657759
105 0.525770899126160
106 0.555197895047195
107 0.579020427083123
108 0.637193465493333
109 0.661510464163097
110 0.672323774429535
111 0.728594379987158
112 0.763747709691984
113 0.809961781639655
114 0.869781120608456
115 0.906062989144654
116 0.991629225879297
117 1.017033386242468
118 1.080772475062808
119 1.110546640525399
120 1.231677609808274
121 1.283021378328089
122 1.369880114677316
123 1.314991861076413
124 1.420344460230732
125 1.484307276766003
126 1.451648419405564
127 1.392934946162425
128 1.484372151293512
129 1.437281267918604
130 1.492834346587284
131 1.363327564899969
132 1.393410759442019
133 1.342383360189359
134 1.253858927235007
135 1.309438934732381
136 1.250159410281822
137 1.194832448581156
138 1.219202897371743
139 1.097860035012919
140 1.122173756802710
141 1.113374862227501
142 1.174032272410180
143 1.105456203025332
144 1.049177064025032
145 1.056670169310454
146 1.062532279464330
147 1.011179167595969
148 0.988751585651696
149 0.919316413537584
150 0.956299209928012
151 0.863129147833428
152 0.885248406475753
153 0.914370510436879
154 0.843026696916980
155 0.916052301194364
156 0.827365400320830
157 0.828252612059454
158 0.850012745957001
159 0.809339628128461
160 0.844867310545262
161 0.795639951225091
162 0.817154544872786
163 0.804605777073857
164 0.801843173814197
165 0.815945385184031
166 0.798905823234578
167 0.821206043460808
168 0.833690351193596
169 0.845357017892861
170 0.847922262019297
171 0.843012641814459
172 0.849718910375126
173 0.909113564107298
174 0.921132286885130
175 0.951666833787181
176 0.929347515983232
177 0.966350910489622
178 0.967553413514103
179 0.957576431081587
180 0.984849476025489
181 0.969965252560983
182 0.974952946572014
183 1.018221184878119
184 1.035973492891617
185 1.078176213718343
186 1.013632008868727
187 1.082775911526978
188 1.100557545356344
189 1.071659840524353
190 1.083608046020522
191 1.090640457753347
192 1.083713370547467
193 1.091165995166963
194 1.085144490772795
195 1.125850145921626
196 1.091975126947937
197 1.072419601994185
198 1.091433138872012
199 1.087561075152008
200 1.042459198939772
201 1.069068745207964
202 1.116726053999520
203 1.100545163169010
204 1.093129075195650
205 1.098373929644101
206 1.086097752153264
207 1.079440752174098
208 1.052354469199064
209 1.076408693700311
210 1.061713536818313
211 1.040240193438940
212 1.011224928733936
213 1.012478917705309
214 1.006774809557406
215 1.028644463451421
216 1.039079008959925
217 0.987444481956847
218 0.966810745256988
219 1.000347425483095
220 0.979819546580840
221 0.976768766139263
222 0.947795040614501
223 0.950594254870974
224 0.930081263154607
225 0.946946766200910
226 0.966698295305183
227 0.966214717329186
228 0.926796226359215
229 0.931607142312946
230 0.963322356188750
231 0.953140470266710
232 0.940056791774975
233 0.943821268092960
234 0.964923946918095
235 0.938773596641928
236 0.958712883248354
237 0.963927169115930
238 0.949670068465985
239 0.975603695609861
240 0.972321362584085
241 0.979332385359972
242 0.947138918255729
243 0.963246539717498
244 0.996312731909589
245 0.966696314738026
246 0.986646667624858
247 0.978186608980997
248 0.968821361041909
249 0.999265852908871
250 0.980205474194241
251 0.994824897407043
252 0.981266012647551
253 0.984610693661155
254 1.007690831978060
255 1.160533443437525
