0 4095.500000000000000
1 0.005648102416496
2 0.006203663120376
3 0.006014425438227
4 0.005521410574379
5 0.006035376883841
6 0.006113068335188
7 0.006355235970899
8 0.006297799523434
9 0.006499007292772
10 0.007015572429773
11 0.006929382610327
12 0.007770398845888
13 0.007976949611450
14 0.008120136531750
15 0.008939856396045
16 0.008632630384107
17 0.009520305744511
18 0.010481693101590
19 0.011160629268895
20 0.011695099682586
21 0.012196872644190
22 0.013312123040275
23 0.013879981392197
24 0.013903364634078
25 0.015361894520870
26 0.016014670013156
27 0.017365095845238
28 0.018761923527902
29 0.018590387564144
30 0.020753352772638
31 0.022190031066053
32 0.023472879387216
33 0.023520959056808
34 0.026393432673074
35 0.028086459091896
36 0.029042373430379
37 0.032430464013348
38 0.035093102915843
39 0.037537652542941
40 0.038427775476998
41 0.044376567154454
42 0.045588573907882
43 0.052094762852152
44 0.054450378812819
45 0.063023608465424
46 0.068068057365745
47 0.073235454067502
48 0.082873155151369
49 0.104379067294339
50 0.111999884518235
51 0.143583105131000
52 0.171584700973088
53 0.204576249409104
54 0.259528789538920
55 0.347359094824940
56 0.444753612813358
57 0.624606633411309
58 0.784576396559357
59 1.238578033739865
60 1.526923554181475
61 2.013510270952418
62 2.555947800871837
63 3.131367017643988
64 3.195858123297556
65 3.316230498027774
66 3.464059866196509
67 3.223295717031895
68 2.838867893721329
69 2.970181502776206
70 2.373188610483317
71 2.199558783249766
72 2.006301011137966
73 1.785446310098265
74 1.601251000021475
75 1.264759053099151
76 1.200985027215843
77 1.114495730795810
78 0.998526532302652
79 0.935595019363850
80 0.783374313200324
81 0.792108187879603
82 0.700257887931964
83 0.667689306563445
84 0.668452120864254
85 0.619898474402933
86 0.636728659953784
87 0.583161825369965
88 0.581158090621059
89 0.599759924430620
90 0.537908286974160
91 0.578170260581853
92 0.526661344040578
93 0.522191272162602
94 0.550610793313371
95 0.516782502917183
96 0.516265742592059
97 0.544122849795270
98 0.523354158560276
99 0.533606292221957
100 0.492557856154963
101 0.536463221176572
102 0.541133835185732
103 0.519889173544081
104 0.548682064230913
105 0.527143811374611
106 0.554233456482460
107 0.579654598422446
108 0.638335385939622
109 0.663327522386106
110 0.673936772250240
111 0.725628091652702
112 0.765070804529772
113 0.808421840727652
114 0.872571114569953
115 0.908340590621148
116 0.988185959879699
117 1.007479229506975
118 1.081778439515690
119 1.112347118868755
120 1.232005522046416
121 1.283894242400372
122 1.368079398646189
123 1.316513812415482
124 1.415616896222962
125 1.488911373077328
126 1.443130656716812
127 1.393309994661714
128 1.478718185042768
129 1.445858582346943
130 1.492705563859532
131 1.363116717483230
132 1.391088691680074
133 1.340886525858818
134 1.243289682694931
135 1.310712128189757
136 1.258806264752200
137 1.197780824604555
138 1.219599284676046
139 1.095518470609313
140 1.124330786518983
141 1.114209408411447
142 1.174294731210747
143 1.104613623625329
144 1.048894750359872
145 1.058738475367052
146 1.060549002745379
147 1.009680302759796
148 0.992834953578604
149 0.922134743052855
150 0.954020732876234
151 0.863433834794079
152 0.879232353265280
153 0.917202855928796
154 0.840290163435853
155 0.916879767917484
156 0.828051822947700
157 0.827075336049195
158 0.853248013403954
159 0.806966190803895
160 0.845215276058005
161 0.790955485295195
162 0.820792969140840
163 0.809264661254677
164 0.801388606573005
165 0.814955351350220
166 0.797014914366048
167 0.819295354182808
168 0.833293724586414
169 0.847073443310985
170 0.853432616231570
171 0.849928975262110
172 0.846407116068634
173 0.911138679927775
174 0.924955216950957
175 0.952427633068763
176 0.928566404064236
177 0.966674045349120
178 0.964975940578798
179 0.951814975610929
180 0.985150875808219
181 0.976067194517308
182 0.974527083042049
183 1.016510046895811
184 1.037876653490342
185 1.076943255349926
186 1.013475306260372
187 1.078083097644499
188 1.098105484474339
189 1.066849366763433
190 1.086932818698982
191 1.090903176199681
192 1.088533803760741
193 1.088654296708222
194 1.077912921346707
195 1.126155141488551
196 1.091878794092936
197 1.071313490399221
198 1.095768085635347
199 1.087430885090176
200 1.039161685876079
201 1.066435594200260
202 1.114032119069154
203 1.099179443376961
204 1.093998909255339
205 1.104221384558066
206 1.091271354050735
207 1.082673125601630
208 1.054188830792829
209 1.073975444304952
210 1.065217830206243
211 1.041036059489654
212 1.011643181222903
213 1.014430376106896
214 1.005748161064122
215 1.031112262221817
216 1.031808806563066
217 0.985037882564543
218 0.969909257974867
219 1.002571504081064
220 0.976299609582102
221 0.971631984759466
222 0.944598989513295
223 0.944741679855840
224 0.931813572571694
225 0.941780922041173
226 0.964277035422119
227 0.968722859204087
228 0.931220829737763
229 0.933676001084223
230 0.967576925506800
231 0.953751244342507
232 0.939235698100602
233 0.946917651056236
234 0.966860734300529
235 0.939081618198924
236 0.960621046810902
237 0.968892193621008
238 0.950204680256498
239 0.973374579639506
240 0.972118787890163
241 0.983856392707125
242 0.948077432278171
243 0.961922740568685
244 0.990168003211174
245 0.964294510345198
246 0.985713780226371
247 0.982758829530682
248 0.972404600614648
249 0.999857041314205
250 0.977076554840176
251 0.993501632659978
252 0.977764003442069
253 0.982115655764256
254 1.008615800207368
255 1.170425630090338
