0 4095.824999999999818
1 0.005500085108736
2 0.006266931058994
3 0.005794213917813
4 0.005571741788032
5 0.005975377873941
6 0.005924223986068
7 0.006270919251465
8 0.006257602153007
9 0.006509965343287
10 0.007029257335539
11 0.007077929933986
12 0.007820188375398
13 0.008052010543182
14 0.008334064958913
15 0.008818909003839
16 0.008696835807621
17 0.009560831946578
18 0.010447235726195
19 0.011054609059987
20 0.011577832329661
21 0.012298743986526
22 0.013263111010821
23 0.013963864405375
24 0.014060462985870
25 0.015428448210091
26 0.016050510078695
27 0.017237136843415
28 0.018679990300699
29 0.018466742174201
30 0.020821400899102
31 0.022154724741455
32 0.023370631628119
33 0.023609531869410
34 0.026299331889709
35 0.028143987798789
36 0.028888294550180
37 0.032494354255000
38 0.035195673173954
39 0.037489992491654
40 0.038523784335130
41 0.044431279286498
42 0.045534911646120
43 0.051813884094464
44 0.054862290369592
45 0.062704071241403
46 0.067687381972464
47 0.074446151281747
48 0.082701279057846
49 0.104191349786374
50 0.111861159487896
51 0.142368628406163
52 0.171706180476937
53 0.205795163524232
54 0.259927048361796
55 0.346509795783984
56 0.444434224300246
57 0.626853516028777
58 0.782633227085126
59 1.232400826899629
60 1.529033773552454
61 2.020074878987031
62 2.559330203349478
63 3.121802172579300
64 3.199613347615417
65 3.300533674014385
66 3.459608205491889
67 3.235999893122504
68 2.848212928872598
69 2.957451687316114
70 2.381358662608235
71 2.193113200169066
72 2.002323350698815
73 1.789405580445456
74 1.601902656650975
75 1.271395614467377
76 1.202697842615868
77 1.116931796214206
78 1.000759397807042
79 0.933772946695648
80 0.784332512911120
81 0.790922695961808
82 0.698977753608373
83 0.668250483060950
84 0.671881484318947
85 0.622344721054585
86 0.638697088232552
87 0.585195867065999
88 0.582760335000628
89 0.597294079973695
90 0.536347873106675
91 0.575800845128562
92 0.525245709879093
93 0.521029322024985
94 0.555138422559066
95 0.516545505082951
96 0.513436972871168
97 0.541790935948864
98 0.522513089723512
99 0.532705537131463
100 0.495560617907927
101 0.535586498250732
102 0.541270383206723
103 0.515759317471005
104 0.547559883068884
105 0.526323762547431
106 0.556062004996951
107 0.579638422563640
108 0.637666249028861
109 0.661644552039114
110 0.672534370793317
111 0.727014064485022
112 0.765579931084995
113 0.810074959615254
114 0.870344308509057
115 0.906475904622037
116 0.990989593536959
117 1.012300115793775
118 1.080924348957862
119 1.110111898508928
120 1.231560478030540
121 1.280308727428270
122 1.372529320960884
123 1.311668078492572
124 1.420361455498943
125 1.489601321557737
126 1.442928734305232
127 1.390963155747124
128 1.483850766885494
129 1.437809969056839
130 1.493015027147184
131 1.360011908848630
132 1.393390834532356
133 1.341247235522847
134 1.252976772162003
135 1.313288484821742
136 1.252618289522442
137 1.196434052230092
138 1.217547576317534
139 1.092930872734629
140 1.125260145341005
141 1.112328253334757
142 1.175288936378731
143 1.107605409315113
144 1.051918385433366
145 1.057186750290401
146 1.061447867738632
147 1.011935950335899
148 0.992532078657361
149 0.920420991284053
150 0.954097334423417
151 0.865193199662503
152 0.883147394437488
153 0.917300547288800
154 0.841954043166600
155 0.917511542942119
156 0.827628765870945
157 0.828068844866988
158 0.852162467636335
159 0.807928201444696
160 0.843446469064453
161 0.790831353722527
162 0.819331167827614
163 0.804904288653161
164 0.800488761441359
165 0.815367949558457
166 0.799100398507773
167 0.817734789010596
168 0.834148810055717
169 0.847637499337416
170 0.851363002756164
171 0.844542395481758
172 0.847423684420223
173 0.910854653732695
174 0.923158041717320
175 0.952044191594423
176 0.927648974455285
177 0.967649154828620
178 0.966702168651274
179 0.957554425599931
180 0.983925410421854
181 0.969357637070227
182 0.975617501989652
183 1.018972450413845
184 1.035873680995464
185 1.079428027789866
186 1.012965286423359
187 1.081212211507035
188 1.095629900768486
189 1.069983795683401
190 1.085124285199200
191 1.090039728488049
192 1.081567697905150
193 1.092206908472216
194 1.081647959029418
195 1.126228917534165
196 1.089990370759010
197 1.074716826777492
198 1.089394100349051
199 1.088115283263047
200 1.037115628068490
201 1.071295521646288
202 1.118522043293441
203 1.101164827619775
204 1.095061180352460
205 1.102264511520355
206 1.087831530766477
207 1.077811950160250
208 1.054816121679731
209 1.076155004263746
210 1.064461407920893
211 1.039040797892040
212 1.011441879983062
213 1.013230811857301
214 1.006713083541823
215 1.029890838701505
216 1.038371433460700
217 0.988897000409009
218 0.966594004390554
219 1.001902491901341
220 0.978047853126852
221 0.974006879164021
222 0.945868047003083
223 0.948892314254169
224 0.928660672814729
225 0.948239865869460
226 0.965534931979745
227 0.970968454578540
228 0.927596714616874
229 0.929322302762108
230 0.966749145362439
231 0.954629152394492
232 0.939006251127637
233 0.944328182001510
234 0.964047086546114
235 0.940286212276522
236 0.959595045115857
237 0.967181057975690
238 0.949816042999753
239 0.973068580008539
240 0.970579599588630
241 0.979711485284982
242 0.946638454229927
243 0.960825016011900
244 0.996698534267571
245 0.965403775779652
246 0.983442257845837
247 0.978008347041220
248 0.968298576538310
249 0.998833872039273
250 0.979446204544521
251 0.996433233655967
252 0.978186056160954
253 0.983562465687822
254 1.007799798791645
255 1.135188087527527
