0 4095.916000000000167
1 0.005432420259667
2 0.006125420060280
3 0.005672752123251
4 0.005402428798374
5 0.005856511339952
6 0.005789267395497
7 0.006011751277900
8 0.006093144713046
9 0.006389773825149
10 0.006990485615601
11 0.006953626701226
12 0.007700733593999
13 0.007971267837112
14 0.008287372736037
15 0.008692193439519
16 0.008669050088000
17 0.009520210806227
18 0.010282564444961
19 0.010906035793301
20 0.011452642033616
21 0.012135303426459
22 0.013256201043960
23 0.013781020343671
24 0.014053400929234
25 0.015432917374778
26 0.015967025809866
27 0.017195568213687
28 0.018354661512391
29 0.018621988655369
30 0.020746692220185
31 0.021976317486327
32 0.023442174843548
33 0.023875860849817
34 0.026364266843205
35 0.027878982228849
36 0.028853758177364
37 0.032611793617388
38 0.035225774280446
39 0.037806560656809
40 0.038420255084396
41 0.044268797132042
42 0.045713960250917
43 0.052045684491322
44 0.054951750505149
45 0.062434297337396
46 0.067860367972566
47 0.073975867039859
48 0.082959026670900
49 0.104531199021064
50 0.112027202483375
51 0.142228525483067
52 0.172629070248962
53 0.205631719268909
54 0.260186831944930
55 0.346398024433137
56 0.443175767989870
57 0.621569488036869
58 0.781633619653984
59 1.233689050376644
60 1.525656197349386
61 2.021271650477651
62 2.554832146191584
63 3.110098821264393
64 3.199654909524820
65 3.302746935492428
66 3.479171398513768
67 3.231242935411962
68 2.846453761587301
69 2.965601516102258
70 2.380888388097599
71 2.206212208894881
72 2.007049686486016
73 1.784922343640084
74 1.600081507738543
75 1.262618798196218
76 1.208712625596248
77 1.115872770820998
78 1.001559685830577
79 0.932950645717922
80 0.781534493684029
81 0.788854190526143
82 0.696132654237272
83 0.667519106285334
84 0.672675406968029
85 0.622960846937887
86 0.636000235822020
87 0.585324745403630
88 0.582740541054358
89 0.600100403105198
90 0.535703394163911
91 0.574291813101713
92 0.525766673808619
93 0.524026174867876
94 0.555352774110274
95 0.515217221259010
96 0.513209911154105
97 0.539233224305822
98 0.520790108081522
99 0.531794703260167
100 0.494106698463373
101 0.533116975579658
102 0.541071297254403
103 0.516440648033464
104 0.547801128277546
105 0.526473917345516
106 0.555341599380681
107 0.579593209392929
108 0.637430361540280
109 0.660561726512666
110 0.673256141163452
111 0.728594979539340
112 0.764648954686783
113 0.809385443859643
114 0.870879277633943
115 0.907558383357236
116 0.991276185696171
117 1.016294456865529
118 1.080536540755354
119 1.110357127573792
120 1.232704058084280
121 1.283826326618110
122 1.367285357856056
123 1.316085549754139
124 1.418456182936821
125 1.486387667627282
126 1.451685607517789
127 1.391797204113669
128 1.483442112871969
129 1.438595689988512
130 1.493527175014229
131 1.362535875421798
132 1.393606929174344
133 1.343147999092169
134 1.253699782094798
135 1.309017714741564
136 1.251776258373249
137 1.195570064180982
138 1.217734313544864
139 1.098131469237148
140 1.120827521825744
141 1.112961576266179
142 1.173549138164000
143 1.106136502565657
144 1.047040148699631
145 1.057245563853773
146 1.061784358287666
147 1.010939568083682
148 0.988339385258215
149 0.919025796754373
150 0.957457727766830
151 0.863108303617822
152 0.884421358406449
153 0.914389504504015
154 0.842967107094821
155 0.915404275831224
156 0.827276906809800
157 0.828837481065889
158 0.850190247459696
159 0.808764648765297
160 0.845487215263382
161 0.796751383134630
162 0.816192490563059
163 0.804607978955670
164 0.802604629177616
165 0.815923083598330
166 0.798913881358946
167 0.821624445870047
168 0.833363403904359
169 0.845215331083905
170 0.849297025990440
171 0.842795797780605
172 0.849341872295507
173 0.909711804834295
174 0.920466552028969
175 0.951335999664232
176 0.929447482529262
177 0.966622528809793
178 0.967383270981383
179 0.957263492627438
180 0.984325705179588
181 0.970750826553125
182 0.974855982965486
183 1.019745188978684
184 1.036750348206156
185 1.078615518285725
186 1.013547520497885
187 1.082241918320862
188 1.102532938312811
189 1.070547099792297
190 1.084104512529219
191 1.091484449075041
192 1.083115267772362
193 1.091749008339886
194 1.084667285668476
195 1.125572098887156
196 1.093822157278724
197 1.071596794485782
198 1.092734332551351
199 1.086443065308685
200 1.041928444597925
201 1.068450341054609
202 1.115421567830539
203 1.098041405710098
204 1.093287805153345
205 1.098392402052432
206 1.087004955849158
207 1.078464179589278
208 1.052442626413046
209 1.077229935877293
210 1.061941101746807
211 1.039962330627728
212 1.009815535356267
213 1.012378396235234
214 1.006675592497866
215 1.028474673463059
216 1.039609836241530
217 0.987099234909935
218 0.966757377687842
219 0.999527169888779
220 0.980206706364889
221 0.976149004602885
222 0.947320684149189
223 0.951046349429137
224 0.930480956886478
225 0.946601029742916
226 0.966269620974956
227 0.966638743694009
228 0.927410059174775
229 0.932566738648158
230 0.962924958412514
231 0.952083290289922
232 0.939747335249429
233 0.944375420147262
234 0.965019334032654
235 0.938663417407400
236 0.959063056012757
237 0.962904813944598
238 0.950990059978311
239 0.975069043135272
240 0.972905143788953
241 0.979932006780565
242 0.947974321033589
243 0.963391091571317
244 0.995006795763118
245 0.967510797715371
246 0.986812075000302
247 0.978540720656385
248 0.970875057253999
249 0.999771916396263
250 0.981404298301256
251 0.995325383384256
252 0.981134735226330
253 0.984180809723953
254 1.007027371027804
255 1.164766816279619
