0 4095.833333333333485
1 0.005510841636180
2 0.006102064813418
3 0.005710945353110
4 0.005450568001290
5 0.005863050245528
6 0.005761897344417
7 0.006046800853934
8 0.006097400571505
9 0.006377159537712
10 0.007002827417096
11 0.006963875903616
12 0.007708740128911
13 0.007920610448736
14 0.008281142955307
15 0.008715117014271
16 0.008659649735791
17 0.009496181229626
18 0.010257966953309
19 0.010867239502615
20 0.011441572765578
21 0.012162484782948
22 0.013274680209269
23 0.013723235731953
24 0.014061384385404
25 0.015463842201092
26 0.015954836649172
27 0.017228472229224
28 0.018299982033280
29 0.018632626826329
30 0.020767550172516
31 0.021951975140953
32 0.023437862469478
33 0.023817346002851
34 0.026411123110758
35 0.027918228941379
36 0.028804153634148
37 0.032610539143800
38 0.035197489161231
39 0.037899930474852
40 0.038401793264460
41 0.044247764740451
42 0.045525094542520
43 0.052052490170041
44 0.054719358691098
45 0.062316013122184
46 0.068133459053640
47 0.073983729296661
48 0.083117854682284
49 0.104596210643742
50 0.112239369997614
51 0.142143974029888
52 0.172457961080702
53 0.205274492068142
54 0.259930781069532
55 0.346425445181803
56 0.443384337523646
57 0.620433651161422
58 0.781889433378126
59 1.235084321461140
60 1.525263626809890
61 2.023328891950124
62 2.554818843945633
63 3.110760424977353
64 3.197079625820410
65 3.304974353069806
66 3.481240663095773
67 3.229936913376065
68 2.847247961404033
69 2.960228265450193
70 2.377744300662236
71 2.205733622887162
72 2.007726971180300
73 1.784528070078387
74 1.601363081224804
75 1.263038039358821
76 1.208451546712186
77 1.115662464045656
78 0.999992072258684
79 0.933010188417635
80 0.783878943646097
81 0.788436890847028
82 0.696253297678216
83 0.668100835724249
84 0.672661678704300
85 0.623298519415729
86 0.637765943514524
87 0.585798843238995
88 0.582507727475226
89 0.600482594308120
90 0.536461387750536
91 0.573949933178232
92 0.525358800207346
93 0.524072556904000
94 0.554920082023226
95 0.515374781630110
96 0.512758462924534
97 0.539052215274518
98 0.521875903073188
99 0.531202933251500
100 0.493879819226902
101 0.532650357795403
102 0.541089663849173
103 0.516895500394490
104 0.546896587789234
105 0.525849400242085
106 0.555502706148239
107 0.578649590963251
108 0.638526975160522
109 0.660406485838195
110 0.672956756579951
111 0.728683068111836
112 0.765798505065372
113 0.808535552897124
114 0.871835643969143
115 0.908308750873444
116 0.990983751342876
117 1.017116543974377
118 1.080159162470954
119 1.110302865979989
120 1.232415538693298
121 1.283742106381285
122 1.367828217267794
123 1.315802139252186
124 1.419475098941950
125 1.487198639134383
126 1.451844516181701
127 1.390902959068965
128 1.482183233577034
129 1.438282305099973
130 1.493795157473208
131 1.361826018930716
132 1.393067217300288
133 1.341586515496625
134 1.253316498530310
135 1.310450070844418
136 1.251602554774946
137 1.195827182001235
138 1.217498678682249
139 1.097879969044512
140 1.121253399533923
141 1.113671792241089
142 1.173600284353537
143 1.105996713682203
144 1.046275089632527
145 1.057967120296050
146 1.061759950398915
147 1.012293493129457
148 0.988974081550444
149 0.918458771586562
150 0.956376306055451
151 0.863508487499644
152 0.885843230279058
153 0.914957920757492
154 0.842348886217999
155 0.913663734151606
156 0.827695292680320
157 0.828132712617574
158 0.851461945604128
159 0.809326895844351
160 0.845865385177315
161 0.796106342822127
162 0.815503849205302
163 0.804614614059680
164 0.802790159891716
165 0.815459178928929
166 0.798454242921411
167 0.822199459670517
168 0.833168752656450
169 0.845694974180275
170 0.849448466425664
171 0.842468477074274
172 0.848442410576599
173 0.910113684504355
174 0.921319202761244
175 0.951699170174509
176 0.929561313169600
177 0.967132113665929
178 0.968015873519205
179 0.957222415519593
180 0.983317968827210
181 0.971241779327598
182 0.973118749723004
183 1.019115795445599
184 1.037027684114767
185 1.077950057830835
186 1.014241521996186
187 1.081619226694882
188 1.103511029979200
189 1.069592508476003
190 1.084313256351102
191 1.092425369798388
192 1.084818940075774
193 1.091473873742105
194 1.083892709982139
195 1.125183752730430
196 1.094411805059293
197 1.069764022804742
198 1.093008539756604
199 1.086266972393397
200 1.042094697531159
201 1.067852404550461
202 1.115267242436446
203 1.098103290265940
204 1.095410824672827
205 1.098074927611807
206 1.088209920135135
207 1.078353057511545
208 1.052005377787683
209 1.076345150784239
210 1.061574508894218
211 1.039471708094855
212 1.009862473887848
213 1.012556687761886
214 1.007940508594632
215 1.029088583810158
216 1.039600610116616
217 0.986732841685827
218 0.966441354382518
219 0.998391377440721
220 0.979817499577258
221 0.975603224383746
222 0.947480667314370
223 0.950997218239107
224 0.930245404732225
225 0.947867243544982
226 0.966250432328564
227 0.966195746417828
228 0.927552749973130
229 0.932332661868643
230 0.962533285312306
231 0.952015546214151
232 0.939977522563919
233 0.944888586864830
234 0.966126600751275
235 0.938810484946618
236 0.959014201391388
237 0.963441397091691
238 0.950967166365710
239 0.974841950345961
240 0.972739736630593
241 0.978924519736810
242 0.948669464900095
243 0.962686492429265
244 0.994989956516918
245 0.967594008076088
246 0.986535693562212
247 0.979201001136453
248 0.971158572234566
249 1.000100171588844
250 0.982660058064639
251 0.996486119348237
252 0.981283282602833
253 0.983151576064440
254 1.005356638576679
255 1.171029281135775
