0 4095.812222222222317
1 0.005574164502334
2 0.006157788057207
3 0.005675996666937
4 0.005445956919047
5 0.005830163475527
6 0.005780896100232
7 0.006035962046014
8 0.006054388479512
9 0.006395058231868
10 0.007008941114952
11 0.006964900463008
12 0.007737118101793
13 0.007992751310093
14 0.008363366352818
15 0.008739130274271
16 0.008677234370813
17 0.009502324791014
18 0.010229329555371
19 0.010914989547940
20 0.011452979336185
21 0.012203675394377
22 0.013345350711974
23 0.013714643105653
24 0.014047528427522
25 0.015445320816631
26 0.015928460836650
27 0.017144671450933
28 0.018236582898117
29 0.018733348506242
30 0.020800849539200
31 0.021904106333476
32 0.023419769313602
33 0.023782307546229
34 0.026375314677048
35 0.027913162340956
36 0.028755133139343
37 0.032507617310076
38 0.035001135339862
39 0.037806766102098
40 0.038359735921652
41 0.044221021233261
42 0.045475130279884
43 0.052156802121830
44 0.054804054036160
45 0.062162471895321
46 0.067967953145059
47 0.073858180657133
48 0.082831370942587
49 0.104238941656921
50 0.111813874887686
51 0.141810566343820
52 0.172473686972386
53 0.204847631937138
54 0.259132436173605
55 0.347287391263022
56 0.443650582200831
57 0.619099694568501
58 0.781822037862996
59 1.234790800604663
60 1.526033783889373
61 2.025640277292167
62 2.551481842557137
63 3.119515634643162
64 3.196754245776323
65 3.302628372136357
66 3.484362015920480
67 3.233416678087427
68 2.846485148367379
69 2.953068211855735
70 2.371714907481830
71 2.209056454398912
72 2.007226899083826
73 1.783820508379895
74 1.603003282859341
75 1.263221533924226
76 1.209734176970844
77 1.115566131255732
78 0.999863096121379
79 0.933362058099492
80 0.783653368192520
81 0.788073291987918
82 0.696243656500510
83 0.666679077433032
84 0.672246930902483
85 0.624288652500622
86 0.637708464285723
87 0.586892711877408
88 0.582523065938635
89 0.599872407607724
90 0.537212336203376
91 0.575328119955286
92 0.526704864916098
93 0.523496292846734
94 0.554708853542368
95 0.514406708745908
96 0.513477172784104
97 0.540484349286381
98 0.522577615183103
99 0.531013438770378
100 0.493305022881624
101 0.532626754478235
102 0.541111755538542
103 0.517322468898184
104 0.546660687315264
105 0.525894566378518
106 0.554247638311593
107 0.578368327094716
108 0.637940933707314
109 0.660089774166919
110 0.672993213961433
111 0.728114098447103
112 0.766380824139939
113 0.807192196529579
114 0.871280289909442
115 0.908350169328459
116 0.991312785757245
117 1.016738623273380
118 1.079567570829255
119 1.109203294783772
120 1.232583807004245
121 1.282157508220470
122 1.366497993782933
123 1.318604717806836
124 1.417453448098088
125 1.487977946462960
126 1.450818845536566
127 1.391515442427721
128 1.480514194234850
129 1.438637807281892
130 1.493619991707981
131 1.363647038898787
132 1.393135718534129
133 1.344776798772087
134 1.252334814853045
135 1.310672922861843
136 1.253162431391864
137 1.197378674939008
138 1.217282645794673
139 1.098851552322399
140 1.122813362941387
141 1.113472048861159
142 1.172623197296656
143 1.107772131789919
144 1.046378755931092
145 1.056795585446067
146 1.061275852365829
147 1.009728977457525
148 0.988906051036040
149 0.919770923557745
150 0.958461754893557
151 0.862949703567398
152 0.885093127673649
153 0.915720387854916
154 0.841867083674751
155 0.914908481886276
156 0.826572995942779
157 0.829147787074854
158 0.851173295359318
159 0.809382280447139
160 0.846396775112010
161 0.796843047926129
162 0.814776417729235
163 0.802746221179394
164 0.802068777469319
165 0.814393187067656
166 0.797149321235851
167 0.821848274882967
168 0.832556279024177
169 0.844329524556582
170 0.848450255602931
171 0.843200332920277
172 0.847947436658538
173 0.911599881989291
174 0.920065813531419
175 0.951965013416468
176 0.931364359825711
177 0.967619998669592
178 0.968060894760948
179 0.956972055810778
180 0.983684655652061
181 0.970565760286195
182 0.972735724860576
183 1.017536454721266
184 1.036987943752766
185 1.077261414967548
186 1.015095986716549
187 1.082719011587700
188 1.102867831837675
189 1.070168174526943
190 1.082791265221316
191 1.092521272926764
192 1.083703271415659
193 1.092548605460041
194 1.085042119773857
195 1.126305451903773
196 1.096894446714617
197 1.069771344162857
198 1.092257622815530
199 1.086107664889135
200 1.042147373319156
201 1.068721430171241
202 1.116057032124063
203 1.098123363962324
204 1.095772638745461
205 1.098116357138876
206 1.087375850727010
207 1.079499540016145
208 1.051144921733617
209 1.077936265588187
210 1.059562551059509
211 1.040467909144604
212 1.011236688241885
213 1.014990130110309
214 1.007494716863103
215 1.029621799860616
216 1.039218449929514
217 0.986242424803093
218 0.966176396399614
219 0.998048956443627
220 0.978919326448484
221 0.975600185220717
222 0.946267625444296
223 0.950299816664770
224 0.928808231903192
225 0.947614281709849
226 0.964567847616581
227 0.966859752818876
228 0.927081364755154
229 0.931182632205035
230 0.961594973733150
231 0.951933647881139
232 0.939733580444698
233 0.945748740014435
234 0.964578300135520
235 0.939219847459370
236 0.958276637563899
237 0.964373080039761
238 0.951697076050198
239 0.975831363428244
240 0.973210720003668
241 0.979802585732939
242 0.949954488999101
243 0.962817557582130
244 0.994718891329094
245 0.968694182150412
246 0.986310399039012
247 0.979084216882932
248 0.969618789816715
249 0.999682651952406
250 0.982251903961560
251 0.995703228273803
252 0.981809059527990
253 0.983828462119562
254 1.004842628601235
255 1.169793271363193
