0 4096.003333333333103
1 0.005574210368532
2 0.006249190580353
3 0.005736265640353
4 0.005514089399734
5 0.005840144944114
6 0.005870398660543
7 0.006075820172562
8 0.006087163370786
9 0.006397577390472
10 0.006981786881163
11 0.007002885902446
12 0.007719040872263
13 0.008026462594258
14 0.008304666252361
15 0.008769903871415
16 0.008681305901175
17 0.009477553946273
18 0.010313228984083
19 0.010986009578303
20 0.011446314675415
21 0.012247394387975
22 0.013294061325257
23 0.013782307638329
24 0.014073140485930
25 0.015410966611074
26 0.016090430421846
27 0.017143251193793
28 0.018444436030890
29 0.018508106078554
30 0.020854859606296
31 0.022024015599296
32 0.023386416553209
33 0.023888178394434
34 0.026315662460866
35 0.028030479270337
36 0.028914622843781
37 0.032399730820630
38 0.035173600352228
39 0.037557895665558
40 0.038326984794816
41 0.044368283663745
42 0.045802087924625
43 0.052009814677445
44 0.054857420478652
45 0.062697022864889
46 0.067849235135289
47 0.074256521226660
48 0.082889404436690
49 0.104416903227757
50 0.111548213358371
51 0.142748643783794
52 0.171701665583046
53 0.205741912389346
54 0.260204800871058
55 0.345300539872768
56 0.443552897419842
57 0.623106648049116
58 0.782370157978478
59 1.236686157898480
60 1.525783367983927
61 2.022852324451717
62 2.552542414724372
63 3.115814130441864
64 3.202093729090923
65 3.303930724165741
66 3.467149622773793
67 3.223455983497775
68 2.850017231231975
69 2.966380838821784
70 2.376732995507027
71 2.203774091294453
72 2.008395402884442
73 1.784979338383880
74 1.601664934611476
75 1.266948632569446
76 1.203747782246065
77 1.121294664694861
78 0.998589945666222
79 0.934974332024945
80 0.783476260368978
81 0.789987753274452
82 0.695757782845583
83 0.666752895471192
84 0.672159336259077
85 0.623141240204714
86 0.636255551549755
87 0.586470451739415
88 0.582496067097419
89 0.597982669180661
90 0.535451698924171
91 0.575110568747630
92 0.525310215812201
93 0.523619652551013
94 0.555165557444927
95 0.517789943586096
96 0.513036118207675
97 0.540483967874480
98 0.521702123224416
99 0.533250345390041
100 0.494360423719638
101 0.534581030759783
102 0.539745424935662
103 0.515784019865273
104 0.547383603252113
105 0.526297443312770
106 0.555313008517271
107 0.578227874550714
108 0.637293614348901
109 0.661753929516083
110 0.672762009259904
111 0.727884779946831
112 0.765328034621927
113 0.809090326476616
114 0.868695649144381
115 0.905643814583246
116 0.990439773437049
117 1.014379176289060
118 1.082227695150097
119 1.111617054267536
120 1.234041109790655
121 1.281881432820638
122 1.371116476996377
123 1.312276325332417
124 1.421286275196688
125 1.485970180684985
126 1.449108879989129
127 1.394446573162053
128 1.486134979542925
129 1.436359663410832
130 1.492487858711169
131 1.363304414285221
132 1.394674283307409
133 1.340825802178218
134 1.253360042886059
135 1.310301105539726
136 1.252300378303412
137 1.193249437484434
138 1.217413876170328
139 1.094142990064826
140 1.124317441935275
141 1.113128931109851
142 1.174247909597161
143 1.106210589730750
144 1.048944584280590
145 1.057861313905860
146 1.061469817398289
147 1.011125114460076
148 0.989817879159270
149 0.919919022998528
150 0.955897087401589
151 0.863330325605640
152 0.884575902231508
153 0.914758913886099
154 0.843659362202999
155 0.917073395236429
156 0.827761575608471
157 0.828625931990973
158 0.851148306951809
159 0.809414588644221
160 0.845585376958621
161 0.793552288069748
162 0.817634890478222
163 0.805971101565854
164 0.800329417924773
165 0.816355916253283
166 0.799501790935047
167 0.819491375385268
168 0.833555796683786
169 0.845574683261131
170 0.846790772103360
171 0.842612316545599
172 0.848802067284132
173 0.910398774178638
174 0.919548983582396
175 0.951932338936649
176 0.929212396281261
177 0.968003232914061
178 0.967423664377657
179 0.958090532438213
180 0.985724706703201
181 0.969539984306315
182 0.975746259728171
183 1.017100501362360
184 1.035283778860610
185 1.078251440680754
186 1.012952025479883
187 1.082990535471177
188 1.100598177918947
189 1.071000389744475
190 1.083196114426009
191 1.090310904740304
192 1.082563846533983
193 1.091257327295139
194 1.083369399540100
195 1.125406030997331
196 1.089969748638051
197 1.073123729126696
198 1.091896073942713
199 1.087901280054663
200 1.041775420536457
201 1.069270774164206
202 1.118060897765051
203 1.102841984514779
204 1.093171508688351
205 1.099654946778500
206 1.086426657415797
207 1.077256809781054
208 1.054081345852959
209 1.076260721902370
210 1.062472435140278
211 1.039276941269534
212 1.012807976872553
213 1.013307649659176
214 1.006400838249137
215 1.029661297963003
216 1.038354830764158
217 0.988925725284158
218 0.965978595326285
219 0.999647698419699
220 0.980179728002644
221 0.976773416953229
222 0.946529847170631
223 0.950123433678617
224 0.930603274180856
225 0.946445605910242
226 0.966499579668234
227 0.967811226628193
228 0.925766308497647
229 0.930347808799358
230 0.964647844321691
231 0.953116461040157
232 0.940748515192116
233 0.942002819173691
234 0.964872505260242
235 0.938734162522095
236 0.959876643118730
237 0.964060792804281
238 0.950918472378456
239 0.975272405207739
240 0.972590646811459
241 0.981418822359034
242 0.946487053713407
243 0.963043967244284
244 0.997525908671793
245 0.966103409400967
246 0.985984646542974
247 0.976042338921941
248 0.968121068923544
249 0.998494448599180
250 0.979654216330352
251 0.994141056529111
252 0.978995437407340
253 0.985630554556690
254 1.007705694881055
255 1.141863090144643
