0.0373192 0.0500375
0.248487 0.0871498
0.310694 0.0590268
0.387429 0.0392557
0.580296 0.0378054
0.669842 0.0741507
0.830834 0.11567
0.902969 0.0827777
0.083923 0.238024
0.230585 0.134059
0.285174 0.127019
0.436943 0.231331
0.5993 0.146734
0.627099 0.225508
0.848941 0.148156
0.955593 0.166308
0.0994666 0.344294
0.138984 0.282718
0.300245 0.300636
0.396073 0.369627
0.511708 0.301074
0.642172 0.352579
0.843203 0.371475
0.987581 0.270718
0.043893 0.477729
0.242046 0.408892
0.357361 0.417016
0.492968 0.39126
0.565592 0.465874
0.748984 0.461818
0.852485 0.463756
0.928522 0.493494
0.0572566 0.506903
0.17544 0.544564
0.295184 0.554562
0.426659 0.594467
0.569106 0.603766
0.722342 0.564743
0.849383 0.517766
0.907888 0.569059
0.110483 0.727759
0.218325 0.729636
0.311588 0.688304
0.499485 0.679002
0.545354 0.694753
0.67809 0.667795
0.874059 0.634379
0.929004 0.733423
0.0253085 0.767859
0.180952 0.849049
0.314429 0.86517
0.430888 0.833589
0.622895 0.811183
0.637458 0.82598
0.789089 0.764723
0.909213 0.780669
0.0103702 0.997241
0.210835 0.932374
0.349631 0.989489
0.448772 0.980313
0.511976 0.90855
0.690881 0.877984
0.856977 0.90694
0.885546 0.936766
