0.049233 0.00546384
0.0862151 0.0227898
0.186866 0.0478376
0.189507 0.0527572
0.252617 0.0322515
0.36536 0.0492747
0.424896 0.0509332
0.481843 0.0196448
0.526894 0.0441689
0.610575 0.0492909
0.628313 0.062165
0.749362 0.0463531
0.761021 0.0345958
0.836295 0.00874093
0.925071 0.0346935
0.981142 0.0597764
0.00730321 0.0747604
0.121621 0.0784901
0.126384 0.112431
0.203827 0.105991
0.290023 0.0969585
0.327324 0.0818733
0.422962 0.0833452
0.469829 0.0736471
0.545471 0.121936
0.60723 0.0951559
0.653757 0.0695775
0.727643 0.0881185
0.76123 0.115847
0.825191 0.097472
0.911783 0.0629118
0.978126 0.0793094
0.00887469 0.145659
0.0922022 0.168758
0.132718 0.179818
0.236605 0.141805
0.278392 0.127916
0.345044 0.166898
0.437308 0.137311
0.446496 0.173784
0.512216 0.171873
0.57323 0.176193
0.680542 0.126695
0.688153 0.150812
0.751709 0.179239
0.839881 0.163379
0.89916 0.174465
0.984509 0.137259
0.0367637 0.229
0.0720738 0.204718
0.14425 0.228086
0.222644 0.199201
0.264956 0.222171
0.342102 0.233203
0.412614 0.214251
0.437794 0.195704
0.557773 0.225246
0.585521 0.248623
0.674029 0.188332
0.693406 0.240393
0.79798 0.24512
0.842295 0.210155
0.894228 0.238752
0.975256 0.192158
0.019095 0.292335
0.101311 0.266284
0.162691 0.278778
0.211798 0.29027
0.307724 0.293687
0.363504 0.257636
0.425265 0.250933
0.48681 0.307542
0.509706 0.26194
0.614839 0.304886
0.644209 0.273127
0.724116 0.292958
0.811604 0.307238
0.829859 0.26608
0.899987 0.308451
0.972579 0.300006
0.0125236 0.331693
0.0970888 0.353198
0.134942 0.354677
0.215322 0.32363
0.257637 0.335599
0.344066 0.361354
0.419025 0.362469
0.495052 0.372419
0.548992 0.368281
0.567344 0.348441
0.666853 0.353081
0.712684 0.370755
0.793886 0.341216
0.816394 0.333001
0.903653 0.329439
0.968889 0.355754
0.0585525 0.435772
0.064878 0.403894
0.15258 0.433927
0.215557 0.393331
0.25289 0.432707
0.340899 0.431774
0.422418 0.401966
0.453633 0.411732
0.555229 0.402917
0.579433 0.402007
0.675402 0.38007
0.693141 0.42681
0.80737 0.39139
0.855266 0.376562
0.92472 0.432981
0.942762 0.411214
0.0566957 0.498823
0.0784308 0.488432
0.125225 0.494232
0.245194 0.4645
0.269157 0.492977
0.323773 0.488907
0.404028 0.49307
0.47059 0.472982
0.546813 0.452006
0.596971 0.455496
0.679867 0.48056
0.723794 0.481893
0.76886 0.454767
0.823507 0.451458
0.904081 0.466449
0.999185 0.475622
0.0607372 0.550952
0.122321 0.519252
0.146531 0.55341
0.192367 0.549459
0.256976 0.541772
0.367073 0.514828
0.422008 0.504172
0.438102 0.5584
0.559845 0.542456
0.582697 0.509907
0.631476 0.537293
0.738831 0.557601
0.782726 0.505855
0.873184 0.555433
0.902969 0.543819
0.977804 0.517626
0.0293358 0.612113
0.078284 0.573505
0.146551 0.612515
0.237826 0.593072
0.27254 0.610083
0.337129 0.590031
0.411511 0.620502
0.495847 0.583103
0.559494 0.581979
0.570558 0.623405
0.651825 0.564176
0.735125 0.584283
0.795749 0.568606
0.831247 0.618302
0.89296 0.584681
0.99795 0.574938
0.0622249 0.663532
0.0740984 0.670701
0.17424 0.657819
0.205444 0.661069
0.258149 0.685512
0.356155 0.680419
0.391327 0.67038
0.446755 0.644052
0.540097 0.682195
0.598209 0.678352
0.657781 0.655648
0.700501 0.627578
0.792241 0.679239
0.829118 0.657222
0.918286 0.685542
0.971679 0.627904
0.0282593 0.705308
0.101276 0.724436
0.15382 0.690359
0.232297 0.712605
0.253569 0.694732
0.324046 0.731175
0.433445 0.736871
0.468894 0.693544
0.532714 0.708549
0.611446 0.713037
0.663387 0.72924
0.689701 0.714798
0.810704 0.708669
0.818264 0.691979
0.911723 0.729642
0.991082 0.705731
0.0540563 0.806453
0.120293 0.761933
0.146282 0.751841
0.227081 0.800788
0.25705 0.798706
0.34179 0.786273
0.426813 0.773581
0.467266 0.773498
0.551419 0.775777
0.621807 0.786847
0.665018 0.78012
0.704306 0.792427
0.750768 0.763314
0.815508 0.764033
0.882782 0.766545
0.996108 0.756643
0.0294836 0.866102
0.122126 0.817665
0.147265 0.85312
0.210604 0.857445
0.267248 0.844395
0.317737 0.852371
0.416536 0.818358
0.471725 0.841783
0.509546 0.845183
0.586096 0.847647
0.64104 0.866329
0.720367 0.845954
0.751666 0.820519
0.846821 0.840572
0.884471 0.817767
0.941658 0.813195
0.0362419 0.929669
0.114829 0.907288
0.140054 0.899023
0.194614 0.905856
0.287313 0.879206
0.350487 0.913339
0.424762 0.898648
0.487305 0.909333
0.512172 0.892476
0.601586 0.882591
0.63472 0.9185
0.707485 0.900832
0.798489 0.879848
0.87086 0.884827
0.914874 0.889664
0.995197 0.9215
0.0432945 0.966172
0.0664189 0.988161
0.184968 0.953259
0.192699 0.98273
0.25988 0.946945
0.357128 0.939175
0.409507 0.972244
0.45318 0.956805
0.556056 0.989906
0.57314 0.946145
0.63914 0.967774
0.733103 0.998272
0.774978 0.973999
0.838483 0.998894
0.909785 0.974858
0.983632 0.990636
