0 1023.087314453125032
1 0.469909379991257
2 0.745271771255277
3 0.814871120561870
4 0.829859799328920
5 0.925937098012750
6 0.882138506000513
7 0.901798295340463
8 0.943321441612780
9 0.922455831781031
10 0.935547719961302
11 0.947607337893993
12 0.957849080048473
13 0.946138253418444
14 0.957727893064747
15 0.956284580370014
16 0.956603377706431
17 0.961735417412589
18 0.969532761412206
19 0.961241539973063
20 0.944087076972178
21 0.976062412569777
22 0.967233824421068
23 0.971350796507852
24 0.971663510163082
25 0.978800890873960
26 0.967398150474976
27 0.979190509189813
28 0.975304640388522
29 0.975339475411194
30 0.972190942768976
31 0.982083283669586
32 0.979979327267296
33 0.980572342002876
34 0.978332400108493
35 0.984705214180322
36 0.992019527222589
37 0.976644470255136
38 0.974721950383722
39 0.990875318110619
40 0.988600741656123
41 0.980865969281484
42 0.987376966503955
43 0.988223079782388
44 0.982917355817492
45 0.977696172303758
46 0.997738926576235
47 0.982247705782844
48 0.979811554866966
49 0.981451791422464
50 0.990536921154804
51 0.986073349089923
52 0.983661284597903
53 0.988007162836767
54 0.985004313797821
55 0.987808680883851
56 0.986806662442145
57 0.990944829768103
58 0.985701776433363
59 0.996609287119766
60 0.991376083051682
61 0.989510567346668
62 0.988065891614109
63 0.989984089460570
64 0.985869874989495
65 0.991923804218903
66 0.993004107428283
67 0.987071874658367
68 0.989383904738168
69 0.986677048555800
70 0.984787916565867
71 0.991610365585928
72 0.993960347567672
73 0.993758278122951
74 0.994503694105794
75 0.992110484271154
76 0.988472024767177
77 0.984719671075869
78 0.994272284013653
79 0.990628348865677
80 0.991829242985602
81 0.992175369018756
82 0.989667148354910
83 0.993347282934185
84 0.992614524927417
85 0.991135276930635
86 0.987172144777315
87 0.989984589739713
88 0.995261099939337
89 0.998559021185191
90 0.996033871901501
91 0.996375748233538
92 0.989173030126991
93 0.994464601452461
94 0.993753591527666
95 0.992850831764418
96 1.002294521734963
97 0.994382080703066
98 0.988018272285027
99 0.996838474304797
100 0.994189219400970
101 0.993198566876356
102 0.986489940277797
103 0.998817310657488
104 0.994708255524094
105 0.996475777880811
106 0.995743909213168
107 0.987615427134558
108 0.990089378119763
109 0.992670254880726
110 0.992743445326901
111 0.988909213631089
112 0.998709701773257
113 0.996548567983379
114 0.993575867947873
115 0.989026599658518
116 0.995008101986101
117 0.993227348309413
118 0.994177962297710
119 0.999394456098277
120 0.992185110816445
121 0.995635604514572
122 0.996034000096998
123 0.997682470620267
124 0.991115683852154
125 0.988651792889456
126 0.996769497054025
127 0.995247950536639
128 0.993869385523799
129 0.994793482365867
130 0.995765540082745
131 0.993593309159480
132 0.997782392055792
133 0.995108816234976
134 0.995596535822165
135 1.000400506242831
136 0.998036824299261
137 0.995857916096796
138 0.993018564137732
139 0.989417508191642
140 0.998228393394357
141 0.994502408447196
142 0.996648026229594
143 0.992052606513874
144 0.994986210049459
145 0.994610817717311
146 0.989890261937463
147 0.995061926134135
148 0.993345843319839
149 0.994364717883531
150 0.994490615689761
151 0.994577113366761
152 0.995970807373901
153 0.997353984477127
154 0.994675055220846
155 0.996347605755587
156 0.994166214007317
157 0.997590745426893
158 0.996889896628913
159 0.997690954902018
160 0.995626493163591
161 0.995237268769593
162 0.994196190271547
163 0.997498691730601
164 0.993061071298638
165 0.997984983879920
166 0.994525333379452
167 0.992580392589909
168 0.999202573320971
169 0.991269085437212
170 0.996921300070468
171 0.997053719051146
172 0.996964023694417
173 0.997268283560079
174 0.996687911839286
175 0.992223426962012
176 0.995418469736592
177 0.992468145450443
178 0.994442874715772
179 0.998846043364379
180 0.995376992660522
181 0.994238023840421
182 1.000118734155161
183 0.994273331974322
184 0.992511160514967
185 0.995593551929157
186 0.993491345479492
187 0.993355397834569
188 0.997111619171500
189 0.993466912760063
190 0.998524136843845
191 0.994120958704976
192 0.994217309855079
193 0.994709336588972
194 0.994004184414805
195 0.994935955222444
196 0.996333751637446
197 1.003724274026131
198 0.998202620699424
199 0.998879131074493
200 0.996738369447189
201 1.000111526680572
202 0.998131583774710
203 0.996607463425145
204 0.996948506510774
205 0.995048826323637
206 0.992691745294211
207 0.997826687448044
208 0.997137639194371
209 0.993062603390752
210 0.993687256795826
211 0.995221350756757
212 1.001674504763691
213 0.995980780438559
214 0.996688317362630
215 0.995387713179172
216 1.003192464284679
217 0.996707166250542
218 0.993169649447915
219 0.992643877175009
220 0.996516678166657
221 0.997188207391153
222 0.996590389080067
223 0.996546449248028
224 0.997582503322621
225 0.997203989982365
226 0.998237765159640
227 0.994719493657194
228 0.997774668250709
229 0.999374126828087
230 0.995103732734502
231 0.997839767395749
232 0.995533329001202
233 0.997093450525099
234 0.997029422523737
235 0.998558290506055
236 0.994419396054321
237 0.998182847007326
238 0.995455727020037
239 0.998063380129966
240 0.999027708301690
241 1.001041194760933
242 0.996593257219474
243 0.998997449472404
244 0.997178032778118
245 0.999122223577172
246 0.999621606489994
247 0.997078635594316
248 1.002624412166399
249 0.998707867786893
250 0.993916655018844
251 0.997875763991149
252 1.000440499362628
253 0.997271822367434
254 0.997119938928101
255 0.862141991905410
