0 1023.007388237847181
1 0.484715877302209
2 0.745387368639606
3 0.797442542049761
4 0.840262883729720
5 0.910189349708677
6 0.888514318329462
7 0.913607795517194
8 0.933816785169370
9 0.922921837054348
10 0.942073311712971
11 0.943964393573624
12 0.959152494771575
13 0.953600599445288
14 0.947706538865437
15 0.961695391623733
16 0.957479192866622
17 0.957786890112014
18 0.964580345827059
19 0.965623924496515
20 0.958919010792836
21 0.971091850426026
22 0.967325624250574
23 0.970790464976755
24 0.966796239843965
25 0.978736755094066
26 0.971176966049736
27 0.976330082151311
28 0.972979780870853
29 0.977640380821949
30 0.974057136210842
31 0.976639405703851
32 0.982214144807605
33 0.986765178212160
34 0.978218169741984
35 0.983250081467326
36 0.985399138792475
37 0.981032317174119
38 0.980662673437697
39 0.987091192521101
40 0.985779963524880
41 0.982897144472011
42 0.986993041149544
43 0.983295056344258
44 0.985651475689027
45 0.985771654679555
46 0.990256820706707
47 0.982607620214176
48 0.983024905681787
49 0.985020886479088
50 0.990891415995322
51 0.988433264135163
52 0.987389022828867
53 0.984638660597620
54 0.988625058882814
55 0.986888176171540
56 0.988292289808669
57 0.990336840387153
58 0.988215217339925
59 0.989503528489161
60 0.988585121980665
61 0.986399463509977
62 0.990953504315605
63 0.987338838173024
64 0.987894424171127
65 0.989048022693978
66 0.990938264122362
67 0.989503694591824
68 0.989480077577225
69 0.989807986376223
70 0.988340631989346
71 0.991195419997324
72 0.993053706115212
73 0.989813001405809
74 0.994738798158409
75 0.992135840378045
76 0.987828279101052
77 0.988410898406666
78 0.993496069687465
79 0.992191433141083
80 0.987630958809687
81 0.993498371224409
82 0.995656909267027
83 0.989688658854844
84 0.993730367389636
85 0.991829344968719
86 0.991677290452601
87 0.991641434386332
88 0.995450323010193
89 0.994467992282669
90 0.994221875659938
91 0.996278102696121
92 0.991756075296634
93 0.993265856645146
94 0.993347231996789
95 0.990432128605346
96 0.995234360490521
97 0.993503280037003
98 0.990518417442707
99 0.992251908873307
100 0.993880899167165
101 0.994073239710150
102 0.990904982212592
103 0.997296200188358
104 0.994939228791032
105 0.994926501317309
106 0.995042141880203
107 0.991265175869151
108 0.993311215418317
109 0.994704934441445
110 0.993916625296189
111 0.993725188490622
112 0.995830349034611
113 0.994391520989598
114 0.994838647294489
115 0.993265453503618
116 0.994502269656420
117 0.993541577838711
118 0.996384821806701
119 0.997215182329376
120 0.992598818575417
121 0.994751367372678
122 0.996500260049714
123 0.995557623582188
124 0.990179579597219
125 0.990759222476030
126 0.996622458436805
127 0.996211136326324
128 0.991422442044269
129 0.994848972149618
130 0.998176124317047
131 0.994378216549018
132 0.993569968655863
133 0.996763180123555
134 0.995031329143499
135 0.996876168866297
136 0.993851641846641
137 0.995414644273510
138 0.992892379885617
139 0.994037860635624
140 0.997039633254751
141 0.993952189110880
142 0.996975035885964
143 0.991811832801282
144 0.995115360821849
145 0.994212991500690
146 0.992172801545504
147 0.995949944234027
148 0.994573234205276
149 0.994519015026397
150 0.996023481604513
151 0.995911250258905
152 0.995115172356720
153 0.998152899168072
154 0.994418668124147
155 0.995606408594483
156 0.995055717729732
157 0.994182323182269
158 0.995622051756133
159 0.997532551646682
160 0.994671818405461
161 0.994260568785409
162 0.996141949549498
163 0.996725543482209
164 0.993097659935146
165 0.995858001886133
166 0.995127465411692
167 0.993677389000655
168 0.998233710892501
169 0.994342854363919
170 0.996380271584094
171 0.997903256783515
172 0.995424499210462
173 0.998165340169327
174 0.995688234591399
175 0.996666799821402
176 0.997249192770478
177 0.995340376789750
178 0.994964761612671
179 0.995833192309865
180 0.994786555691028
181 0.996823723302936
182 0.996503689715181
183 0.996047841997181
184 0.995070347150410
185 0.996546737166742
186 0.994044159100533
187 0.992186134059707
188 0.997757258749963
189 0.995412488749597
190 0.994892851372190
191 0.996595216498168
192 0.994218126381269
193 0.994758677372000
194 0.996546102007027
195 0.994412905085096
196 0.996916241759269
197 0.998403408763881
198 0.996228471273078
199 0.996537325234441
200 0.994584740563812
201 0.998303476793679
202 0.997022074155518
203 0.997012392637558
204 0.995033044312085
205 0.995193459967218
206 0.993775585373761
207 0.997128211973049
208 0.997159199018581
209 0.995629917537075
210 0.995045722069689
211 0.992821975548415
212 0.998396938240782
213 0.996122819311613
214 0.996346889267607
215 0.996416079780591
216 0.999366901853996
217 0.995544484015274
218 0.995737626605319
219 0.998332098053167
220 0.995295925374830
221 0.997513599023488
222 0.996656726560630
223 0.996495675170395
224 0.996620984066993
225 0.994937604240240
226 0.997265211405221
227 0.995871766342370
228 0.997158566922853
229 0.998466736834659
230 0.995766213046333
231 0.996990161779480
232 0.997607071323413
233 0.998345128431494
234 0.997105936022220
235 0.997153838988082
236 0.995831894933933
237 0.997083587634455
238 0.996152621448632
239 0.997414380913695
240 0.997166119909143
241 0.998399462687783
242 0.996962219657816
243 0.995992781000536
244 0.995930927790542
245 0.996696961024845
246 0.997890973735883
247 0.996772621374912
248 0.998938047447507
249 0.996854029132283
250 0.996441692230626
251 0.997815530664655
252 0.999861718193321
253 0.996848030207448
254 0.997562278626848
255 0.873100855162020
