0 1023.072664062500053
1 0.469482816500838
2 0.735987420967635
3 0.812175864727275
4 0.829713808883367
5 0.916202542717204
6 0.887367945994481
7 0.910012959615045
8 0.938051476747739
9 0.921088416218522
10 0.938967099173495
11 0.948871425316279
12 0.958707498220003
13 0.951658786364051
14 0.953296692832216
15 0.958748460001586
16 0.959038140501963
17 0.960834334065773
18 0.966963414038970
19 0.965362628687116
20 0.947283552607678
21 0.973627845767752
22 0.966130378648847
23 0.971674722400539
24 0.965671731261542
25 0.976585933418343
26 0.972941150296448
27 0.981161180970310
28 0.977532972326163
29 0.970736615572476
30 0.968347338076238
31 0.980430560450138
32 0.976760343776238
33 0.990511575205147
34 0.975192495180765
35 0.984458283739315
36 0.988447082392399
37 0.981476854115935
38 0.978295857666390
39 0.987633818507475
40 0.988622684378864
41 0.983655981346579
42 0.986139666534887
43 0.984100628081397
44 0.986436628692927
45 0.982318628162491
46 0.992326808893597
47 0.983654736489666
48 0.978959668384023
49 0.984278480504178
50 0.992024772333233
51 0.989840034650282
52 0.987082645069392
53 0.985162243527774
54 0.985728881168020
55 0.986811400772532
56 0.984948458440153
57 0.993248515884651
58 0.986360781452838
59 0.993168748990542
60 0.991318078109114
61 0.986611411359957
62 0.989471659124890
63 0.988697404761216
64 0.987928059475260
65 0.988459805673931
66 0.988926065056768
67 0.989294160689683
68 0.986780451949172
69 0.987590853694430
70 0.989938503495475
71 0.991861308140298
72 0.991619302003836
73 0.991375935154827
74 0.991371854075115
75 0.991458150774040
76 0.987640312974378
77 0.985570892579524
78 0.993955217508949
79 0.991685041095155
80 0.991589614793638
81 0.992866320377379
82 0.992601079723702
83 0.991485426794012
84 0.994411136557373
85 0.993402868900903
86 0.987411253294125
87 0.991719240240486
88 0.996076035149131
89 0.995553384775249
90 0.995654023445455
91 0.994299568059724
92 0.990672205272593
93 0.995586196452654
94 0.997812575967926
95 0.992602935920919
96 0.996772291972254
97 0.994232918236274
98 0.987209110593056
99 0.992645347124271
100 0.994452521327594
101 0.995137287823543
102 0.989066254417896
103 0.999387330038215
104 0.993792414182301
105 0.997607804118159
106 0.994511619229388
107 0.991722228373034
108 0.990862206965544
109 0.992877004858225
110 0.993950831367401
111 0.992944687334971
112 0.995674041789548
113 0.994258300251294
114 0.995247946070807
115 0.990819908630292
116 0.994694389142573
117 0.994029086843200
118 0.995433168550517
119 0.998807188568985
120 0.994556578666273
121 0.994183510563867
122 0.997144787679004
123 0.996142935130627
124 0.993154156103463
125 0.989341329751746
126 0.997778079722186
127 0.994469446229410
128 0.991812697114022
129 0.994726634220263
130 0.997739529875308
131 0.993314850633649
132 0.995849984051809
133 0.995970027342971
134 0.994824954756035
135 0.998039428853855
136 0.994657221809403
137 0.995571448650214
138 0.991986990305118
139 0.993315060885709
140 0.996446750376151
141 0.993945737933957
142 0.995913721956828
143 0.990505146501948
144 0.994938039059102
145 0.994093834060805
146 0.991157154411752
147 0.995574040881263
148 0.994261900515112
149 0.992215946589465
150 0.996206814810350
151 0.996174007212709
152 0.995990557177976
153 0.999474825397131
154 0.995276709954223
155 0.995437116784844
156 0.996346806119593
157 0.994510285277574
158 0.997248814672742
159 0.996653746667196
160 0.993314227238280
161 0.994816581520238
162 0.994340697896274
163 0.997668220682251
164 0.994034274206033
165 0.996361959370257
166 0.994985855778215
167 0.994189689434965
168 0.997960387301884
169 0.994105776493019
170 0.996676645241240
171 0.997116332341228
172 0.995926209702267
173 0.998522382076650
174 0.997109152219704
175 0.994192196402553
176 0.998547391178299
177 0.994596174599284
178 0.994818690282089
179 0.997077818852661
180 0.995482211490290
181 0.994993004852866
182 0.998379040487719
183 0.995201443439414
184 0.994946602263411
185 0.995762168892936
186 0.993355381081438
187 0.992432007252454
188 0.997688600993368
189 0.993956825409373
190 0.996641650504358
191 0.995321956929908
192 0.995516810449000
193 0.996090168094591
194 0.995887009259538
195 0.995450701728660
196 0.997281488055172
197 1.000137332809333
198 0.997344876785144
199 0.996471437907122
200 0.996897981460212
201 0.997906434341895
202 0.996020407541467
203 0.997273691490448
204 0.996978676786390
205 0.995460945922512
206 0.993762689644136
207 0.996506772227455
208 0.996765105162356
209 0.994070022215878
210 0.994147520890612
211 0.994383479418444
212 0.999746861668585
213 0.996703523675915
214 0.996522280224160
215 0.997464430618782
216 0.999448686234415
217 0.996301362671342
218 0.994433140457269
219 0.995434620766093
220 0.995238206106964
221 0.997223064775311
222 0.997457458779377
223 0.996302278807918
224 0.997502024019965
225 0.994126924006312
226 0.997071582173961
227 0.996129103135522
228 0.997395644364569
229 0.998408124318374
230 0.993662162960533
231 0.997269322575269
232 0.996918315581220
233 0.997274055794091
234 0.997670858639051
235 0.996491035973693
236 0.995424970653506
237 0.998084730852129
238 0.995336572826534
239 0.998055053744160
240 0.998508618149731
241 1.000274939373134
242 0.997800631942339
243 0.996907155663564
244 0.997125182865565
245 0.997978290890972
246 0.999955741502021
247 0.995886248721098
248 1.000161955476374
249 0.998016499168641
250 0.995333881181456
251 0.996835062405093
252 0.999969149121572
253 0.997785638637419
254 0.997984580529251
255 0.864840979292886
