0 1023.000722656249991
1 0.487254698330697
2 0.744961490184568
3 0.794719381363979
4 0.836857899510257
5 0.909046662147906
6 0.887506976076171
7 0.913588326210198
8 0.928909955041440
9 0.925346231336217
10 0.942629134786252
11 0.945445754041445
12 0.956531329026557
13 0.954371006853079
14 0.949743665082091
15 0.962244004554767
16 0.957498196871579
17 0.959955378991428
18 0.964649485903161
19 0.966194237514255
20 0.958442474507919
21 0.971569232150489
22 0.967429973715466
23 0.970895072443077
24 0.966376623300881
25 0.978290540539742
26 0.972933731333430
27 0.977294232357528
28 0.972831110358118
29 0.979142306287654
30 0.973777806222671
31 0.975955435111945
32 0.981155887001589
33 0.987558623450011
34 0.978574795821246
35 0.982571299955862
36 0.985153424492527
37 0.980805099190802
38 0.981372006833657
39 0.986579074959444
40 0.985724821039658
41 0.983237140199842
42 0.986558961913200
43 0.983025360548789
44 0.984965269582309
45 0.984666204642106
46 0.989362968486134
47 0.983543345437513
48 0.983312404051810
49 0.985615502828331
50 0.990819956627332
51 0.989449688036981
52 0.988601664389835
53 0.985243631206547
54 0.988647675317564
55 0.987699200791782
56 0.987752813242443
57 0.990184386493107
58 0.988159117965790
59 0.988705327252307
60 0.988693060956330
61 0.987137468654181
62 0.990447892698298
63 0.987868104371077
64 0.988575032189108
65 0.990002290779154
66 0.990516842816822
67 0.990277108348079
68 0.988426473082178
69 0.989304661072449
70 0.987702174534811
71 0.990926500362202
72 0.993452492122053
73 0.989973563078599
74 0.994277842262727
75 0.992790700205985
76 0.988085201453057
77 0.987972859187463
78 0.993101949034418
79 0.992115516229700
80 0.988341064742097
81 0.992991209746624
82 0.994834859064210
83 0.989279106620999
84 0.992294934575209
85 0.991920345213414
86 0.991728481724620
87 0.991513493877275
88 0.995585178877032
89 0.994836560268836
90 0.993212674681855
91 0.995025147177451
92 0.992122139779662
93 0.992049014837862
94 0.993296506292734
95 0.991537350244887
96 0.995798476005729
97 0.993456310642979
98 0.991616135981038
99 0.991704849598688
100 0.993622481364248
101 0.993618390021273
102 0.991042580409668
103 0.997117692513299
104 0.995676954596082
105 0.994228628504341
106 0.995121767713769
107 0.991118991257378
108 0.993369379699368
109 0.994977329961771
110 0.993618778809389
111 0.993815971262764
112 0.995566082512433
113 0.994981061250624
114 0.994930736710356
115 0.993856625725245
116 0.993762575431313
117 0.993601301416134
118 0.995617713720140
119 0.997226697786225
120 0.992296516733369
121 0.994662812186917
122 0.996327153430975
123 0.995665745072981
124 0.991577315592193
125 0.990428312914945
126 0.995590397441056
127 0.995569318227106
128 0.992368389200738
129 0.994740408796549
130 0.997172471448062
131 0.994792544225308
132 0.992887815949635
133 0.996496568698135
134 0.995510850058781
135 0.996543089523835
136 0.993607775751378
137 0.995086393020572
138 0.992123340473044
139 0.993479795199459
140 0.996393179974261
141 0.993959076614600
142 0.996734255384896
143 0.991222232954592
144 0.995118921860233
145 0.994400395743455
146 0.993033745762124
147 0.995861079210275
148 0.994492031218167
149 0.994369084107283
150 0.995766058964809
151 0.995853435741359
152 0.994988208514737
153 0.998537419489465
154 0.994181837044927
155 0.995746255502397
156 0.995384602652273
157 0.994256539666086
158 0.995425341801082
159 0.998144111682642
160 0.995684375816241
161 0.994297586621122
162 0.995627746343907
163 0.996656429546842
164 0.993620919335877
165 0.995880742631252
166 0.995590455178788
167 0.993899971476526
168 0.998758081296877
169 0.994167003394223
170 0.996297087979832
171 0.997664156427447
172 0.995502892894052
173 0.997572652348693
174 0.996268214243536
175 0.995857233838016
176 0.997973170087559
177 0.995671721563288
178 0.995201689091892
179 0.995938917086656
180 0.994570295529985
181 0.996610854330872
182 0.996213549396713
183 0.996297282398534
184 0.995539802508087
185 0.996375603917825
186 0.994902192997136
187 0.991753630569327
188 0.997774706669663
189 0.995352386725817
190 0.993993517639278
191 0.997178544202164
192 0.994578266121419
193 0.995106117485256
194 0.996067446903931
195 0.995204661714864
196 0.997215131180490
197 0.998162849792277
198 0.996326812988224
199 0.996783922396647
200 0.994321900683918
201 0.997906226526005
202 0.997544807246162
203 0.996187449960711
204 0.995687945472225
205 0.995977083630057
206 0.994284163131694
207 0.996412318716137
208 0.997545864604170
209 0.995824357686977
210 0.994894191948459
211 0.993559841843283
212 0.997642019988861
213 0.996293765537060
214 0.996146749842784
215 0.996413355887503
216 0.998813479717578
217 0.996162665464976
218 0.995604953592274
219 0.997497688337343
220 0.995192823469449
221 0.997461057001909
222 0.996583845615529
223 0.996072514239406
224 0.995877327613959
225 0.995287954798037
226 0.997264688469455
227 0.996000279465199
228 0.997762481897954
229 0.998339957368160
230 0.995807100727842
231 0.997230581284744
232 0.997766494945157
233 0.998179643307807
234 0.997044909736202
235 0.997508505797125
236 0.995434578176516
237 0.996728088494143
238 0.996323884411806
239 0.997426628844142
240 0.996916889008750
241 0.997829860851466
242 0.996360345666334
243 0.996204257089804
244 0.996637619133122
245 0.997039719352180
246 0.997447479254457
247 0.997472473686009
248 0.998529297447155
249 0.996344765092261
250 0.996392303583041
251 0.998085180179328
252 0.999293631548710
253 0.996339010901386
254 0.996919786403891
255 0.873783889609579
