0 1024.000000000000000
1 0.429236464202404
2 0.217444704845548
3 2.170079618692398
4 0.901685094460845
5 1.006803359091282
6 1.020092393582066
7 0.950203867017990
8 0.918478301160836
9 1.010191650387631
10 1.096377762911074
11 0.910245468607172
12 0.974725479539484
13 1.128071044936128
14 1.120857989108613
15 0.778465254077067
16 1.165034665493295
17 0.954141102586712
18 0.839290445410491
19 0.830491820652969
20 0.997588148894494
21 1.104204583531504
22 0.900026587839581
23 0.985425312763878
24 1.151398627847237
25 0.871343437870521
26 0.804717164042152
27 1.034134564535102
28 0.975441904902081
29 0.892854901816463
30 0.916570609727716
31 0.859725783758152
32 0.843411600950640
33 1.313991429982707
34 0.924657363942906
35 1.084264606582180
36 1.144195726141334
37 1.253441485817842
38 0.905363767822564
39 1.176347887894559
40 1.064927381037150
41 0.975043242831495
42 0.981807359748266
43 1.048217148623533
44 1.020680840329631
45 0.999267179698697
46 1.048262300885973
47 0.846640082369622
48 0.987908554629076
49 0.923898394550442
50 0.949323688692641
51 0.832027449284071
52 1.005290151425960
53 1.024255340991997
54 1.114188746523319
55 0.975356975551125
56 0.882063990967825
57 1.009932187965347
58 0.998925582022191
59 0.925316007343139
60 1.011113295794586
61 0.958083186937093
62 0.995192314692944
63 1.140688810963184
64 1.053830470894607
65 1.012064241269534
66 0.913790088527239
67 1.015401023807979
68 0.901777440970516
69 0.946796724641060
70 0.999783017258908
71 0.983618004824183
72 1.049384566003816
73 0.893142068770650
74 1.051004286341626
75 0.865711201330600
76 1.017786095865692
77 0.950273695969137
78 1.017668705536816
79 0.892363742783463
80 1.077523664337619
81 1.042993172753602
82 1.022939357352304
83 1.116072160783150
84 0.996167930249599
85 0.999188081976570
86 0.928273632555775
87 1.024183359962173
88 0.840656731981528
89 0.949751764917746
90 0.980051630566342
91 0.958785753095071
92 0.964403077405034
93 0.933730928201790
94 0.919801122493625
95 1.008550622978585
96 1.090103844580396
97 0.970999703924186
98 1.046779049842275
99 1.098941699412625
100 0.996434806513686
101 1.046609302058378
102 0.973863603179170
103 1.048856217300710
104 1.005056537516447
105 0.942850451311964
106 0.993228205477005
107 1.019013998187174
108 0.945361873343957
109 0.907067960907439
110 1.021510161513339
111 0.982476295596118
112 1.036427095022851
113 0.948662046244331
114 0.908779290643701
115 1.090266029816121
116 1.016853597158223
117 0.957296068210069
118 0.970774202255849
119 0.967763144388627
120 1.034659898485691
121 0.983371167272233
122 1.032847735517655
123 1.038847844345441
124 1.059467740529688
125 1.084228389441165
126 1.020954009104999
127 1.025583732416956
128 1.073060102229011
129 0.963218088415132
130 1.014667962806388
131 0.998151368323378
132 1.002632520648587
133 1.074293444572310
134 0.957948096101754
135 0.974001200621503
136 0.942789495556436
137 0.990138202763073
138 0.990908772767255
139 0.978321329727955
140 0.984237981855633
141 1.018396125705870
142 0.983638655923642
143 0.982802696820064
144 1.088791711756409
145 0.998718503817471
146 0.967683147028753
147 0.969977262012228
148 1.033830142586332
149 1.038900374827008
150 1.020138082533627
151 1.012162722190640
152 1.061362529047178
153 0.899879876319132
154 1.039324461665237
155 0.901930558324239
156 1.002254010768098
157 0.979428898711123
158 0.928645661510139
159 0.943788955661003
160 1.043334628055772
161 0.971874008663717
162 1.023237871367314
163 0.969183856338996
164 1.080984011416037
165 1.014864211516002
166 0.955114515736339
167 1.053689374979123
168 0.991356254631683
169 0.980441199773438
170 0.973262762427321
171 0.935283147356542
172 0.928742496758924
173 0.991408496323019
174 0.978868978161706
175 1.008304168868387
176 0.995033862714349
177 0.921965820038892
178 0.999757281872007
179 1.050499810211682
180 0.938932777606859
181 0.966755712078752
182 1.032854298222371
183 1.058461833089118
184 0.893772375053688
185 0.946866617081543
186 0.912783846278326
187 0.978943386568081
188 1.009540854692278
189 0.968247112472803
190 1.007677289283047
191 0.953755988996720
192 0.981970088493054
193 1.028377964599013
194 0.987286078963813
195 0.967615732628940
196 0.931328283847156
197 1.049346910909734
198 0.963025969682661
199 0.949207882887059
200 1.005933062329275
201 0.951899267090364
202 1.012031288120723
203 0.966279053928559
204 0.980883127252119
205 0.959217621625937
206 0.988487916421646
207 0.963604535771630
208 0.985494078809094
209 1.005996001603659
210 0.957090867801127
211 1.057199044237038
212 0.975488093639110
213 0.970373456257416
214 1.016780371438169
215 1.011671754523121
216 1.026618368488621
217 0.977169062814768
218 1.014124952618803
219 0.976197935946318
220 1.013877708888465
221 0.986489004691006
222 1.021034071709600
223 1.051642428192027
224 1.048956928943972
225 1.036764371070416
226 1.020235679592425
227 0.993131843756904
228 1.006837239049997
229 1.007322565065918
230 1.032523782599850
231 0.940173708837635
232 1.014115682784734
233 0.971675301096263
234 0.998354155847448
235 0.971209415096604
236 0.963051196287632
237 0.988864131555199
238 0.967498979385349
239 1.031555148651933
240 1.016372734315940
241 0.997224402432930
242 1.009584710894914
243 0.956267136731955
244 1.028052500058920
245 1.066239198906757
246 0.974838231329023
247 1.018065976087921
248 1.002319816850213
249 0.983457111814671
250 0.948251351429397
251 0.976826478114090
252 1.058658564523234
253 0.999152464289616
254 1.081919483399442
255 1.029326140880585
