0 1023.030698242187555
1 0.476169603368973
2 0.738598234344163
3 0.802080128220372
4 0.832575601391643
5 0.909429913312881
6 0.884547218962330
7 0.910217785771217
8 0.933462841058389
9 0.918581076314360
10 0.938364364130194
11 0.944001191462248
12 0.957444497115458
13 0.952475413448762
14 0.950083917244399
15 0.956478493567085
16 0.955825899624279
17 0.963016724828042
18 0.968453530594633
19 0.969661167174458
20 0.950135909593987
21 0.974217555875404
22 0.967400730537132
23 0.972996049108710
24 0.966098752335770
25 0.977153042319569
26 0.970974544250136
27 0.978157044086648
28 0.974552433134542
29 0.973234415533077
30 0.969043099028738
31 0.981540285087096
32 0.977969079328411
33 0.990076975034886
34 0.975570400728085
35 0.989201254728310
36 0.987607962511491
37 0.980777754253223
38 0.977864480834269
39 0.986764018063960
40 0.986975205314747
41 0.983720673470546
42 0.985968129633865
43 0.985250794824580
44 0.985439465708662
45 0.983745813853496
46 0.989943990102079
47 0.982275172725023
48 0.980959561615522
49 0.984027430714264
50 0.992643404692928
51 0.990240722033365
52 0.986060126079247
53 0.985641840737790
54 0.988054936409343
55 0.988311709291066
56 0.985830934289842
57 0.992605284755930
58 0.986209161608779
59 0.991494599853391
60 0.990262992948934
61 0.987234722438273
62 0.989760632854409
63 0.988508731997912
64 0.987196257861858
65 0.987750817161964
66 0.988684149946889
67 0.988821540111830
68 0.986899135406531
69 0.987538053419747
70 0.989954051196564
71 0.991686504884615
72 0.992531853620482
73 0.990067496285775
74 0.993402301670283
75 0.991901456707961
76 0.986902067906138
77 0.986555762014452
78 0.992777837221526
79 0.992675330292617
80 0.990336309549366
81 0.994334529104201
82 0.995322366052322
83 0.989827468420826
84 0.993786432719885
85 0.992315463183644
86 0.988728305284947
87 0.991309698053524
88 0.995483682084357
89 0.994125459218691
90 0.995875430943569
91 0.995477089155826
92 0.991420944117618
93 0.993543195855029
94 0.996043854073015
95 0.991211160399785
96 0.996439032882784
97 0.994674017622465
98 0.987923146184158
99 0.992819979501430
100 0.995035945338711
101 0.995497575069272
102 0.990601536208762
103 0.999920248387365
104 0.993731907120795
105 0.996689685469666
106 0.994525077619393
107 0.991229651109771
108 0.991632367332084
109 0.994420135215209
110 0.994705075738554
111 0.992974080578929
112 0.995274079911821
113 0.993068770014990
114 0.994276642782547
115 0.992804835602661
116 0.994654672043326
117 0.993843484190198
118 0.995060954016041
119 1.000024662891068
120 0.993206284238518
121 0.993281386473185
122 0.997192422090993
123 0.995485431645645
124 0.992572550568404
125 0.988831115560703
126 0.997643599557850
127 0.994882984270182
128 0.991719446544769
129 0.995973172822077
130 0.998673468818567
131 0.993839722499735
132 0.996308314021731
133 0.996189143446869
134 0.993979778145496
135 0.998377810454286
136 0.993853452719599
137 0.996158034834899
138 0.992467398176329
139 0.992167382869417
140 0.995744642316972
141 0.993495388296666
142 0.995778864379964
143 0.992160245209032
144 0.997161142169962
145 0.994362354225067
146 0.991572273321686
147 0.996094688774943
148 0.994495313786480
149 0.992633008773171
150 0.996336361994858
151 0.996674609748918
152 0.995389857919529
153 0.998541888290779
154 0.995255741907915
155 0.995490404744304
156 0.995451671478806
157 0.994461470105095
158 0.995820359504306
159 0.996502482891221
160 0.992743513916739
161 0.993965355196922
162 0.994938882838282
163 0.997140468058872
164 0.994467357428845
165 0.996874676160530
166 0.994999195196987
167 0.994510494799410
168 0.997290260248897
169 0.994522140664985
170 0.997193512083311
171 0.997766074509333
172 0.995630341443608
173 0.998503318182178
174 0.996480880105823
175 0.994670211588696
176 0.997423529036490
177 0.993685735450059
178 0.996256911483488
179 0.996360793587827
180 0.995496133115671
181 0.995824251990104
182 0.998064378991458
183 0.995539732144929
184 0.994546261211721
185 0.996596681220210
186 0.992745964750729
187 0.992228523969140
188 0.997503292012787
189 0.995061677682215
190 0.996395847837940
191 0.996097985390272
192 0.994035562936826
193 0.995441620973412
194 0.995726486849830
195 0.995144866761338
196 0.997635105075213
197 0.999475787338150
198 0.997409664662607
199 0.996458017740773
200 0.996049589545006
201 0.997139589537251
202 0.997496213219972
203 0.995797879062355
204 0.996389192259587
205 0.994855759103808
206 0.992616444627742
207 0.996705673833132
208 0.996507373720452
209 0.995533350975990
210 0.994715609019466
211 0.993737563850647
212 0.999183037273255
213 0.996877812715461
214 0.996161390095052
215 0.995950753421783
216 0.999254916427409
217 0.996058082822726
218 0.994845743962542
219 0.996473594394397
220 0.994767957716471
221 0.996932464564484
222 0.997215891468787
223 0.996512014592942
224 0.997527675232646
225 0.995377141380070
226 0.996385652673426
227 0.996626295518877
228 0.997713402302931
229 0.998512623265555
230 0.995155539630207
231 0.997066090535132
232 0.997494110236898
233 0.996477526973381
234 0.997388009666588
235 0.996680466488408
236 0.996326181386900
237 0.998325845858387
238 0.995643952924118
239 0.998098064590779
240 0.997905193926751
241 1.000443204948894
242 0.997996155708617
243 0.995968388705745
244 0.995431996873321
245 0.997256041500020
246 0.999121306484196
247 0.996242370510251
248 0.998908899042453
249 0.997609021577682
250 0.996888053099807
251 0.996729798431357
252 1.000777494761506
253 0.997012302237625
254 0.998779045458436
255 0.865514874172104
