0 1023.015715332031277
1 0.480474570651555
2 0.744067197966379
3 0.800874661706069
4 0.835134048350669
5 0.907710275977371
6 0.886561122686128
7 0.912429401076279
8 0.936541142921166
9 0.923224609883763
10 0.943815066096371
11 0.945782078435595
12 0.958993908430975
13 0.954751026709609
14 0.949998150010067
15 0.960573485304677
16 0.956663506487825
17 0.960822971127564
18 0.966170001416746
19 0.966667940822282
20 0.956479949066436
21 0.970344868580693
22 0.968319213309942
23 0.972408622159769
24 0.965952387093428
25 0.979444037705628
26 0.971476611005796
27 0.976709128156674
28 0.974644307402268
29 0.976553940157261
30 0.974253445393182
31 0.976405238832348
32 0.981195549229543
33 0.986325969015081
34 0.976682459586401
35 0.984314573172590
36 0.985985376712648
37 0.982387708364262
38 0.979507254852907
39 0.984413384744195
40 0.986131994477525
41 0.982038198911314
42 0.985751567220547
43 0.983520228709255
44 0.985365790122300
45 0.984681265828682
46 0.989962730341274
47 0.983054271100342
48 0.981994190443120
49 0.984011866952360
50 0.991560794569112
51 0.988972447687323
52 0.987977554038488
53 0.985723743785413
54 0.987797906652773
55 0.987609746857651
56 0.988208382830869
57 0.991391442135946
58 0.987325807134943
59 0.989959442352180
60 0.988893209654089
61 0.985988031912178
62 0.990502825375910
63 0.987041091883256
64 0.987893499750931
65 0.987069686753055
66 0.990293727503557
67 0.988041324331998
68 0.989893844692735
69 0.988815324118023
70 0.988273264516542
71 0.990229283871454
72 0.993109248222491
73 0.989306064580490
74 0.994480216484409
75 0.991814818607540
76 0.987504026320260
77 0.987935935481930
78 0.993659969845297
79 0.992053883957522
80 0.988487572971370
81 0.994480232552454
82 0.995356856549630
83 0.990844036664476
84 0.993569704512299
85 0.991640152324719
86 0.991046652796449
87 0.991905033151396
88 0.994535818766627
89 0.993678380687063
90 0.994989224383379
91 0.996272979014276
92 0.992593464892726
93 0.992986119676169
94 0.993988177287980
95 0.990180407842402
96 0.995534341763726
97 0.994594029484766
98 0.990365744148697
99 0.991385933465319
100 0.993100480259427
101 0.995274889658499
102 0.990540974265955
103 0.997796098662461
104 0.995782385058546
105 0.995523780309111
106 0.995112972865001
107 0.990921838130539
108 0.993338855624471
109 0.994166715282886
110 0.994701481010191
111 0.993263680500061
112 0.995734212314393
113 0.993754206537330
114 0.993954252904965
115 0.992847190418869
116 0.994165454833750
117 0.994111891996102
118 0.996306776554398
119 0.998298962927549
120 0.992632015789941
121 0.993940102581169
122 0.996647195103778
123 0.995858451539036
124 0.990587994746126
125 0.990303861001241
126 0.996126477012330
127 0.995955297152603
128 0.991323250003180
129 0.995906204704324
130 0.998492861597905
131 0.994387126540199
132 0.994516156090166
133 0.996306738826896
134 0.994818309818232
135 0.997734223688818
136 0.994118773870558
137 0.996422105123619
138 0.991826376657414
139 0.994194980930832
140 0.997012576460004
141 0.993295352920487
142 0.996341504176391
143 0.991729964506155
144 0.994688716726012
145 0.993786907045890
146 0.991699589523212
147 0.995824941099962
148 0.994237476144992
149 0.994006675259146
150 0.995999959354637
151 0.996308748558914
152 0.995001308530367
153 0.998015042813784
154 0.995156314933599
155 0.995344442640794
156 0.995647265684243
157 0.994137775439937
158 0.995275051700279
159 0.996749145702969
160 0.993569181327281
161 0.994206328800234
162 0.995637905132065
163 0.995522865368705
164 0.993235904030619
165 0.996500793193511
166 0.994362022201233
167 0.994084111627028
168 0.997685998386675
169 0.994521479501950
170 0.996612528531130
171 0.997704086980673
172 0.996099729956478
173 0.998369599388236
174 0.995870659059371
175 0.996226138942891
176 0.997094720949985
177 0.995140518082624
178 0.994872047388852
179 0.996344529334234
180 0.994355655506084
181 0.996100534605415
182 0.996946975128581
183 0.995678534408968
184 0.994860990300758
185 0.996910349092656
186 0.994071052338542
187 0.993149057868171
188 0.997495226489887
189 0.996166879999833
190 0.995063557590260
191 0.996401836939133
192 0.994703519365597
193 0.994378386213839
194 0.996431521609191
195 0.994586888153372
196 0.997567904015357
197 0.999134976323446
198 0.996479745293115
199 0.996996446885365
200 0.994861265887021
201 0.998026927878420
202 0.997297277540523
203 0.996598564462192
204 0.996258830856268
205 0.995761247217102
206 0.993431295436244
207 0.997040592382348
208 0.997535585501964
209 0.995894405408899
210 0.995520214289463
211 0.993026466178359
212 0.998907132121389
213 0.996375703673505
214 0.996701636718323
215 0.995946715685279
216 0.999235696294225
217 0.995525375363917
218 0.995728050337485
219 0.997097123707969
220 0.994887691206737
221 0.997314642810112
222 0.996494091468451
223 0.996816886071310
224 0.996698055203295
225 0.995384160321735
226 0.996988137717758
227 0.995735959971981
228 0.997407565113216
229 0.998653649948846
230 0.995089303032577
231 0.996913160118295
232 0.997473920723395
233 0.997617288770179
234 0.997204830039470
235 0.997179858676256
236 0.996196122906355
237 0.997275447567898
238 0.995896154653171
239 0.998052811547295
240 0.997341056588121
241 0.999172895426366
242 0.996686594507176
243 0.995729223044022
244 0.995804130256253
245 0.997285881624366
246 0.998209132475688
247 0.996591264864167
248 0.998641572233411
249 0.997097115429555
250 0.996848097590406
251 0.997621278478859
252 0.999811996752102
253 0.997752695702524
254 0.997735821396254
255 0.869006503654085
