0 1022.997869698660679
1 0.477463783898369
2 0.738774157276260
3 0.796645955392722
4 0.836225218777352
5 0.908350218191583
6 0.887120460934216
7 0.910299677617293
8 0.936063590324113
9 0.921302415940540
10 0.942972445202827
11 0.944315471575807
12 0.959003898387458
13 0.953680458833388
14 0.948841629885342
15 0.958381352657890
16 0.956686313823844
17 0.961743965912405
18 0.966722795581318
19 0.967879737093488
20 0.955061972413025
21 0.973058415716350
22 0.968945434165156
23 0.972338038521953
24 0.967284245326922
25 0.976742130036658
26 0.970227734544388
27 0.975772094268707
28 0.975477118451427
29 0.975180386614070
30 0.970676484130762
31 0.978485720476196
32 0.980116696592516
33 0.989119399314922
34 0.975760461329012
35 0.988090019489069
36 0.986757078425412
37 0.981883995744053
38 0.977738910476072
39 0.985124476663667
40 0.986836601102689
41 0.983222031691457
42 0.985363233054455
43 0.983796022845757
44 0.984212231035123
45 0.984077811927362
46 0.989910482382137
47 0.983929752703652
48 0.981069222553179
49 0.985065609706947
50 0.992297929694208
51 0.989109128542435
52 0.986617043274783
53 0.985373604714044
54 0.988525658896110
55 0.986927319019948
56 0.986601689080088
57 0.991201733869757
58 0.986496619582278
59 0.990930339900226
60 0.989552499789547
61 0.986661781977785
62 0.990886003713411
63 0.988069257631861
64 0.987122429573886
65 0.987353274079154
66 0.989504737752860
67 0.988463865070625
68 0.988769899498177
69 0.988008429208324
70 0.990009128425862
71 0.989476569987778
72 0.992738783232184
73 0.989362091879086
74 0.993956335562143
75 0.991786316687861
76 0.986828906604586
77 0.986548863965793
78 0.994257714958999
79 0.992032862213096
80 0.989622651279097
81 0.993705369819796
82 0.995584759750487
83 0.990581903494495
84 0.992883655629573
85 0.991816571601091
86 0.989062939501747
87 0.992879043710341
88 0.994726069262037
89 0.994055260636919
90 0.996591092084815
91 0.995800483189317
92 0.991671738989949
93 0.992586536637009
94 0.993782393555882
95 0.990592029250149
96 0.995322640532456
97 0.994235216773162
98 0.989134055339087
99 0.992470235381949
100 0.993499659960989
101 0.994254160746833
102 0.989752181311521
103 0.998864730160191
104 0.994488574775155
105 0.995590070791065
106 0.995568668831714
107 0.991870557533564
108 0.992958229436400
109 0.995481405515259
110 0.994567750493392
111 0.993039454887807
112 0.994991937586783
113 0.993117663853933
114 0.993037891808159
115 0.992651803743457
116 0.994341110629659
117 0.994374866780917
118 0.995600253004409
119 0.998250457982080
120 0.993165425012284
121 0.993975591677552
122 0.997564539939309
123 0.996094246858141
124 0.990982490009769
125 0.990640595485063
126 0.996290257727206
127 0.995096854006607
128 0.990909142643363
129 0.995978422229263
130 0.999364767576725
131 0.993413936010879
132 0.994840234409144
133 0.997010282569906
134 0.994776481894521
135 0.997593821909815
136 0.994533543717334
137 0.996868801112235
138 0.991639301768778
139 0.993666354934151
140 0.996429099395023
141 0.992649617449687
142 0.996127636271064
143 0.991902600807007
144 0.996214604697464
145 0.993850935078107
146 0.991741778665508
147 0.996398660617648
148 0.994284326193143
149 0.994193482331467
150 0.996511465847930
151 0.996019335484379
152 0.995044047651713
153 0.999486132001028
154 0.995041005656587
155 0.995409983660581
156 0.995689624695314
157 0.993957427661670
158 0.996065796945485
159 0.996047838485857
160 0.993465644776156
161 0.994663302440299
162 0.996002883969321
163 0.996308544418948
164 0.993225475939824
165 0.996273222486854
166 0.994356861224421
167 0.993778140653098
168 0.998236028290066
169 0.994189722476879
170 0.996844792570936
171 0.997680696353539
172 0.996953757573547
173 0.998312887422034
174 0.996326923575218
175 0.994993309080428
176 0.997588164510491
177 0.994668468747908
178 0.995112999439421
179 0.996037304228879
180 0.994665383038505
181 0.995670483711965
182 0.997289673223682
183 0.995233851493094
184 0.994427161111178
185 0.996925120261013
186 0.994029943271184
187 0.992519360119470
188 0.997695266834238
189 0.995367703749963
190 0.995469751774660
191 0.995657058773432
192 0.994475534865201
193 0.995044436654893
194 0.996135705603297
195 0.995321776486857
196 0.997594842001181
197 0.999197761096752
198 0.997003370294010
199 0.996906125451212
200 0.995523691011229
201 0.997837127605451
202 0.997563419609031
203 0.996674375449396
204 0.996210213282020
205 0.995371184266162
206 0.993045099270096
207 0.996036774885463
208 0.997379004065015
209 0.995922819636847
210 0.995344609996339
211 0.992916225986610
212 0.998794668813079
213 0.996402297709763
214 0.996164655402174
215 0.995849847750218
216 0.999114293534957
217 0.996242665152466
218 0.995042725603813
219 0.996820523080517
220 0.994535591802740
221 0.996576443338136
222 0.996454293242385
223 0.995812771470482
224 0.997383134550171
225 0.995258868681619
226 0.996663845403964
227 0.996609193360502
228 0.997380735120437
229 0.998977569581713
230 0.995098778191109
231 0.997011049126983
232 0.997636198059366
233 0.996939437751288
234 0.997568510397208
235 0.996870302592993
236 0.996481422945315
237 0.997964567916127
238 0.995794456649308
239 0.998185181184588
240 0.997651978568105
241 1.000275813929079
242 0.996979836211804
243 0.995091648538741
244 0.995342616047106
245 0.998096099240747
246 0.998277912241375
247 0.996649276396615
248 0.998931572946474
249 0.997577250570819
250 0.996996294935251
251 0.997324325196166
252 1.000037667446823
253 0.997520520194739
254 0.998569002840601
255 0.863602167473579
