0 1023.095622558593732
1 0.469769041282354
2 0.735980994151081
3 0.811934400814545
4 0.825407640126795
5 0.917885729909966
6 0.887167471865348
7 0.903940167432690
8 0.939845951301879
9 0.918648657082822
10 0.934592264446927
11 0.944746356526742
12 0.956971030578159
13 0.945337236756524
14 0.946331010594263
15 0.958603269616638
16 0.958288806283178
17 0.963273141694899
18 0.968482119012819
19 0.963115354665104
20 0.944885131640391
21 0.973662566464067
22 0.966620916632904
23 0.970032302864811
24 0.966531781883175
25 0.977890348528455
26 0.971850874450848
27 0.980049396205684
28 0.976997750302133
29 0.970938103681398
30 0.972493315301759
31 0.977349721256935
32 0.977214023832419
33 0.984690574211791
34 0.977138879399669
35 0.984270490112520
36 0.991389359183893
37 0.980343913499213
38 0.976170535318899
39 0.989197814252116
40 0.986870157130894
41 0.982289925919463
42 0.986916975593363
43 0.985038365438018
44 0.986429782201413
45 0.982104037692754
46 0.993343850398131
47 0.985050317238094
48 0.980120809155532
49 0.984101468843577
50 0.990360502439010
51 0.988673522093957
52 0.984632076553115
53 0.985848148726340
54 0.983797832760877
55 0.987821629604584
56 0.984401198519915
57 0.991343747415714
58 0.984551767094253
59 0.996334692909143
60 0.994213678618474
61 0.989737246415669
62 0.989745053707885
63 0.988172000432234
64 0.987303784604968
65 0.989631798078500
66 0.989762483656318
67 0.987648140923364
68 0.988746491648562
69 0.985902467731755
70 0.988430219922929
71 0.990159417251172
72 0.997370149149701
73 0.991044361071564
74 0.992716875947153
75 0.991521678197323
76 0.989505049416468
77 0.984580924302273
78 0.995621620692536
79 0.992048364454525
80 0.993503692411447
81 0.993354287328650
82 0.990958093757669
83 0.990845011018541
84 0.993825346196175
85 0.993802203803679
86 0.988269625767551
87 0.989924311609598
88 0.994263633416485
89 0.997652001263964
90 0.994312417856304
91 0.997606567826844
92 0.990089975377899
93 0.995128014597054
94 0.998342830765686
95 0.991937583412898
96 0.999243557633366
97 0.995347101475620
98 0.986681939506005
99 0.992766407696863
100 0.994181163533210
101 0.993773406613631
102 0.989898289472292
103 0.999082000760511
104 0.994285836682794
105 0.995789325298087
106 0.994458254772100
107 0.991559111659224
108 0.989960090542196
109 0.992864183845533
110 0.993197589368204
111 0.991861338823074
112 0.995217174265210
113 0.995147885034865
114 0.994496304143278
115 0.991141897481391
116 0.994963674580829
117 0.995047489333756
118 0.993342876416369
119 0.998778778698783
120 0.993937513749854
121 0.995545480559253
122 0.995758248979742
123 0.996579210284632
124 0.991081073167266
125 0.989692395283598
126 0.996397772739784
127 0.994525441225155
128 0.992596083881079
129 0.993639538711970
130 0.997445948652007
131 0.994084844123652
132 0.996034237641606
133 0.995878851368281
134 0.995000308646324
135 0.998079541732591
136 0.995627706744416
137 0.996586029804811
138 0.993189978730375
139 0.991999682299660
140 0.997820559096448
141 0.993204020079646
142 0.995547318212057
143 0.992483857932238
144 0.994353941318026
145 0.994639331572988
146 0.988665431107710
147 0.994919197323442
148 0.994440775623686
149 0.993348455429420
150 0.994646496939396
151 0.996389860869803
152 0.994200742446519
153 0.999413291263219
154 0.995781024273092
155 0.995968235194507
156 0.997340495668112
157 0.995366140006144
158 0.996891081623071
159 0.997494408552675
160 0.993770982207227
161 0.994192825126589
162 0.993585391835711
163 0.998096388092456
164 0.992441789927127
165 0.996579276372475
166 0.995893869827406
167 0.992920537647177
168 0.997741842401258
169 0.993099460331087
170 0.996715688549806
171 0.996782122203131
172 0.996756189791452
173 0.998692042340474
174 0.996772630260343
175 0.993307516364988
176 0.995684166623564
177 0.992556419488329
178 0.995259115173328
179 0.996779885948557
180 0.995482753199235
181 0.994012810497788
182 0.999875426948455
183 0.995176258244648
184 0.994409165593247
185 0.996162106238342
186 0.992637008631424
187 0.992060392895910
188 0.998656945143085
189 0.993888031194362
190 0.997848012315990
191 0.995151512449201
192 0.995409429595508
193 0.994603328343085
194 0.994986039922747
195 0.995625309807114
196 0.996038605985413
197 1.002176254635408
198 0.998246095967570
199 0.998735526618404
200 0.997175156227780
201 0.997625938229609
202 0.997023324123892
203 0.996218235924179
204 0.996654673797813
205 0.994953200243673
206 0.994580848336142
207 0.996211521686390
208 0.997902552695816
209 0.993556063766308
210 0.994511315343017
211 0.995162301033326
212 0.999536354919431
213 0.995771263502249
214 0.996259069695490
215 0.996556845893826
216 1.001506606271188
217 0.996553715327181
218 0.994028345227681
219 0.994518627182385
220 0.994939548038756
221 0.997772840973791
222 0.996768921884420
223 0.997021399728067
224 0.997186747107721
225 0.996141183213661
226 0.996899929593997
227 0.996435743481513
228 0.997584692631983
229 0.998674626033341
230 0.993994705869132
231 0.998213589074907
232 0.995636934950297
233 0.998002129326051
234 0.996886968459236
235 0.998795860399796
236 0.994523324122922
237 0.997919509201783
238 0.994911932771195
239 0.998697997425913
240 0.999645043114722
241 1.001299158825512
242 0.997549889605299
243 0.998696006520560
244 0.997185494821987
245 0.999438799721204
246 0.999399674190693
247 0.996101111049892
248 1.001779003226385
249 0.997736650313818
250 0.994944365256644
251 0.996931850897268
252 0.999122714140096
253 0.998163030526722
254 0.998687076859357
255 0.859642223489713
