0 1023.110600585937505
1 0.452828979068928
2 0.772514753618071
3 0.834855302822559
4 0.815265903941674
5 0.928686887482394
6 0.879971791040070
7 0.897383488711562
8 0.927447204728933
9 0.922550112453623
10 0.915390854928685
11 0.958776421298486
12 0.959218430680845
13 0.943921775489147
14 0.953299412238615
15 0.973946626976116
16 0.945844589664715
17 0.971008006762813
18 0.960551044512680
19 0.963179002796397
20 0.942158719084979
21 0.979414221728846
22 0.963043490261958
23 0.971116650490015
24 0.967479354894950
25 0.986239340530513
26 0.969992246190678
27 0.988832877805164
28 0.969859119778680
29 0.980171140332120
30 0.966971870850091
31 0.984729154652823
32 0.975993428174228
33 0.977725108400441
34 0.976709523834295
35 0.986660920190933
36 0.997866847798208
37 0.982757022186072
38 0.971823037781642
39 0.996241063046425
40 0.991647720092871
41 0.980601902590659
42 0.985989232962247
43 0.990788137682254
44 0.981131553906228
45 0.981760628128979
46 0.998518721726962
47 0.980679630778800
48 0.976865446679074
49 0.980105829713924
50 0.996172154754746
51 0.987131985023425
52 0.981239186635836
53 0.985682274547190
54 0.987880337891495
55 0.985768130203263
56 0.988527223256789
57 0.987628932456999
58 0.983227368661026
59 0.992578930087683
60 0.992800236050560
61 0.987596544022006
62 0.990115241971357
63 0.995416134333896
64 0.990762993974814
65 0.989781636862796
66 0.994407139674246
67 0.986899572559063
68 0.988504973264168
69 0.983266718797604
70 0.985165700786561
71 0.994837518484342
72 0.994054604896502
73 0.991411257793479
74 0.996564498132778
75 0.991993881614117
76 0.986641805372976
77 0.985941215607652
78 0.994251537692465
79 0.988385904572654
80 0.993664772660448
81 0.990227534199134
82 0.992845769158054
83 0.992364149075864
84 0.993754577748871
85 0.994841375858774
86 0.984584529719232
87 0.987880185539160
88 0.995366948212544
89 1.000630416289882
90 0.996994084300635
91 0.996252653757900
92 0.989500160040869
93 0.993210190489415
94 0.992860770396286
95 0.993952211068528
96 1.001023093019985
97 0.996681842595077
98 0.988927913566328
99 1.001294627669183
100 0.993039657402010
101 0.991999931505223
102 0.983859976976056
103 0.997336698867292
104 0.993831429939708
105 0.997610661402016
106 0.994990252528719
107 0.991914091710271
108 0.993161219814716
109 0.992486141903906
110 0.993522741654052
111 0.987871219032417
112 0.996535768946189
113 0.996502858310307
114 0.995408217941664
115 0.988166458052466
116 0.995756115142478
117 0.993169703955993
118 0.995158358492340
119 0.997572883545745
120 0.995297289479952
121 0.993831550727369
122 0.992377892314761
123 0.999815730158504
124 0.994267245770491
125 0.990428400689137
126 0.996631669161187
127 0.997065318602411
128 0.993893611950182
129 0.993072007004013
130 0.996208090949890
131 0.996582207345551
132 0.998740341337571
133 0.995483542590162
134 0.996110727695874
135 0.998813093249862
136 0.998189296487823
137 0.995746302115702
138 0.996196876864995
139 0.988045114089325
140 0.993929957746485
141 0.992866851816208
142 0.995912577873149
143 0.992882001154358
144 0.995108963009967
145 0.994844306520661
146 0.993845393661989
147 0.995708132226662
148 0.992536183224098
149 0.995923277939215
150 0.993576183287262
151 1.001293031678945
152 0.994647264204485
153 0.993311292459562
154 0.996606853750949
155 0.995997311646092
156 0.995867696582230
157 0.998338070288366
158 0.997870000796091
159 0.997929729717419
160 0.993284162943724
161 0.994066880856780
162 0.996081963280392
163 0.998128569400292
164 0.992486199845198
165 0.995532523763456
166 0.993547729064576
167 0.989890358151126
168 0.999504699481648
169 0.988331081724989
170 0.995292205154257
171 0.995970148414641
172 0.993447183383198
173 0.999002349287696
174 0.997407248961516
175 0.994937070317000
176 0.996039659866811
177 0.991454034814731
178 0.995217387104191
179 1.000045049923239
180 0.995192763502307
181 0.993390754525948
182 1.000571744834869
183 0.992551089485324
184 0.991166204701771
185 0.998874280413060
186 0.993801045659932
187 0.992267949788288
188 0.998838794952148
189 0.996211213891032
190 0.998716688849587
191 0.995439458394173
192 0.995854896292561
193 0.993051596777706
194 0.991855212539838
195 0.996451640321682
196 0.993454121738856
197 1.004247783252514
198 1.000022319265713
199 0.997294244491080
200 1.001159266756500
201 1.001071476600111
202 0.999229498037931
203 0.995921137910765
204 0.997499246502474
205 0.992874304267337
206 0.993513023515618
207 0.997818213934115
208 0.996284525252809
209 0.993589745743102
210 0.992652819476920
211 0.996765205616104
212 0.999801195045722
213 0.992188070042268
214 0.998167595589019
215 0.996007336223130
216 1.005149036612958
217 0.996387152849809
218 0.992154371528002
219 0.992085457335276
220 0.997608490932380
221 1.000356785079511
222 0.997546642460005
223 0.999540503676961
224 0.999005120820655
225 0.996131407714876
226 0.998326761048770
227 0.996387318186347
228 0.995780910738201
229 0.999190992517442
230 0.993892385621787
231 0.997203868928531
232 0.994753807599003
233 0.996709054041774
234 0.997299565529223
235 1.001906006226068
236 0.994105395741975
237 0.997641088649903
238 0.997356357041077
239 0.997573129181015
240 0.998061373247192
241 1.003548850647402
242 0.996391635097382
243 0.998583602362288
244 0.994141515342586
245 0.997141428564338
246 0.998938919915077
247 0.998475697792934
248 1.000924672874300
249 0.998290777417168
250 0.993139692008264
251 0.999819787940563
252 1.000104318907617
253 0.996052534642103
254 0.999201197672198
255 0.863355052334032
