0 1023.100615234375027
1 0.472699402663241
2 0.749221748165912
3 0.852773517916301
4 0.820108224093762
5 0.935226875573753
6 0.882114352542936
7 0.892855226944403
8 0.931419631268870
9 0.920261650085163
10 0.909092075853357
11 0.951796435625047
12 0.963919411597347
13 0.939587147312888
14 0.940954391221810
15 0.974393275429586
16 0.942379012125766
17 0.984733286321152
18 0.963086624023095
19 0.962255837665074
20 0.933995954855691
21 0.972313286095740
22 0.964602393419737
23 0.978406380723422
24 0.956987531411942
25 0.983981887973761
26 0.960726671023822
27 0.988812889145733
28 0.953897740013247
29 0.975814215027550
30 0.962269393312023
31 0.980312907035085
32 0.978604333259726
33 0.985649002886593
34 0.971144941338082
35 0.998835143592634
36 1.002460983733999
37 0.987110676198301
38 0.971731562285244
39 0.997877001534349
40 0.988397001439175
41 0.984251682380628
42 0.987245873157219
43 0.989294058195969
44 0.976362706582286
45 0.971685025589125
46 1.010277632611329
47 0.984742928093760
48 0.977254456621418
49 0.983255988607678
50 0.990743877034646
51 0.991717161943229
52 0.980603685052944
53 0.988235565241921
54 0.993517319853994
55 0.984284532210447
56 0.986319238493161
57 0.979135784236278
58 0.985838251557628
59 0.991244507509642
60 0.992558556088440
61 0.989276989118591
62 0.986026725713034
63 0.996149455614366
64 0.984803516332284
65 0.994879815750620
66 0.990118191136025
67 0.981833697741765
68 0.989990407957108
69 0.985534392983592
70 0.984692461216902
71 0.997589014086975
72 0.991794930465017
73 0.997413776678895
74 1.000792716876442
75 0.992656292884298
76 0.990071123975805
77 0.986785419655830
78 0.991699730748909
79 0.991963345757337
80 0.995620657084527
81 0.996889506259713
82 0.998673227378403
83 0.987724247846228
84 0.988671619898432
85 0.990972981772931
86 0.980971735780343
87 0.987151566820503
88 0.996013533462502
89 1.006986087439813
90 0.994379706772196
91 1.000867169085119
92 0.987696466517045
93 0.996624239425475
94 0.997046659479295
95 0.990529506323702
96 1.000091285887498
97 0.994615291825771
98 0.988231314015458
99 0.996359692328394
100 0.984373995952334
101 0.999532193121375
102 0.985028604570753
103 0.995921301474093
104 0.991829832140692
105 0.997040397757022
106 0.993779006674206
107 0.992837373535998
108 0.998844928712180
109 0.986515351281095
110 1.002906668843844
111 0.990456294725276
112 1.002823173680942
113 0.993472815087872
114 0.993034029206607
115 0.989086633586142
116 0.993071411576636
117 0.990355218787236
118 0.991707245437556
119 0.996751372092400
120 0.999188847863973
121 0.991248717569883
122 0.991901644528808
123 1.006973294488061
124 0.994593183647217
125 0.990432325936553
126 1.006005617685445
127 0.996939606513049
128 0.998296441429882
129 0.987513164925065
130 0.994607515623171
131 0.991107926979170
132 0.995883205017822
133 0.993407255798569
134 0.994693288526498
135 0.999511748334934
136 1.001447054045620
137 0.995421394166266
138 1.000041898862241
139 0.986175278366824
140 0.997441162105593
141 0.998566448247858
142 0.996428130148288
143 0.993362192061620
144 0.994893163580406
145 0.996621405819272
146 0.991428552447687
147 0.998364346237423
148 0.996648155608841
149 0.995868782625531
150 0.991865432478753
151 0.999779184920766
152 0.993276675009990
153 0.992428528759140
154 0.994023918829190
155 0.993831139969954
156 0.994830796702567
157 1.001630597474740
158 0.997915555930631
159 1.000406106602748
160 0.993085131453842
161 0.990704044580999
162 0.995968246121458
163 0.998185437882738
164 0.987713623634169
165 0.998413113151307
166 0.993174584991801
167 0.992135107946984
168 1.000504988712698
169 0.987641287406452
170 0.992739359957005
171 0.992573379122272
172 0.992043773992784
173 1.000653312013898
174 0.997988274619579
175 0.991428177795629
176 0.999593016832564
177 0.986519109899694
178 0.998732326927387
179 1.000500945806106
180 0.996509274047470
181 0.994142121958077
182 1.005063027625577
183 0.991604926550782
184 0.989322693061564
185 0.999409489909924
186 0.993682150978675
187 0.990640473131759
188 0.999520136049669
189 0.997401946529681
190 0.998712225574808
191 0.989983973400653
192 0.997740978454006
193 0.993899401889305
194 0.985625546501389
195 0.993884654511595
196 0.992646042434732
197 1.003177441581097
198 1.000851062646631
199 0.994248941451596
200 0.999550100592272
201 1.006172859637891
202 0.998834648194086
203 0.995268032402099
204 0.995654129073830
205 0.995763230945818
206 0.991103731338280
207 0.996414433904498
208 0.997414177177979
209 0.994424343417203
210 0.989599314896818
211 1.000727937537518
212 0.996175083456860
213 0.993474884514479
214 0.999526108335438
215 0.992813207987254
216 1.007009289898865
217 0.994548871194195
218 0.992307649695075
219 0.992774627990846
220 0.994645449282026
221 0.999403884306488
222 1.001253070452280
223 0.998621072181258
224 1.000945276605576
225 0.997010400756085
226 0.997041051474090
227 0.998123845723322
228 0.995734650660686
229 0.999449109074804
230 0.991402509308737
231 0.998444458699509
232 0.992006970713166
233 0.995980400297370
234 1.000314092528569
235 0.998756386963899
236 0.993446739586605
237 0.996811469812981
238 0.996941607082864
239 0.996023167941328
240 0.998953902982243
241 1.001546078121313
242 0.994467561507631
243 0.995156611414499
244 0.992495366658531
245 1.002583365042507
246 0.999048112481793
247 0.995068469314484
248 1.000586479792965
249 0.998002576501229
250 0.989683930603408
251 0.996108573917098
252 1.000348155890624
253 0.993172049459010
254 1.002640080524994
255 0.864416149971820
