0.36011 0.89425
0.968457 0.616044
0.939628 0.259159
0.48503 0.622616
0.188597 0.513844
0.892727 0.653614
0.0430128 0.494704
0.908832 0.139665
0.760185 0.160934
0.204927 0.2899
0.428605 0.710293
0.0188725 0.277275
0.813591 0.869365
0.155754 0.172977
0.0420435 0.386254
0.123702 0.94894
0.00643467 0.3279
0.959448 0.523263
0.421577 0.798818
0.703279 0.23006
0.145514 0.873443
0.784749 0.496208
0.302276 0.942674
0.755902 0.238747
0.414215 0.656277
0.193607 0.0352441
0.451026 0.404197
0.468387 0.683069
0.340108 0.17691
0.97376 0.106647
0.671808 0.313065
0.313884 0.250344
0.603097 0.585901
0.811604 0.58073
0.163657 0.433974
0.549585 0.672067
0.81951 0.340605
0.0490237 0.533996
0.680244 0.19696
0.103855 0.489432
0.885398 0.204515
0.720976 0.302385
0.667962 0.433041
0.0106256 0.908726
0.469281 0.81801
0.125474 0.17085
0.328156 0.858059
0.541674 0.988047
0.463911 0.423168
0.949565 0.502565
0.999666 0.705409
0.631393 0.978358
0.399134 0.389125
0.413001 0.740633
0.0904127 0.36742
0.285242 0.393475
0.964031 0.0697076
0.877316 0.678971
0.577189 0.859592
0.738995 0.702962
0.425311 0.575773
0.927465 0.54309
0.633022 0.141276
0.640572 0.848136
0.854098 0.571553
0.531976 0.965347
0.710901 0.216105
0.769222 0.54028
0.13795 0.635794
0.60142 0.763699
0.43348 0.663325
0.291037 0.768409
0.0992827 0.719068
0.332277 0.999673
0.861949 0.602552
0.179917 0.439625
0.251266 0.637312
0.218285 0.876363
0.349181 0.363814
0.50831 0.373891
0.0304869 0.7253
0.595075 0.652249
0.729824 0.0621406
0.763485 0.159865
0.675813 0.925482
0.0379052 0.697073
0.787023 0.92951
0.326169 0.123342
0.496329 0.112149
0.208078 0.400155
0.551238 0.395105
0.120944 0.0450033
0.988659 0.180125
0.897888 0.889868
0.776061 0.266065
0.694953 0.69354
0.280272 0.831008
0.263227 0.304734
0.520851 0.569691
0.235675 0.320776
0.543321 0.718293
0.649221 0.300032
0.735761 0.557393
0.219839 0.60841
0.335991 0.237681
0.615483 0.0134613
0.398021 0.743079
0.272575 0.0915266
0.528727 0.0549251
0.434715 0.77726
0.947842 0.0750384
0.3775 0.100799
0.298146 0.82114
0.483725 0.120506
0.881482 0.588413
0.232138 0.335387
0.106275 0.421497
0.6117 0.759936
0.685032 0.213514
0.44611 0.284177
0.310401 0.167423
0.586122 0.903745
0.196821 0.29665
0.176047 9.11878e-05
0.247389 0.955183
0.169164 0.0655792
0.801605 0.921154
0.869133 0.487059
0.184626 0.411121
0.591972 0.261961
0.164114 0.940267
0.712858 0.455449
0.0518721 0.45134
0.778471 0.344803
0.0654238 0.348532
0.479896 0.714612
0.845957 0.936672
0.409945 0.7539
0.805853 0.688919
0.2672 0.318613
0.0243914 0.087865
0.53631 0.0849192
0.456982 0.00421885
0.929983 0.529215
0.239981 0.337342
0.392256 0.629686
0.15672 0.957826
0.373281 0.789872
0.354266 0.0316996
0.841557 0.771744
0.0786762 0.796846
0.0033837 0.443401
0.849433 0.815753
0.642514 0.280089
0.792582 0.210146
0.387674 0.358335
0.067605 0.593044
0.748767 0.029203
0.672071 0.971762
0.135427 0.595891
0.715656 0.254971
0.65881 0.841722
0.224399 0.507791
0.48868 0.536218
0.321811 0.788696
0.565755 0.732261
0.731342 0.469381
0.367905 0.222133
0.689475 0.910553
0.8633 0.811441
0.619975 0.331365
0.935108 0.0228274
0.150938 0.736485
0.46026 0.223259
0.820945 0.757124
0.914708 0.525956
0.887728 0.0958432
0.751313 0.664788
0.50067 0.684316
0.364377 0.129574
0.51313 0.427822
0.55813 0.989732
0.970872 0.952756
0.343808 0.668761
0.994768 0.191876
0.910562 0.308827
0.294041 0.89639
0.609161 0.931848
0.0552463 0.598032
0.441036 0.508642
0.743987 0.839823
0.384215 0.0489987
0.0599265 0.992725
0.980566 0.0808166
0.922062 0.148441
0.213767 0.105275
0.524328 0.483477
0.27471 0.416204
0.770972 0.882128
0.173592 0.146682
0.476368 0.465194
0.979673 0.0738079
0.621731 0.361495
0.355696 0.233367
0.200265 0.900552
0.506935 0.846716
0.0960165 0.0412718
0.379362 0.245133
0.955904 0.865339
0.089124 0.51625
0.012987 0.835745
0.517844 0.136638
0.793488 0.777921
0.307084 0.0116291
0.582178 0.646855
0.130331 0.803946
0.243828 0.186285
0.402864 0.917272
0.904436 0.200869
0.72477 0.854305
0.0227515 0.247439
0.941527 0.825651
0.918966 0.381212
0.109476 0.641848
0.284382 0.28698
0.831416 0.271617
0.114834 0.475878
0.824582 0.727268
0.0841687 0.963679
0.573407 0.0185548
0.257835 0.408656
0.871139 0.55243
0.0322359 0.126096
0.646243 0.56006
0.230312 0.154989
0.628475 0.972978
0.899743 0.628901
0.578641 0.807203
0.696764 0.0541082
0.832893 0.55056
0.663408 0.610185
0.143869 0.459854
0.65293 0.188179
0.561838 0.448117
0.0737532 0.376122
0.70013 0.0268806
0.798438 0.461118
0.320093 0.782847
0.985452 0.61822
0.569367 0.98213
0.445053 0.478384
0.0773766 0.353907
0.257404 0.56545
0.859309 0.883734
0.83849 0.114658
0.495146 0.747323
