0.00368299 0.0117878
0.0178844 0.0300168
0.0457825 0.0372358
0.0501926 0.0554749
0.0734925 0.0773529
0.0901609 0.0835529
0.0987416 0.10118
0.11147 0.11686
0.126596 0.13013
0.156117 0.149667
0.166966 0.160298
0.179948 0.18609
0.202011 0.190385
0.216304 0.218094
0.224311 0.228803
0.23491 0.239563
0.26135 0.251684
0.27571 0.273102
0.283311 0.293111
0.311784 0.30293
0.324187 0.320535
0.331676 0.337396
0.351518 0.353521
0.364007 0.369006
0.387951 0.382438
0.39736 0.405635
0.407658 0.407311
0.427315 0.424291
0.445005 0.439334
0.454941 0.458161
0.483573 0.478066
0.49078 0.494438
0.505401 0.501296
0.526461 0.529912
0.539573 0.539013
0.561353 0.552142
0.569196 0.564697
0.585888 0.587922
0.606263 0.594196
0.622576 0.613527
0.632078 0.635576
0.651522 0.647831
0.657469 0.656371
0.687452 0.6801
0.694997 0.688468
0.71317 0.712138
0.722479 0.728677
0.735255 0.749393
0.756923 0.762507
0.771595 0.774491
0.796036 0.788669
0.805289 0.803825
0.822131 0.81778
0.830452 0.831437
0.853365 0.853112
0.874535 0.865686
0.883425 0.890224
0.905314 0.895467
0.908662 0.907294
0.932122 0.926282
0.946408 0.948937
0.956885 0.964927
0.98205 0.980888
0.999971 0.98816
