0.964287 0.805998
0.464287 0.139332
0.214287 0.472665
0.714287 0.917109
0.0892875 0.250443
0.589287 0.583776
0.339287 0.0282206
0.839287 0.361554
0.0267875 0.694887
0.526787 0.843035
0.276787 0.176369
0.776787 0.509702
0.151787 0.954147
0.651787 0.28748
0.401787 0.620813
0.901787 0.0652577
0.995537 0.398591
0.495537 0.731924
0.245537 0.880072
0.745537 0.213406
0.120537 0.546739
0.620537 0.991184
0.370537 0.324517
0.870537 0.65785
0.0580375 0.102295
0.558037 0.435628
0.308037 0.768961
0.808037 0.818344
0.183037 0.151677
0.683037 0.485011
0.433037 0.929455
0.933037 0.262789
0.979912 0.596122
0.479912 0.0405663
0.229912 0.3739
0.729912 0.707233
0.104912 0.855381
0.604912 0.188714
0.354912 0.522048
0.854912 0.966492
0.0424125 0.299826
0.542412 0.633159
0.292412 0.0776033
0.792412 0.410937
0.167412 0.74427
0.667412 0.892418
0.417412 0.225751
0.917412 0.559085
0.0111625 0.00352925
0.511162 0.336863
0.261162 0.670196
0.761162 0.11464
0.136162 0.447974
0.636162 0.781307
0.386162 0.83069
0.886162 0.164023
0.0736625 0.497356
0.573662 0.941801
0.323662 0.275134
0.823662 0.608468
0.198662 0.052912
0.698662 0.386245
0.448662 0.719579
0.948662 0.867727
