0.450995 0.110572
0.950995 0.443905
0.700995 0.777238
0.200995 0.221683
0.575995 0.555016
0.075995 0.888349
0.825995 0.332794
0.325995 0.666127
0.513495 0.99946
0.013495 0.147609
0.763495 0.480942
0.263495 0.814275
0.638495 0.25872
0.138495 0.592053
0.888495 0.925386
0.388495 0.369831
0.482245 0.703164
0.982245 0.0364975
0.732245 0.184646
0.232245 0.517979
0.607245 0.851312
0.107245 0.295757
0.857245 0.62909
0.357245 0.962423
0.544745 0.406868
0.044745 0.740201
0.794745 0.0735346
0.294745 0.122917
0.669745 0.456251
0.169745 0.789584
0.919745 0.234028
0.419745 0.567362
0.46662 0.900695
0.96662 0.345139
0.71662 0.678473
0.21662 0.0118061
0.59162 0.159954
0.09162 0.493288
0.84162 0.826621
0.34162 0.271065
0.52912 0.604399
0.02912 0.937732
0.77912 0.382176
0.27912 0.71551
0.65412 0.0488432
0.15412 0.196991
0.90412 0.530325
0.40412 0.863658
0.49787 0.308102
0.99787 0.641436
0.74787 0.974769
0.24787 0.419214
0.62287 0.752547
0.12287 0.0858802
0.87287 0.135263
0.37287 0.468596
0.56037 0.80193
0.06037 0.246374
0.81037 0.579707
0.31037 0.913041
0.68537 0.357485
0.18537 0.690818
0.93537 0.0241518
0.43537 0.1723
0.458807 0.505633
0.958807 0.838967
0.708807 0.283411
0.208807 0.616744
0.583807 0.950078
0.0838075 0.394522
0.833807 0.727855
0.333807 0.0611888
0.521307 0.209337
0.0213075 0.54267
0.771307 0.876004
0.271307 0.320448
0.646307 0.653781
0.146307 0.987115
0.896307 0.431559
0.396307 0.764893
0.490057 0.0982259
0.990057 0.114687
0.740057 0.44802
0.240057 0.781353
0.615057 0.225798
0.115057 0.559131
0.865057 0.892465
0.365057 0.336909
0.552557 0.670242
0.0525575 0.00357569
0.802557 0.151724
0.302557 0.485057
0.677557 0.81839
0.177557 0.262835
0.927557 0.596168
0.427557 0.929502
0.474432 0.373946
0.974432 0.707279
0.724432 0.0406127
0.224432 0.188761
0.599432 0.522094
0.0994325 0.855428
0.849432 0.299872
0.349432 0.633205
0.536932 0.966539
0.0369325 0.410983
0.786932 0.744316
0.286932 0.0776498
0.661932 0.127032
0.161932 0.460366
0.911932 0.793699
0.411932 0.238144
0.505682 0.571477
0.00568248 0.90481
0.755682 0.349255
0.255682 0.682588
0.630682 0.0159214
0.130682 0.164069
0.880682 0.497403
0.380682 0.830736
0.568182 0.275181
0.0681825 0.608514
0.818182 0.941847
0.318182 0.386292
0.693182 0.719625
0.193182 0.0529584
0.943182 0.201106
0.443182 0.53444
0.454901 0.867773
0.954901 0.312218
0.704901 0.645551
0.204901 0.978884
0.579901 0.423329
0.0799012 0.756662
0.829901 0.0899954
0.329901 0.139378
0.517401 0.472711
0.0174012 0.806045
0.767401 0.250489
0.267401 0.583823
0.642401 0.917156
0.142401 0.3616
0.892401 0.694934
0.392401 0.028267
0.486151 0.176415
0.986151 0.509748
0.736151 0.843082
0.236151 0.287526
0.611151 0.62086
0.111151 0.954193
0.861151 0.398637
0.361151 0.731971
0.548651 0.065304
0.0486512 0.213452
0.798651 0.546786
0.298651 0.880119
0.673651 0.324563
0.173651 0.657897
0.923651 0.99123
0.423651 0.435674
0.470526 0.769008
0.970526 0.102341
0.720526 0.118802
0.220526 0.452135
0.595526 0.785469
0.0955262 0.229913
0.845526 0.563246
0.345526 0.89658
0.533026 0.341024
0.0330262 0.674358
0.783026 0.00769091
0.283026 0.155839
0.658026 0.489172
0.158026 0.822506
0.908026 0.26695
0.408026 0.600283
0.501776 0.933617
0.00177623 0.378061
0.751776 0.711395
0.251776 0.0447279
0.626776 0.192876
0.126776 0.526209
0.876776 0.859543
0.376776 0.303987
0.564276 0.637321
0.0642762 0.970654
0.814276 0.415098
0.314276 0.748432
0.689276 0.081765
0.189276 0.131148
0.939276 0.464481
0.439276 0.797814
0.462714 0.242259
0.962714 0.575592
0.712714 0.908925
0.212714 0.35337
0.587714 0.686703
0.0877137 0.0200366
0.837714 0.168185
0.337714 0.501518
0.525214 0.834851
0.0252137 0.279296
0.775214 0.612629
0.275214 0.945962
0.650214 0.390407
0.150214 0.72374
0.900214 0.0570736
0.400214 0.205222
0.493964 0.538555
0.993964 0.871888
0.743964 0.316333
0.243964 0.649666
0.618964 0.983
0.118964 0.427444
0.868964 0.760777
0.368964 0.0941107
0.556464 0.143493
0.0564637 0.476827
0.806464 0.81016
0.306464 0.254604
0.681464 0.587938
0.181464 0.921271
0.931464 0.365716
0.431464 0.699049
0.478339 0.0323823
0.978339 0.18053
0.728339 0.513864
0.228339 0.847197
0.603339 0.291641
0.103339 0.624975
0.853339 0.958308
0.353339 0.402753
0.540839 0.736086
0.0408387 0.0694193
0.790839 0.217567
0.290839 0.550901
0.665839 0.884234
0.165839 0.328679
0.915839 0.662012
0.415839 0.995345
0.509589 0.43979
0.00958873 0.773123
0.759589 0.106456
0.259589 0.111943
0.634589 0.445277
0.134589 0.77861
0.884589 0.223054
0.384589 0.556388
0.572089 0.889721
0.0720887 0.334165
0.822089 0.667499
0.322089 0.000832206
0.697089 0.14898
0.197089 0.482314
0.947089 0.815647
0.447089 0.260091
