0.341656 0.00921406
0.405081 0.00080171
0.55181 0.00845451
0.767484 0.00261244
0.827535 0.00432398
0.998946 0.0080203
0.0465493 0.0148433
0.078097 0.00567159
0.126276 0.00692034
0.233578 0.0224017
0.301958 0.0452045
0.368659 0.0293472
0.466576 0.0266024
0.497817 0.0169342
0.6034 0.0149509
0.671054 0.0334994
0.73822 0.0184964
0.830988 0.0351616
0.893505 0.0149686
0.928985 0.0217459
0.9887 0.0379819
0.00953867 0.0264736
0.0702965 0.0387919
0.101238 0.0343832
0.163967 0.0243374
0.195215 0.0262368
0.309809 0.0170423
0.39831 0.0330106
0.430156 0.0259341
0.535869 0.0337252
0.577269 0.0279125
0.650618 0.0125782
0.701151 0.0240375
0.755058 0.0653224
0.797202 0.00664151
0.864929 0.0382667
0.904105 0.0421464
0.962559 0.0211651
0.0388139 0.0450624
0.104443 0.0698702
0.167941 0.0532979
0.209656 0.0516514
0.27207 0.0273647
0.338453 0.0407271
0.442723 0.0523375
0.477545 0.0549244
0.509289 0.045852
0.598597 0.0566741
0.645128 0.055817
0.698557 0.0544141
0.769451 0.0349083
0.784995 0.0700869
0.860273 0.00855156
0.925204 0.0653648
0.0178215 0.0654772
0.13146 0.0363159
0.186883 0.0755475
0.24372 0.049801
0.271352 0.0617937
0.332807 0.0693853
0.407038 0.0609399
0.471247 0.0834863
0.507537 0.0756268
0.563416 0.0537924
0.624981 0.0346543
0.732151 0.0471026
0.79973 0.039817
0.819307 0.0665798
0.949927 0.0497121
0.00615495 0.092849
0.0752834 0.0694971
0.138648 0.0646714
0.239301 0.110263
0.29964 0.0758545
0.370398 0.0616775
0.383737 0.0891346
0.436546 0.0809008
0.539484 0.0721752
0.61955 0.0770479
0.684488 0.0962511
0.715064 0.0785558
0.850517 0.0663005
0.885569 0.0650742
0.952364 0.0859711
0.978653 0.0659637
0.0480402 0.0801757
0.0974277 0.106106
0.158699 0.0924674
0.237955 0.0787038
0.314404 0.101062
0.350708 0.0924889
0.411867 0.097198
0.525396 0.104322
0.601081 0.102202
0.645334 0.0935425
0.671087 0.069605
0.743296 0.0931315
0.842241 0.0970971
0.875897 0.0927682
0.910067 0.0904077
0.982452 0.0985172
0.0330577 0.10765
0.128479 0.0948498
0.185313 0.110817
0.211595 0.0913059
0.269954 0.0940257
0.333771 0.123105
0.451287 0.10905
0.493918 0.104912
0.556637 0.105507
0.57599 0.0835421
0.626064 0.120697
0.71518 0.110393
0.775505 0.100981
0.809737 0.0954204
0.835692 0.126738
0.936591 0.110602
0.054886 0.136091
0.0887983 0.14018
0.15416 0.126014
0.212787 0.126973
0.306132 0.144816
0.367239 0.119057
0.428355 0.127168
0.53717 0.134976
0.582594 0.127306
0.661723 0.120199
0.693654 0.131005
0.755269 0.122263
0.801625 0.123551
0.869749 0.121484
0.902971 0.120545
0.96638 0.125054
0.018729 0.133593
0.0683473 0.108843
0.152362 0.160413
0.236135 0.14807
0.290986 0.119844
0.368907 0.151875
0.397044 0.128248
0.474291 0.12914
0.506972 0.137894
0.606642 0.147112
0.674441 0.153533
0.731475 0.139299
0.816017 0.1531
0.887929 0.150134
0.954071 0.154167
0.993791 0.13923
0.0305414 0.162265
0.125007 0.128217
0.174519 0.181106
0.241523 0.176816
0.261648 0.129303
0.33949 0.152335
0.395277 0.164564
0.454587 0.153894
0.487378 0.161644
0.56271 0.149154
0.642729 0.147334
0.711559 0.160696
0.780117 0.14335
0.853954 0.152001
0.927016 0.139226
0.0649102 0.165749
0.118443 0.156694
0.181085 0.14402
0.204743 0.161097
0.273638 0.158361
0.299064 0.176914
0.42367 0.157568
0.495095 0.189825
0.551071 0.180247
0.585558 0.170675
0.623831 0.175156
0.688488 0.182392
0.755482 0.162632
0.790763 0.175511
0.861357 0.180332
0.917593 0.166907
0.00147098 0.188463
0.0675246 0.200568
0.0941305 0.175465
0.160951 0.207016
0.20943 0.189988
0.329983 0.179991
0.362672 0.185106
0.42734 0.188606
0.523911 0.168101
0.598557 0.196912
0.653581 0.180386
0.698644 0.209792
0.762847 0.192719
0.827593 0.179971
0.890228 0.184813
0.915954 0.201567
0.978833 0.169712
0.0387289 0.190317
0.097312 0.204684
0.131331 0.185446
0.232819 0.211141
0.266377 0.192277
0.359622 0.214203
0.394315 0.195489
0.459806 0.185211
0.486618 0.217826
0.628146 0.210088
0.662147 0.208485
0.728221 0.184713
0.813001 0.205301
0.881455 0.217793
0.973011 0.199293
0.015822 0.21435
0.129754 0.214689
0.193186 0.214526
0.26232 0.223989
0.294746 0.208682
0.326086 0.209794
0.419429 0.218921
0.452071 0.214532
0.52395 0.203663
0.564342 0.206334
0.589804 0.226108
0.731426 0.213815
0.785443 0.215112
0.850514 0.208437
0.943265 0.18596
0.0444368 0.225154
0.0712098 0.238392
0.130852 0.244622
0.231998 0.242271
0.288022 0.240019
0.351181 0.243607
0.387467 0.229312
0.460148 0.242632
0.511955 0.235351
0.625062 0.239138
0.691945 0.238276
0.756228 0.229377
0.834149 0.232663
0.911856 0.230502
0.946842 0.22027
0.976616 0.232073
0.0016164 0.239908
0.0343062 0.255037
0.100406 0.235995
0.163749 0.237979
0.201805 0.242452
0.320865 0.240648
0.37294 0.263814
0.427196 0.247098
0.544537 0.229102
0.596849 0.256832
0.65893 0.237572
0.680722 0.269098
0.776874 0.251499
0.805097 0.242127
0.868364 0.246296
0.899124 0.256914
0.96313 0.26074
0.0631553 0.266539
0.102754 0.26831
0.179852 0.262783
0.220774 0.273785
0.255342 0.259909
0.310913 0.269482
0.447744 0.273481
0.485858 0.256491
0.538597 0.261555
0.567855 0.251708
0.651532 0.267715
0.725355 0.244466
0.747919 0.26726
0.810467 0.273972
0.85715 0.284619
0.935351 0.250833
0.00754991 0.270228
0.142996 0.271176
0.191542 0.290676
0.249956 0.292556
0.280853 0.274209
0.341426 0.276863
0.402169 0.26211
0.477824 0.287051
0.511548 0.272724
0.562314 0.287208
0.621492 0.273758
0.712263 0.271747
0.782535 0.282655
0.838399 0.262159
0.953884 0.292435
0.990247 0.271597
0.0334561 0.29049
0.0839329 0.290767
0.123505 0.295862
0.218479 0.306654
0.288877 0.30259
0.360968 0.298897
0.391003 0.297992
0.456884 0.307566
0.502262 0.306251
0.612814 0.31248
0.668658 0.304728
0.731391 0.298231
0.826798 0.300504
0.886209 0.283117
0.926561 0.279813
0.987066 0.300937
0.0575565 0.307101
0.0963457 0.317448
0.160692 0.294474
0.238209 0.328253
0.318832 0.30236
0.371914 0.32955
0.422298 0.287969
0.533116 0.298186
0.591393 0.29023
0.639852 0.299823
0.697634 0.300768
0.760432 0.30182
0.798147 0.312667
0.854625 0.316497
0.911619 0.305328
0.96637 0.326294
0.0280735 0.320427
0.12617 0.32965
0.15524 0.323227
0.186861 0.323545
0.268219 0.323235
0.33758 0.324773
0.423606 0.317578
0.483135 0.330694
0.552616 0.322736
0.581854 0.323876
0.645993 0.332378
0.712001 0.328179
0.74082 0.335193
0.824957 0.334378
0.885191 0.317763
0.937361 0.322082
0.0450462 0.350915
0.103718 0.351274
0.174658 0.356074
0.207785 0.343951
0.30341 0.335139
0.382917 0.362957
0.426752 0.356154
0.521797 0.333044
0.613163 0.343085
0.652326 0.360879
0.68097 0.335706
0.772617 0.32926
0.80039 0.350322
0.890283 0.375063
0.913655 0.342718
0.993024 0.338323
0.014486 0.351357
0.0711792 0.33551
0.145393 0.356587
0.245217 0.357357
0.317914 0.360514
0.349511 0.354203
0.400928 0.33604
0.451029 0.338373
0.498558 0.357003
0.592214 0.363593
0.681577 0.368342
0.711239 0.36058
0.827076 0.372655
0.880374 0.347552
0.948304 0.355144
0.975474 0.368125
0.0330308 0.382283
0.126722 0.379167
0.186715 0.382688
0.250714 0.387849
0.276013 0.354222
0.353174 0.384617
0.410196 0.38026
0.465837 0.365839
0.52147 0.387034
0.564606 0.353578
0.625912 0.375066
0.741648 0.368527
0.771454 0.360524
0.851266 0.350081
0.953702 0.391333
0.000496749 0.377802
0.0717549 0.36764
0.0974522 0.384308
0.153615 0.392229
0.216881 0.373052
0.288709 0.380527
0.321929 0.390951
0.446313 0.387594
0.489947 0.388734
0.534892 0.361028
0.56061 0.386254
0.651952 0.394907
0.714678 0.392905
0.769448 0.392086
0.800942 0.385796
0.857931 0.382544
0.922704 0.372917
0.989178 0.399406
0.0606683 0.396975
0.0849996 0.414492
0.146429 0.422147
0.220414 0.403448
0.30697 0.416172
0.379122 0.398314
0.411988 0.409438
0.50842 0.419219
0.595924 0.393386
0.649421 0.42654
0.683125 0.398392
0.741209 0.40546
0.834226 0.406802
0.868854 0.410554
0.899031 0.404114
0.965339 0.422148
0.00286576 0.434192
0.0493145 0.428913
0.116619 0.413332
0.183399 0.411737
0.207097 0.432416
0.273329 0.406542
0.343967 0.417974
0.44178 0.418694
0.47377 0.413113
0.540607 0.412756
0.57176 0.41633
0.621616 0.410648
0.707613 0.425787
0.775461 0.420803
0.804633 0.41837
0.864153 0.439391
0.928127 0.406892
0.0252249 0.412283
0.115411 0.445635
0.195413 0.461347
0.242982 0.425739
0.278786 0.435249
0.320119 0.443044
0.399095 0.435667
0.467557 0.443667
0.500617 0.447449
0.567021 0.448878
0.62287 0.448634
0.713878 0.457906
0.769351 0.450322
0.831741 0.438401
0.936179 0.434992
0.996724 0.43434
0.0264821 0.455205
0.0835555 0.443686
0.141071 0.459612
0.261228 0.458626
0.297991 0.462173
0.370049 0.431197
0.404527 0.467692
0.431847 0.447523
0.529857 0.473151
0.597153 0.432928
0.67818 0.431896
0.74006 0.434822
0.840054 0.467028
0.910781 0.463786
0.943934 0.464049
0.973977 0.454636
0.0582687 0.460733
0.0902562 0.474785
0.16992 0.441349
0.229355 0.456353
0.324726 0.486918
0.373696 0.465389
0.459993 0.472809
0.535926 0.443995
0.595682 0.467782
0.649132 0.461506
0.681476 0.462159
0.743229 0.470335
0.80084 0.452117
0.877501 0.465417
0.900336 0.436244
0.980982 0.485352
0.0550783 0.489818
0.117456 0.485456
0.166061 0.476508
0.201229 0.491442
0.262312 0.487824
0.345187 0.458132
0.43237 0.482713
0.492225 0.475365
0.548644 0.503955
0.592697 0.500421
0.6609 0.489727
0.697874 0.489477
0.773189 0.482687
0.81009 0.479822
0.883731 0.495615
0.915027 0.493727
0.0234139 0.484321
0.142809 0.499998
0.175083 0.507811
0.231239 0.486291
0.294404 0.492312
0.352805 0.494973
0.411309 0.505547
0.449239 0.511044
0.512906 0.499446
0.564172 0.47915
0.623496 0.485781
0.727064 0.495815
0.792261 0.507397
0.854267 0.493314
0.946943 0.493116
0.0123293 0.514349
0.0782181 0.507783
0.135619 0.529716
0.232893 0.518436
0.305391 0.521567
0.364941 0.527473
0.383257 0.497317
0.477719 0.504526
0.495938 0.530734
0.634636 0.513349
0.67167 0.516933
0.75665 0.510121
0.826798 0.506669
0.890331 0.52508
0.962664 0.51777
0.995238 0.514211
0.0267209 0.547835
0.105576 0.518049
0.20437 0.52512
0.286753 0.546802
0.270335 0.515945
0.334329 0.52554
0.393823 0.535024
0.464655 0.540999
0.527981 0.527995
0.570442 0.524822
0.626034 0.551683
0.730898 0.531287
0.781131 0.535835
0.841869 0.555763
0.940724 0.546754
0.0434096 0.519864
0.100522 0.546875
0.166071 0.535644
0.189017 0.553992
0.252718 0.542513
0.346164 0.558083
0.42796 0.533463
0.489484 0.562938
0.55296 0.549857
0.605344 0.52891
0.653723 0.542348
0.702702 0.52256
0.754728 0.549087
0.81856 0.534704
0.857179 0.526845
0.922815 0.523607
0.00729586 0.571591
0.0796462 0.570105
0.110762 0.581087
0.159112 0.571443
0.222237 0.554797
0.315985 0.558156
0.375675 0.562953
0.445893 0.563857
0.521187 0.559203
0.587954 0.555369
0.660856 0.575464
0.685671 0.55
0.775053 0.575261
0.802451 0.56063
0.874093 0.55677
0.926778 0.577032
0.972786 0.546429
0.0469109 0.570191
0.0659635 0.540348
0.13226 0.559814
0.230359 0.584257
0.313703 0.592891
0.342868 0.590683
0.412545 0.562061
0.434734 0.593372
0.535163 0.58744
0.603083 0.580359
0.688472 0.585077
0.714301 0.560778
0.830555 0.582715
0.904444 0.555107
0.958134 0.578209
0.988173 0.575867
0.0322367 0.595459
0.140157 0.598399
0.195726 0.582459
0.258747 0.571731
0.286415 0.581093
0.371519 0.596612
0.40119 0.588996
0.469695 0.586629
0.504734 0.591857
0.564667 0.579831
0.632961 0.58437
0.738555 0.577782
0.802519 0.594739
0.842381 0.61274
0.937834 0.608579
0.0703933 0.599091
0.103574 0.609466
0.174602 0.602638
0.215552 0.609831
0.255846 0.606932
0.285159 0.614764
0.408156 0.619428
0.495412 0.619549
0.558953 0.614141
0.588687 0.60582
0.624939 0.615617
0.7136 0.600016
0.756574 0.602015
0.783631 0.617451
0.864826 0.587407
0.895222 0.58908
0.00261254 0.607141
0.0542209 0.623441
0.083838 0.63333
0.160472 0.629196
0.195183 0.631269
0.316913 0.625999
0.377657 0.627708
0.436525 0.628856
0.528888 0.621437
0.601807 0.635423
0.656553 0.611476
0.684314 0.620727
0.732403 0.623908
0.816679 0.626707
0.872917 0.620604
0.908966 0.614901
0.967561 0.611192
0.0594701 0.655644
0.104096 0.654388
0.128207 0.629277
0.223318 0.659057
0.264838 0.644209
0.346591 0.623654
0.435007 0.658015
0.463614 0.616186
0.542321 0.647396
0.572058 0.645205
0.660262 0.645041
0.706671 0.639608
0.774042 0.66682
0.7622 0.637391
0.852434 0.645985
0.896097 0.641229
0.0265177 0.632776
0.131671 0.66427
0.191498 0.660678
0.236007 0.632695
0.294617 0.647502
0.343078 0.65481
0.401249 0.652407
0.470388 0.648173
0.503957 0.649134
0.565836 0.678946
0.631554 0.650573
0.738879 0.658757
0.799156 0.651869
0.82804 0.662115
0.935607 0.641755
0.968941 0.640575
0.0277228 0.665329
0.0817482 0.67593
0.148289 0.693651
0.253203 0.672655
0.286085 0.679219
0.370843 0.663825
0.404706 0.682666
0.468148 0.67733
0.499804 0.67961
0.621378 0.686354
0.682528 0.664343
0.71047 0.672919
0.855408 0.683648
0.917879 0.665446
0.956082 0.671096
0.988262 0.666679
0.00223767 0.679989
0.0501458 0.688646
0.113546 0.691303
0.160493 0.659546
0.215192 0.68925
0.317499 0.669007
0.375554 0.695435
0.437606 0.688071
0.531484 0.674446
0.598541 0.66772
0.652072 0.680868
0.679488 0.698692
0.741828 0.688944
0.80253 0.688426
0.880313 0.666022
0.89427 0.693528
0.961218 0.702287
0.0554738 0.719374
0.086376 0.707978
0.160676 0.720802
0.197008 0.716144
0.257627 0.735536
0.311669 0.703143
0.427322 0.715446
0.467508 0.708365
0.535765 0.70342
0.587783 0.701227
0.642479 0.711945
0.712754 0.702975
0.770529 0.697132
0.8069 0.724459
0.867321 0.712728
0.92897 0.692527
0.991815 0.698125
0.0232697 0.705991
0.123568 0.720527
0.180056 0.690023
0.24296 0.70273
0.27466 0.706167
0.342495 0.691693
0.398176 0.717889
0.486964 0.738068
0.501241 0.708831
0.560857 0.718412
0.636798 0.74109
0.743882 0.722621
0.777668 0.725508
0.842621 0.728706
0.923735 0.721319
0.0319696 0.740479
0.0867185 0.737195
0.119242 0.749451
0.225699 0.730052
0.306608 0.761688
0.354736 0.719992
0.381067 0.741597
0.452533 0.734951
0.52387 0.733341
0.608767 0.721584
0.674508 0.727525
0.709326 0.732023
0.829715 0.699301
0.895204 0.728579
0.949807 0.73453
0.98215 0.731226
0.00237496 0.753754
0.139727 0.777113
0.187222 0.744936
0.244941 0.76469
0.289702 0.732953
0.346275 0.751152
0.399578 0.770267
0.452389 0.764215
0.511987 0.761705
0.58025 0.741938
0.609727 0.756881
0.740161 0.751643
0.774795 0.755171
0.84564 0.760216
0.942157 0.767292
0.0623287 0.754262
0.115161 0.796036
0.15291 0.749019
0.213306 0.759861
0.275493 0.766403
0.322896 0.731684
0.419532 0.748643
0.481903 0.771503
0.548677 0.751952
0.584768 0.773662
0.636785 0.777186
0.697777 0.758847
0.762179 0.78293
0.813562 0.752839
0.873786 0.750144
0.915598 0.755084
0.0083018 0.789007
0.0682626 0.783531
0.0984827 0.770037
0.174996 0.775493
0.200166 0.790328
0.330288 0.779756
0.366686 0.773425
0.430432 0.784933
0.558201 0.785818
0.587049 0.808592
0.664515 0.755433
0.697418 0.791863
0.740226 0.806059
0.799861 0.778721
0.889512 0.775823
0.914293 0.791518
0.974887 0.760601
0.0337115 0.773539
0.0848141 0.80768
0.155959 0.803928
0.231878 0.792386
0.295407 0.795165
0.360973 0.80246
0.393162 0.799654
0.461472 0.798436
0.528892 0.785509
0.614131 0.795625
0.66764 0.784981
0.726196 0.777363
0.832411 0.789113
0.86168 0.791303
0.96499 0.791727
0.994655 0.794341
0.0426895 0.805525
0.130033 0.823914
0.180558 0.820114
0.264382 0.799304
0.267801 0.835173
0.327014 0.808804
0.422214 0.813955
0.47875 0.82522
0.498445 0.79891
0.560667 0.822168
0.647999 0.812857
0.71271 0.818943
0.786389 0.8048
0.853977 0.825325
0.939381 0.806505
0.0130394 0.821308
0.0636154 0.829312
0.155684 0.842073
0.209709 0.822279
0.295785 0.826704
0.356821 0.831436
0.391879 0.831064
0.446921 0.829609
0.508105 0.834379
0.619993 0.82828
0.678102 0.820195
0.738648 0.843168
0.818456 0.814805
0.884589 0.813188
0.9406 0.837991
0.984566 0.853987
0.0667253 0.858406
0.101838 0.832609
0.159667 0.878143
0.239701 0.824405
0.323226 0.839665
0.381623 0.859291
0.419115 0.850092
0.531823 0.817247
0.592531 0.842032
0.649273 0.847301
0.680007 0.849386
0.764228 0.82603
0.82633 0.845236
0.880571 0.848146
0.909986 0.827754
0.972147 0.824652
0.00611069 0.864496
0.0328094 0.842831
0.0979098 0.861613
0.184013 0.856086
0.213209 0.854244
0.243585 0.858261
0.316576 0.869809
0.442203 0.884937
0.484463 0.858643
0.534813 0.853564
0.592013 0.875643
0.653327 0.881169
0.709073 0.852773
0.773141 0.859203
0.795514 0.839829
0.850408 0.861786
0.91189 0.859864
0.0380921 0.874558
0.130856 0.861082
0.190722 0.890782
0.260627 0.881993
0.286557 0.860348
0.349628 0.86248
0.410528 0.878876
0.454939 0.858668
0.51128 0.873173
0.564188 0.856318
0.622249 0.862746
0.716016 0.884891
0.77749 0.889451
0.808867 0.873792
0.95642 0.862576
0.00523943 0.895166
0.0710144 0.889506
0.133082 0.896833
0.243127 0.907399
0.290363 0.894414
0.354834 0.892569
0.38406 0.89363
0.479579 0.891239
0.51598 0.902081
0.620227 0.89401
0.68468 0.882417
0.743982 0.874024
0.834183 0.890247
0.883441 0.912872
0.937924 0.885206
0.0371217 0.904474
0.104445 0.890143
0.16339 0.911502
0.219584 0.885792
0.32376 0.898393
0.363738 0.925546
0.454232 0.912975
0.545747 0.88666
0.596061 0.91619
0.653708 0.912497
0.683554 0.913281
0.750144 0.906143
0.800145 0.907965
0.874931 0.880066
0.906238 0.890314
0.972655 0.893135
0.0153152 0.928322
0.0640175 0.919965
0.0986618 0.919482
0.188744 0.927365
0.217422 0.921615
0.271532 0.919975
0.302874 0.92651
0.419628 0.911422
0.485347 0.921728
0.549056 0.920656
0.5724 0.898989
0.625778 0.927138
0.716068 0.914219
0.770894 0.929246
0.822829 0.926305
0.854184 0.911594
0.932613 0.915607
0.0418228 0.944641
0.113725 0.950182
0.160147 0.946624
0.215958 0.953484
0.334565 0.928223
0.394327 0.926099
0.469667 0.949869
0.539442 0.954773
0.571447 0.943291
0.641495 0.951957
0.700024 0.944262
0.758543 0.959543
0.795688 0.945432
0.907566 0.930666
0.907935 0.959899
0.96333 0.920865
0.00288155 0.958527
0.0792688 0.945129
0.13291 0.927056
0.248895 0.942745
0.282607 0.95247
0.351124 0.957916
0.38352 0.955896
0.439434 0.939578
0.517569 0.931996
0.60046 0.95056
0.670353 0.947288
0.736004 0.937652
0.843751 0.946803
0.874746 0.945417
0.940496 0.948973
0.97867 0.945783
0.0339239 0.972804
0.141267 0.968912
0.187741 0.962644
0.239789 0.973543
0.270479 0.979041
0.317201 0.957236
0.410246 0.986597
0.44541 0.974181
0.500346 0.956729
0.55349 0.980423
0.620283 0.973736
0.721159 0.966885
0.782533 0.977222
0.816114 0.96808
0.953419 0.975163
0.982637 0.977161
0.102947 0.977382
0.172339 0.988813
0.209573 0.98983
0.305225 0.984043
0.340243 0.986136
0.415035 0.955744
0.478032 0.983042
0.515749 0.981571
0.582677 0.979769
0.65816 0.983179
0.687389 0.978197
0.743054 0.988697
0.865175 0.973033
0.923827 0.986638
0.0692381 0.972573
0.376152 0.984166
0.890736 0.987872
0.139672 0.998123
0.838479 0.986892
0.708341 0.999247
