0 4096.000000000000000
1 0.000000000000000
2 0.000000000000000
3 0.000000000000000
4 0.000000000000000
5 0.000000000000000
6 0.000000000000000
7 0.000000000000000
8 0.000000000000000
9 0.000000000000000
10 0.000000000000000
11 0.000302588054526
12 0.000000000000000
13 0.000000000000000
14 0.000000000000000
15 0.000000000000000
16 0.000000000000000
17 0.006835478098069
18 0.000000000000000
19 0.000000000000000
20 0.000000000000000
21 0.000000000000000
22 0.064190389312948
23 0.000000000000000
24 0.000000000000000
25 0.000477720052669
26 0.000000000000000
27 0.000000000000000
28 0.011468492807787
29 0.000000000000000
30 0.000000000000000
31 0.000000000000000
32 0.087933554660281
33 0.000446861665927
34 0.000000000000000
35 1.548169147438203
36 0.000000000000000
37 0.000000000000000
38 0.000000000000000
39 0.000000000000000
40 0.182835960078936
41 0.000000000000000
42 0.000000000000000
43 0.000671267308658
44 0.000000000000000
45 10.151919959281098
46 0.003223916284483
47 0.000000000000000
48 0.006296026698558
49 0.000000000000000
50 0.129881466851214
51 0.243450255395033
52 0.000000000000000
53 0.153577972292284
54 0.000000000000000
55 0.000000000000000
56 0.008286540215338
57 3.464478058831403
58 0.049383631665406
59 0.000000000000000
60 0.052383570638645
61 0.000000000000000
62 0.040442433767368
63 0.000000000000000
64 1.474922439435900
65 13.162029612258937
66 0.000000000000000
67 1.157659041046423
68 2.808690593556625
69 0.000000000000000
70 0.000000000000000
71 13.413911508973822
72 0.000337895197633
73 0.406010585282888
74 0.000000000000000
75 0.981448609660992
76 0.000000000000000
77 0.000000000000000
78 0.310840290957803
79 0.019880682751770
80 1.247085940084370
81 0.166043236830838
82 0.198982151999656
83 0.032709126683872
84 0.000000000000000
85 0.012927707240141
86 1.281469617477256
87 0.000000000000000
88 0.000112503194893
89 1.175838819094192
90 0.000000000000000
91 0.005410559688700
92 0.000000000000000
93 3.228096592290182
94 0.000000000000000
95 0.000000000000000
96 0.120122915377994
97 2.161366937525575
98 1.725245123157708
99 0.000000000000000
100 0.071356673240642
101 1.026176452039038
102 0.381725923761570
103 0.000000000000000
104 2.874220929509047
105 0.021436763335824
106 0.014901778291128
107 7.809213555218817
108 0.159576498203071
109 0.000000000000000
110 0.000000000000000
111 0.967541742627230
112 0.028897361027379
113 2.930930851261110
114 0.751776284692515
115 0.983241551904064
116 0.010736324341365
117 0.000000000000000
118 2.719983484021949
119 0.000000000000000
120 0.539861051131775
121 0.965285792787552
122 0.128355667034483
123 0.000000000000000
124 3.225595439491647
125 0.973175598744730
126 0.329468874444022
127 0.000000000000000
128 16.314097241448597
129 0.141424383575614
130 1.395031684246623
131 0.146189969978309
132 0.122711634873189
133 1.275143255774682
134 0.338757014793991
135 0.047711321411876
136 0.984142940105852
137 1.451825657522398
138 0.031165644578394
139 0.190632419104445
140 0.000000000000000
141 0.079249439942508
142 0.055401653065802
143 0.000000000000000
144 0.342682200521959
145 0.286761790993447
146 0.096393991746785
147 0.509630477739456
148 0.015017393306805
149 0.028529719069801
150 0.305352366146082
151 0.487174795590615
152 1.335774685787637
153 0.047594341225020
154 1.167498017935310
155 0.064558054209936
156 0.000000000000000
157 0.192397079295948
158 2.232271528900529
159 0.208216655407401
160 2.297445288341262
161 2.410142586190489
162 0.000000000000000
163 0.305257563901153
164 6.140371698094850
165 0.000000000000000
166 0.000193044718949
167 2.268969355739930
168 0.506571622949010
169 1.810976876075030
170 0.147791871635410
171 0.193408273232505
172 0.349728126039384
173 0.019503229586540
174 0.014066902084330
175 0.917805624845299
176 0.869729798213242
177 1.858204661916502
178 0.885087522032294
179 0.063496470376279
180 2.226998725935471
181 1.136618353921758
182 3.725124778243533
183 0.000000000000000
184 1.031204651126302
185 0.017353338587466
186 0.660682806207190
187 1.513750169523142
188 1.004444188200274
189 2.118314247894155
190 0.230335007267454
191 0.000000000000000
192 3.249949493846890
193 7.026242128809426
194 0.824423262157403
195 0.011519549333678
196 7.571388027992966
197 0.168638785191831
198 1.130539158479384
199 0.000000000000000
200 0.477149569077809
201 0.144196361197864
202 0.024605117477848
203 1.035449077608154
204 0.326058982361162
205 0.035306373060387
206 0.031483599441124
207 0.186746373760610
208 0.324197636084974
209 1.252572785110948
210 0.087475207942954
211 1.401902115077744
212 0.001828942457328
213 0.097495498927524
214 0.824066025458316
215 1.535143108234650
216 0.035408669393010
217 0.114206603517551
218 0.403572988024113
219 0.125874236160525
220 1.816850393142871
221 0.078760429469894
222 0.160516519548451
223 0.010232176264345
224 0.332967332108330
225 1.687668716261069
226 0.283680092606349
227 2.780381998685723
228 0.080077531817308
229 0.421632356501649
230 4.333897444593885
231 0.000000000000000
232 3.386328129190082
233 1.029167177339810
234 0.000627433799733
235 2.625669514042241
236 0.123517287607675
237 2.455913632425246
238 2.011758746962800
239 0.543762140319052
240 1.217149904634748
241 0.769608647189697
242 0.135130628732372
243 1.768732140971244
244 0.204299967321322
245 0.000243121695980
246 1.280095857688956
247 0.046331689445333
248 0.875974402355185
249 0.406940233771846
250 1.634384518359614
