0.667892 0.919274
0.167892 0.252607
0.917892 0.585941
0.417892 0.0303852
0.792892 0.363719
0.292892 0.697052
0.0428918 0.141496
0.542892 0.47483
0.730392 0.808163
0.230392 0.956311
0.980392 0.289644
0.480392 0.622978
0.855392 0.0674222
0.355392 0.400756
0.105392 0.734089
0.605392 0.178533
0.699142 0.511867
0.199142 0.8452
0.949142 0.993348
0.449142 0.326682
0.824142 0.660015
0.324142 0.104459
0.0741418 0.437793
0.574142 0.771126
0.761642 0.21557
0.261642 0.548904
0.0116418 0.882237
0.511642 0.93162
0.886642 0.264953
0.386642 0.598286
0.136642 0.0427309
0.636642 0.376064
0.683517 0.709398
0.183517 0.153842
0.933517 0.487175
0.433517 0.820509
0.808517 0.968657
0.308517 0.30199
0.0585168 0.635323
0.558517 0.0797679
0.746017 0.413101
0.246017 0.746435
0.996017 0.190879
0.496017 0.524212
0.871017 0.857546
0.371017 0.00569383
0.121017 0.339027
0.621017 0.672361
0.714767 0.116805
0.214767 0.450138
0.964767 0.783472
0.464767 0.227916
0.839767 0.561249
0.339767 0.894583
0.0897668 0.943965
0.589767 0.277299
0.777267 0.610632
0.277267 0.0550765
0.0272668 0.38841
0.527267 0.721743
0.902267 0.166188
0.402267 0.499521
0.152267 0.832854
0.652267 0.981002
