0.448977 0.653889
0.932832 0.554059
0.0245204 0.611738
0.453816 0.224294
0.610624 0.823014
0.843056 0.660092
0.262778 0.614413
0.431545 0.019926
0.851787 0.973907
0.216588 0.814798
0.647608 0.697755
0.862229 0.0792827
0.403459 0.378336
0.95861 0.205541
0.707977 0.991229
0.547101 0.539598
0.583851 0.0102114
0.0697295 0.942019
0.719246 0.523133
0.90228 0.767487
0.344785 0.808554
0.0971844 0.521843
0.742692 0.364065
0.0934918 0.151209
0.982951 0.0156459
0.535588 0.289569
0.915283 0.319699
0.023674 0.319087
0.36794 0.141158
0.858178 0.431562
0.145893 0.679224
0.250387 0.246752
0.127741 0.286936
0.183007 0.0456636
0.554964 0.91116
0.753695 0.837618
0.672341 0.1723
0.234774 0.458695
0.777787 0.158628
0.0652327 0.8125
0.655305 0.295125
0.340438 0.913753
0.549827 0.168564
0.347678 0.493297
0.560391 0.428349
0.0320714 0.439594
0.310318 0.70776
0.291169 0.00574855
0.508393 0.76483
0.453785 0.47206
0.195064 0.940968
0.855438 0.859658
0.296043 0.345736
0.147379 0.394652
0.732736 0.640397
0.451434 0.864334
0.994314 0.716384
0.979509 0.871685
0.259616 0.123502
0.843437 0.242593
0.3536 0.249734
0.636586 0.592146
0.826418 0.540089
