0.687934 0.468232
0.773205 0.514188
0.271592 0.0698239
0.998116 0.274829
0.0279511 0.350441
0.446321 0.268499
0.275485 0.259968
0.299367 0.454824
0.610108 0.85961
0.975393 0.509821
0.650562 0.0883399
0.297264 0.538752
0.364387 0.2539
0.894394 0.312351
0.922488 0.663006
0.776582 0.589545
0.162952 0.605904
0.526315 0.3687
0.010533 0.189468
0.148874 0.912264
0.470906 0.813116
0.00792444 0.0516561
0.899029 0.99572
0.667185 0.809918
0.302428 0.711991
0.622469 0.181936
0.536688 0.44356
0.884108 0.865567
0.256854 0.165994
0.101545 0.840731
0.20082 0.14028
0.833915 0.105382
0.994852 0.747784
0.608002 0.701232
0.381707 0.151922
0.328155 0.594516
0.0552519 0.422835
0.301048 0.996488
0.495003 0.723255
0.44789 0.44364
0.20603 0.852978
0.868921 0.651551
0.673882 0.196733
0.144762 0.124683
0.811223 0.914198
0.0187885 0.618741
0.471023 0.195904
0.82338 0.838451
0.801767 0.697759
0.545248 0.891003
0.0351967 0.509842
0.266453 0.787646
0.883796 0.788832
0.463447 0.0845866
0.609647 0.803647
0.587937 0.544833
0.615323 0.446244
0.77992 0.291171
0.150631 0.523282
0.905275 0.416709
0.551202 0.300339
0.183879 0.209957
0.542093 0.0158553
0.0441544 0.231437
0.124918 0.407495
0.568207 0.657667
0.936036 0.959853
0.985258 0.988187
0.741842 0.776612
0.12932 0.960526
0.151545 0.344938
0.953134 0.0654473
0.0570543 0.078304
0.244522 0.572777
0.475101 0.498576
0.804561 0.350778
0.714868 0.901882
0.348554 0.73478
0.943479 0.282943
0.0488203 0.0150752
0.0637595 0.763165
0.663319 0.632729
0.199557 0.726898
0.256723 0.884924
0.813292 0.475181
0.687514 0.373236
0.527016 0.513908
0.664504 0.271815
0.992803 0.829224
0.410168 0.0284543
0.52527 0.238748
0.384451 0.662613
0.751371 0.0916777
0.10443 0.23455
0.925365 0.576452
0.801194 0.181523
0.040769 0.679384
0.13324 0.722355
0.416143 0.831093
0.874529 0.500684
0.492828 0.912163
0.378819 0.984545
0.436898 0.683087
0.746369 0.436771
0.864919 0.0374385
0.597655 0.0710705
0.329564 0.817752
0.751033 0.960106
0.429436 0.967644
0.618351 0.499963
0.597603 0.261786
0.220867 0.430633
0.688035 0.707578
0.838809 0.284234
0.596352 0.344212
0.541259 0.750247
0.876329 0.248057
0.661794 0.0255702
0.796868 0.773118
0.365596 0.872165
0.440091 0.62377
0.595041 0.9424
0.488141 0.14663
0.952404 0.885097
0.0817714 0.472726
0.789446 0.0136584
0.417794 0.336525
0.175568 0.780268
0.719231 0.621705
0.0490319 0.573533
0.739384 0.189331
0.114259 0.295712
0.391812 0.522221
0.20733 0.0843417
0.786116 0.132093
0.577206 0.399925
0.06593 0.910466
0.28816 0.390615
0.938497 0.224037
0.379687 0.930609
0.495114 0.989362
0.0989961 0.0432323
0.319487 0.900585
0.932756 0.754548
0.398705 0.206595
0.892388 0.155111
0.666311 0.546994
0.320728 0.315487
0.367655 0.353105
0.199711 0.499446
0.405698 0.763333
0.367616 0.0981266
0.201846 0.995044
0.211453 0.647503
0.711039 0.994395
0.443447 0.557525
0.557446 0.145716
0.665909 0.137753
0.0805038 0.351035
0.724812 0.550127
0.388225 0.401407
0.543391 0.953432
0.932237 0.119723
0.109059 0.162847
0.0513226 0.153957
0.333758 0.653893
0.229589 0.342938
0.805211 0.237594
0.520455 0.0746292
0.272747 0.654824
0.433697 0.887461
0.326807 0.151903
0.827768 0.559454
0.328713 0.0571783
0.382556 0.57986
0.689472 0.9477
0.058812 0.286172
0.947574 0.355928
0.494718 0.614041
0.342392 0.490172
0.892555 0.92201
0.806268 0.407001
0.40291 0.47176
0.964276 0.626094
0.209328 0.270793
0.246777 0.47562
0.530589 0.571745
0.115541 0.673529
0.728324 0.338248
0.0460012 0.855446
0.828265 0.615803
0.771016 0.827582
0.472267 0.395923
0.609916 0.00639473
0.99089 0.569021
0.160668 0.0556383
0.863965 0.364149
0.212237 0.91224
0.520996 0.801857
0.719984 0.262663
0.328959 0.208748
0.854602 0.438831
0.993962 0.417333
0.649387 0.331681
0.894356 0.712821
0.648729 0.911103
0.844516 0.955225
0.714278 0.048513
0.592207 0.602604
0.426701 0.122763
0.977996 0.683609
0.0789795 0.624433
0.100915 0.549559
0.481159 0.336032
0.182203 0.396243
0.997035 0.126938
0.722185 0.141014
0.254916 0.967463
0.746138 0.669349
0.0082205 0.909285
0.64518 0.737938
0.496487 0.281539
0.840564 0.734878
0.0704736 0.968044
0.959042 0.171244
0.631543 0.383489
0.925244 0.473865
0.13649 0.472423
0.243752 0.0257541
0.515042 0.662842
0.572073 0.206533
0.121935 0.773826
0.500497 0.858775
0.932257 0.819423
0.873745 0.591695
0.709353 0.849076
0.194673 0.554514
0.762066 0.878049
0.167483 0.674377
0.151703 0.853698
0.796432 0.0657905
0.33712 0.41312
0.251855 0.723302
0.615622 0.125971
0.74847 0.720641
0.897035 0.0790198
0.151016 0.258362
0.0817556 0.714938
0.559909 0.835528
0.236042 0.215575
0.855836 0.193973
0.461469 0.0298358
0.756415 0.381231
0.33083 0.950951
0.595634 0.753297
