0 16.000000000000000
1 0.004345744178025
2 0.811074776352003
3 0.285934771616397
4 2.328097055672175
5 0.409318445088615
6 1.260484980854229
7 0.773110038255292
8 1.268769993895469
9 0.589375341051306
10 0.906490701047388
11 1.157396111948629
12 1.484410859242957
13 0.486786031126844
14 1.389879070212235
15 0.632835291140717
16 1.116531869307540
17 0.883882413840909
18 1.363880237377856
19 0.909703422305583
20 0.856922497856153
21 0.911295809621011
22 1.407913776967716
23 0.508222928487586
24 1.371418491131164
25 0.934727431130955
26 1.088611828666033
27 0.593213258583000
28 1.097349141264192
29 1.282812195964796
30 0.779034825972690
31 0.706436305112885
32 1.322691933967831
33 1.177847123118883
34 0.659671494410086
35 1.389076700992987
36 1.168782390235955
37 0.525471467995473
38 1.035232575417628
39 1.078199493606658
40 1.188553074614490
41 0.895085097700131
42 0.903998577119781
43 1.046556418985358
44 0.765085184653412
45 1.037380717902585
46 1.128484182035338
47 1.253273508997927
48 0.838979690864746
49 0.753821172560202
50 1.286566795670142
51 1.187516946584279
52 0.732068556587349
53 0.969709462249466
54 1.028946362629180
55 1.003464490354448
56 0.711124233162912
57 1.548455973170362
58 0.813674394711793
59 0.841654285805563
60 0.944285800753528
61 1.268266469024684
62 0.803770316208659
63 0.963929940043775
64 1.099527955378641
65 1.068718524898511
66 0.727559730410591
67 1.233233886839411
68 0.980225558491100
69 0.957089847335528
70 0.943469557392489
71 1.289514053353019
72 0.734000116207088
73 0.965008832147155
74 1.139926996112768
75 0.966393247063427
76 0.887668381179843
77 1.038762745699311
78 0.880201531744298
79 1.132006580143156
80 0.963466720647441
81 1.227151186876733
82 0.935120946286623
83 1.016979861048074
84 0.806459476189945
85 1.153372702777315
86 1.071346403595692
87 0.903049586495122
88 0.834768457156376
89 1.104089565825579
90 1.151613773093722
91 0.874251189731034
92 0.858738945945081
93 1.344429549881743
94 0.808341681060539
95 0.926694924167899
96 0.933592489417780
97 1.274225793706127
98 0.826635208177584
99 0.986242197886066
100 0.965931164951508
101 1.093534754747999
102 0.975189981111392
103 0.966920272726573
104 1.012141444106784
105 1.115497863879547
106 0.822025607236047
107 1.168958504702386
108 0.886394316675518
109 1.032418263154185
110 0.958207136070135
111 0.925314588010809
112 0.975224828911294
113 1.114286506871809
114 0.984111399800900
115 1.141016680142664
116 0.961878375065950
117 0.998398842483980
118 0.954660499066459
119 1.127728721778229
120 0.764420640291166
121 1.192985129337957
122 0.898076948548634
123 0.928645457679542
124 1.075501590706726
125 1.066087382139190
126 1.037444418866474
127 0.988992365111661
128 1.045600717618570
129 0.961773873769019
130 0.815485526116243
131 1.205791822508190
132 0.943321263285327
133 1.063526077736162
134 0.812538486696288
135 0.997340310061261
136 1.128427398279424
137 1.053194933803619
138 0.840490209810699
139 1.047930442552598
140 1.023191665136447
141 0.973909715393644
142 0.764681280273953
143 1.332185118429921
144 0.911794958734016
145 0.965768178532789
146 0.796314934771858
147 1.357262234175947
148 0.941331437443821
149 0.911075335623995
150 1.093156580855084
151 1.060329323597956
152 0.838965173271670
153 0.987000957313771
154 1.071784148961989
155 0.954240734618061
156 0.909535383923550
157 1.070956269490493
158 1.083895067832233
159 0.852392682607810
160 1.215946506818030
161 0.904475142409088
162 0.942512366807928
163 1.060719029870035
164 1.123574947343567
165 0.941665721895457
166 0.800054955839200
167 1.173021246684613
168 0.972420827933372
169 0.940450176599826
170 0.968485504539428
171 1.085602109686031
172 1.064685446763364
173 0.925825148000053
174 0.989321844457083
175 0.996467320236012
176 1.175499133258507
177 0.710704007345305
178 1.153671974352058
179 1.052717510721602
180 0.872761408923921
181 0.929706570970725
182 1.228770596341354
183 0.960050119705895
184 0.940537046819114
185 0.849283198165556
186 1.262931107899558
187 0.857153946124376
188 0.898897678604853
189 1.086851114017924
190 1.021010964822280
191 0.907929217259322
192 1.034707913263164
193 1.146333108938900
194 0.925739891695106
195 0.924444314631829
196 1.051759007582859
197 1.081748255633989
198 1.005237877707900
199 0.858688550375175
200 1.076299508611003
201 0.877092397878438
202 1.125592258624653
203 0.899521918795106
204 1.112297005088645
205 1.046634732902437
206 0.912411567471609
207 0.925758669043551
208 1.161149570036613
209 0.829747494142341
210 1.148324812844744
211 0.980245662669232
212 0.948538709089618
213 0.917458023808698
214 1.164132703692295
215 0.963220168184236
216 0.940969586019033
217 1.064398873296278
218 1.051934609135053
219 0.990159373098683
220 0.870054194424661
221 0.993886885802974
222 1.161547626224334
223 0.834030357830542
224 1.045047455734690
225 0.915817164615187
226 1.185787800222427
227 0.916844417172013
228 0.978612599073528
229 1.051772276762988
230 1.039662382307864
231 0.956601613889094
232 0.953818003832204
233 1.022911907555655
234 1.033231140815376
235 0.761137202908756
236 1.173829274288715
237 1.101464394487990
238 0.895394362132562
239 0.934511557438384
240 1.159534940883430
241 0.868111371216308
242 0.986111650265128
243 1.043981815796124
244 1.158809358243415
245 0.867601390486201
246 0.942274875584647
247 0.993674400813358
248 1.105756447117227
249 0.940385008025591
250 1.118905795686885
