0.0307233 0.0278919
0.0932233 0.0278919
0.155723 0.0278919
0.218223 0.0278919
0.280723 0.0278919
0.343223 0.0278919
0.405723 0.0278919
0.468223 0.0278919
0.530723 0.0278919
0.593223 0.0278919
0.655723 0.0278919
0.718223 0.0278919
0.780723 0.0278919
0.843223 0.0278919
0.905723 0.0278919
0.968223 0.0278919
0.0307233 0.0903919
0.0932233 0.0903919
0.155723 0.0903919
0.218223 0.0903919
0.280723 0.0903919
0.343223 0.0903919
0.405723 0.0903919
0.468223 0.0903919
0.530723 0.0903919
0.593223 0.0903919
0.655723 0.0903919
0.718223 0.0903919
0.780723 0.0903919
0.843223 0.0903919
0.905723 0.0903919
0.968223 0.0903919
0.0307233 0.152892
0.0932233 0.152892
0.155723 0.152892
0.218223 0.152892
0.280723 0.152892
0.343223 0.152892
0.405723 0.152892
0.468223 0.152892
0.530723 0.152892
0.593223 0.152892
0.655723 0.152892
0.718223 0.152892
0.780723 0.152892
0.843223 0.152892
0.905723 0.152892
0.968223 0.152892
0.0307233 0.215392
0.0932233 0.215392
0.155723 0.215392
0.218223 0.215392
0.280723 0.215392
0.343223 0.215392
0.405723 0.215392
0.468223 0.215392
0.530723 0.215392
0.593223 0.215392
0.655723 0.215392
0.718223 0.215392
0.780723 0.215392
0.843223 0.215392
0.905723 0.215392
0.968223 0.215392
0.0307233 0.277892
0.0932233 0.277892
0.155723 0.277892
0.218223 0.277892
0.280723 0.277892
0.343223 0.277892
0.405723 0.277892
0.468223 0.277892
0.530723 0.277892
0.593223 0.277892
0.655723 0.277892
0.718223 0.277892
0.780723 0.277892
0.843223 0.277892
0.905723 0.277892
0.968223 0.277892
0.0307233 0.340392
0.0932233 0.340392
0.155723 0.340392
0.218223 0.340392
0.280723 0.340392
0.343223 0.340392
0.405723 0.340392
0.468223 0.340392
0.530723 0.340392
0.593223 0.340392
0.655723 0.340392
0.718223 0.340392
0.780723 0.340392
0.843223 0.340392
0.905723 0.340392
0.968223 0.340392
0.0307233 0.402892
0.0932233 0.402892
0.155723 0.402892
0.218223 0.402892
0.280723 0.402892
0.343223 0.402892
0.405723 0.402892
0.468223 0.402892
0.530723 0.402892
0.593223 0.402892
0.655723 0.402892
0.718223 0.402892
0.780723 0.402892
0.843223 0.402892
0.905723 0.402892
0.968223 0.402892
0.0307233 0.465392
0.0932233 0.465392
0.155723 0.465392
0.218223 0.465392
0.280723 0.465392
0.343223 0.465392
0.405723 0.465392
0.468223 0.465392
0.530723 0.465392
0.593223 0.465392
0.655723 0.465392
0.718223 0.465392
0.780723 0.465392
0.843223 0.465392
0.905723 0.465392
0.968223 0.465392
0.0307233 0.527892
0.0932233 0.527892
0.155723 0.527892
0.218223 0.527892
0.280723 0.527892
0.343223 0.527892
0.405723 0.527892
0.468223 0.527892
0.530723 0.527892
0.593223 0.527892
0.655723 0.527892
0.718223 0.527892
0.780723 0.527892
0.843223 0.527892
0.905723 0.527892
0.968223 0.527892
0.0307233 0.590392
0.0932233 0.590392
0.155723 0.590392
0.218223 0.590392
0.280723 0.590392
0.343223 0.590392
0.405723 0.590392
0.468223 0.590392
0.530723 0.590392
0.593223 0.590392
0.655723 0.590392
0.718223 0.590392
0.780723 0.590392
0.843223 0.590392
0.905723 0.590392
0.968223 0.590392
0.0307233 0.652892
0.0932233 0.652892
0.155723 0.652892
0.218223 0.652892
0.280723 0.652892
0.343223 0.652892
0.405723 0.652892
0.468223 0.652892
0.530723 0.652892
0.593223 0.652892
0.655723 0.652892
0.718223 0.652892
0.780723 0.652892
0.843223 0.652892
0.905723 0.652892
0.968223 0.652892
0.0307233 0.715392
0.0932233 0.715392
0.155723 0.715392
0.218223 0.715392
0.280723 0.715392
0.343223 0.715392
0.405723 0.715392
0.468223 0.715392
0.530723 0.715392
0.593223 0.715392
0.655723 0.715392
0.718223 0.715392
0.780723 0.715392
0.843223 0.715392
0.905723 0.715392
0.968223 0.715392
0.0307233 0.777892
0.0932233 0.777892
0.155723 0.777892
0.218223 0.777892
0.280723 0.777892
0.343223 0.777892
0.405723 0.777892
0.468223 0.777892
0.530723 0.777892
0.593223 0.777892
0.655723 0.777892
0.718223 0.777892
0.780723 0.777892
0.843223 0.777892
0.905723 0.777892
0.968223 0.777892
0.0307233 0.840392
0.0932233 0.840392
0.155723 0.840392
0.218223 0.840392
0.280723 0.840392
0.343223 0.840392
0.405723 0.840392
0.468223 0.840392
0.530723 0.840392
0.593223 0.840392
0.655723 0.840392
0.718223 0.840392
0.780723 0.840392
0.843223 0.840392
0.905723 0.840392
0.968223 0.840392
0.0307233 0.902892
0.0932233 0.902892
0.155723 0.902892
0.218223 0.902892
0.280723 0.902892
0.343223 0.902892
0.405723 0.902892
0.468223 0.902892
0.530723 0.902892
0.593223 0.902892
0.655723 0.902892
0.718223 0.902892
0.780723 0.902892
0.843223 0.902892
0.905723 0.902892
0.968223 0.902892
0.0307233 0.965392
0.0932233 0.965392
0.155723 0.965392
0.218223 0.965392
0.280723 0.965392
0.343223 0.965392
0.405723 0.965392
0.468223 0.965392
0.530723 0.965392
0.593223 0.965392
0.655723 0.965392
0.718223 0.965392
0.780723 0.965392
0.843223 0.965392
0.905723 0.965392
0.968223 0.965392
