0.0473544 0.0292903
0.109854 0.0292903
0.172354 0.0292903
0.234854 0.0292903
0.297354 0.0292903
0.359854 0.0292903
0.422354 0.0292903
0.484854 0.0292903
0.547354 0.0292903
0.609854 0.0292903
0.672354 0.0292903
0.734854 0.0292903
0.797354 0.0292903
0.859854 0.0292903
0.922354 0.0292903
0.984854 0.0292903
0.0473544 0.0917903
0.109854 0.0917903
0.172354 0.0917903
0.234854 0.0917903
0.297354 0.0917903
0.359854 0.0917903
0.422354 0.0917903
0.484854 0.0917903
0.547354 0.0917903
0.609854 0.0917903
0.672354 0.0917903
0.734854 0.0917903
0.797354 0.0917903
0.859854 0.0917903
0.922354 0.0917903
0.984854 0.0917903
0.0473544 0.15429
0.109854 0.15429
0.172354 0.15429
0.234854 0.15429
0.297354 0.15429
0.359854 0.15429
0.422354 0.15429
0.484854 0.15429
0.547354 0.15429
0.609854 0.15429
0.672354 0.15429
0.734854 0.15429
0.797354 0.15429
0.859854 0.15429
0.922354 0.15429
0.984854 0.15429
0.0473544 0.21679
0.109854 0.21679
0.172354 0.21679
0.234854 0.21679
0.297354 0.21679
0.359854 0.21679
0.422354 0.21679
0.484854 0.21679
0.547354 0.21679
0.609854 0.21679
0.672354 0.21679
0.734854 0.21679
0.797354 0.21679
0.859854 0.21679
0.922354 0.21679
0.984854 0.21679
0.0473544 0.27929
0.109854 0.27929
0.172354 0.27929
0.234854 0.27929
0.297354 0.27929
0.359854 0.27929
0.422354 0.27929
0.484854 0.27929
0.547354 0.27929
0.609854 0.27929
0.672354 0.27929
0.734854 0.27929
0.797354 0.27929
0.859854 0.27929
0.922354 0.27929
0.984854 0.27929
0.0473544 0.34179
0.109854 0.34179
0.172354 0.34179
0.234854 0.34179
0.297354 0.34179
0.359854 0.34179
0.422354 0.34179
0.484854 0.34179
0.547354 0.34179
0.609854 0.34179
0.672354 0.34179
0.734854 0.34179
0.797354 0.34179
0.859854 0.34179
0.922354 0.34179
0.984854 0.34179
0.0473544 0.40429
0.109854 0.40429
0.172354 0.40429
0.234854 0.40429
0.297354 0.40429
0.359854 0.40429
0.422354 0.40429
0.484854 0.40429
0.547354 0.40429
0.609854 0.40429
0.672354 0.40429
0.734854 0.40429
0.797354 0.40429
0.859854 0.40429
0.922354 0.40429
0.984854 0.40429
0.0473544 0.46679
0.109854 0.46679
0.172354 0.46679
0.234854 0.46679
0.297354 0.46679
0.359854 0.46679
0.422354 0.46679
0.484854 0.46679
0.547354 0.46679
0.609854 0.46679
0.672354 0.46679
0.734854 0.46679
0.797354 0.46679
0.859854 0.46679
0.922354 0.46679
0.984854 0.46679
0.0473544 0.52929
0.109854 0.52929
0.172354 0.52929
0.234854 0.52929
0.297354 0.52929
0.359854 0.52929
0.422354 0.52929
0.484854 0.52929
0.547354 0.52929
0.609854 0.52929
0.672354 0.52929
0.734854 0.52929
0.797354 0.52929
0.859854 0.52929
0.922354 0.52929
0.984854 0.52929
0.0473544 0.59179
0.109854 0.59179
0.172354 0.59179
0.234854 0.59179
0.297354 0.59179
0.359854 0.59179
0.422354 0.59179
0.484854 0.59179
0.547354 0.59179
0.609854 0.59179
0.672354 0.59179
0.734854 0.59179
0.797354 0.59179
0.859854 0.59179
0.922354 0.59179
0.984854 0.59179
0.0473544 0.65429
0.109854 0.65429
0.172354 0.65429
0.234854 0.65429
0.297354 0.65429
0.359854 0.65429
0.422354 0.65429
0.484854 0.65429
0.547354 0.65429
0.609854 0.65429
0.672354 0.65429
0.734854 0.65429
0.797354 0.65429
0.859854 0.65429
0.922354 0.65429
0.984854 0.65429
0.0473544 0.71679
0.109854 0.71679
0.172354 0.71679
0.234854 0.71679
0.297354 0.71679
0.359854 0.71679
0.422354 0.71679
0.484854 0.71679
0.547354 0.71679
0.609854 0.71679
0.672354 0.71679
0.734854 0.71679
0.797354 0.71679
0.859854 0.71679
0.922354 0.71679
0.984854 0.71679
0.0473544 0.77929
0.109854 0.77929
0.172354 0.77929
0.234854 0.77929
0.297354 0.77929
0.359854 0.77929
0.422354 0.77929
0.484854 0.77929
0.547354 0.77929
0.609854 0.77929
0.672354 0.77929
0.734854 0.77929
0.797354 0.77929
0.859854 0.77929
0.922354 0.77929
0.984854 0.77929
0.0473544 0.84179
0.109854 0.84179
0.172354 0.84179
0.234854 0.84179
0.297354 0.84179
0.359854 0.84179
0.422354 0.84179
0.484854 0.84179
0.547354 0.84179
0.609854 0.84179
0.672354 0.84179
0.734854 0.84179
0.797354 0.84179
0.859854 0.84179
0.922354 0.84179
0.984854 0.84179
0.0473544 0.90429
0.109854 0.90429
0.172354 0.90429
0.234854 0.90429
0.297354 0.90429
0.359854 0.90429
0.422354 0.90429
0.484854 0.90429
0.547354 0.90429
0.609854 0.90429
0.672354 0.90429
0.734854 0.90429
0.797354 0.90429
0.859854 0.90429
0.922354 0.90429
0.984854 0.90429
0.0473544 0.96679
0.109854 0.96679
0.172354 0.96679
0.234854 0.96679
0.297354 0.96679
0.359854 0.96679
0.422354 0.96679
0.484854 0.96679
0.547354 0.96679
0.609854 0.96679
0.672354 0.96679
0.734854 0.96679
0.797354 0.96679
0.859854 0.96679
0.922354 0.96679
0.984854 0.96679
