0 4096.000000000000000
1 0.006882132869986
2 0.013699199443349
3 0.060792903996397
4 0.098920584139848
5 0.083845636832050
6 0.113267106317433
7 0.189882404134493
8 0.186661273825640
9 0.298676132177303
10 0.322462305309195
11 0.374131811585262
12 0.527180900366591
13 0.577531142262581
14 0.543301693424442
15 0.467521289550647
16 0.574810618186469
17 0.924587940614265
18 0.588267288340212
19 0.620317812187409
20 0.588888650505543
21 0.724575103122023
22 0.705817982395251
23 0.688359156376153
24 0.906122648769463
25 0.854675690899293
26 0.836035678203950
27 0.661606882711960
28 0.889772187674414
29 0.720821494923070
30 0.825482897704474
31 0.801496671541072
32 0.785099440896697
33 0.815914472385456
34 0.902781112127657
35 0.795137954361242
36 0.862699294468010
37 0.637924320119847
38 0.746945183619666
39 0.664086390978222
40 0.817566887561394
41 0.696840958724437
42 0.827148398138593
43 0.685964637082143
44 0.722638913713598
45 0.730994194924539
46 0.792696292897957
47 0.874632884116006
48 0.782238377324245
49 0.882602195356695
50 0.936677835112450
51 1.029532220512315
52 0.958404626837479
53 1.092860181958204
54 1.033298215063075
55 0.938320248401287
56 1.328949469582663
57 0.900910417923319
58 0.977496791641824
59 1.011436063093656
60 0.917589443328381
61 0.937225130048430
62 0.898855190964186
63 0.906774932111283
64 0.952914807504334
65 0.880291073764217
66 0.814019078810189
67 1.019510971826969
68 0.934545630183736
69 0.966122665918460
70 1.011159334740562
71 0.851400819835600
72 0.940390884925329
73 0.936375624039407
74 0.964283719872712
75 0.998932062682536
76 0.990883931334026
77 0.851940398082209
78 1.023595515417518
79 0.850082056564400
80 0.813678572667653
81 0.983020895076998
82 1.011676554933910
83 0.843498184335011
84 0.960477471433465
85 0.994965998587638
86 1.057751636708208
87 0.963006107286486
88 0.906789375592628
89 1.035566735540824
90 0.851846891656715
91 0.910070348726549
92 0.954111061898355
93 0.940500840694368
94 0.979135935335521
95 0.912210187349335
96 0.979438043994515
97 0.903564709011717
98 0.949121419932467
99 0.923993354602106
100 1.025747156878037
101 0.950985113170805
102 1.117174033729352
103 1.013151422282114
104 0.989605101876426
105 0.970118723095796
106 1.140470304380869
107 1.003972072187894
108 0.922092108991962
109 1.210827796235486
110 0.896135897691671
111 0.954972256166531
112 1.029543887129894
113 1.010373355998711
114 0.915834498353191
115 0.999362645892039
116 0.937130081297669
117 0.993031061033919
118 0.948760922820591
119 1.056812940705972
120 0.911031685867141
121 0.906285715259224
122 0.886763352468794
123 0.996801608429348
124 0.908265648958927
125 0.874972641658494
126 1.001874042630878
127 0.878282396049927
128 0.919458896200709
129 1.023933405314233
130 0.968179026155700
131 0.936364493289249
132 0.917140741798076
133 0.922772510710137
134 1.038363682350949
135 0.967032692620052
136 0.990833525317387
137 1.003759867304167
138 0.876923666923875
139 0.951619260664371
140 0.965868175033712
141 1.016920595837741
142 1.028707312141715
143 0.976845033641091
144 0.913824810101947
145 1.025744265085788
146 1.022673799045209
147 0.969954675703028
148 0.971935704186300
149 0.944259126865216
150 1.034185071993576
151 1.220872508849634
152 0.965942837761615
153 1.001548649272706
154 0.938701503585783
155 0.956212275495416
156 1.037391472020829
157 1.036873613472453
158 0.982325165918338
159 1.080594399938982
160 1.097621934385144
161 0.982169215906359
162 1.003140591085383
163 1.048850767356967
164 1.034818454444038
165 0.983397536090467
166 0.925334668362621
167 1.036436048627507
168 0.986431937119239
169 0.952926606159189
170 0.909030955788515
171 0.845408335477526
172 1.031213533871529
173 1.010298479137835
174 0.930373609595524
175 0.937098045221558
176 1.018949978559418
177 0.982725722516449
178 0.985596347737575
179 1.054392549935483
180 0.977926704185649
181 0.951506061721309
182 1.042388931707296
183 0.950572042782979
184 1.040184540132399
185 1.047216808064470
186 0.956511475530814
187 0.955679902196151
188 1.002745766847468
189 1.032959921541337
190 0.990212555380006
191 0.948298519454125
192 0.885236252019531
193 1.087867402777222
194 0.968933459171824
195 0.919807010576430
196 0.974709872143655
197 1.034033309466462
198 1.002354108282713
199 0.943694811161664
200 0.948260344302637
201 0.994475916631920
202 1.027290963398025
203 0.934731887448626
204 1.000074255574793
205 0.951705255991078
206 0.939150236623859
207 1.212700906231406
208 0.936209469059583
209 0.924443260797455
210 0.994247074948099
211 0.991506508876787
212 1.118622546748757
213 1.024056161513773
214 1.009304169045965
215 1.058687711957170
216 0.991881872384866
217 1.028934740447291
218 1.141864803390067
219 1.017696393992606
220 1.006158156682090
221 1.021473638059637
222 1.019903678054823
223 1.118610322590986
224 1.027976120311481
225 1.003036884743205
226 1.024888748910120
227 1.063169604293011
228 0.979613765163429
229 1.036294334414245
230 0.986971347606721
231 0.981276801608318
232 1.059621175796229
233 1.014814524239066
234 0.994011733031315
235 1.088464084635357
236 1.020876541813244
237 1.004331168065658
238 1.113574900379557
239 1.033943405211324
240 1.003987751137126
241 1.005138180679178
242 0.929590986640404
243 1.054210179000476
244 1.054838170216262
245 0.967799717382065
246 1.091067524548275
247 0.982292302310901
248 1.010221871975638
249 0.991698713024418
250 1.003361115304456
