0 4096.000000000000000
1 0.007062313554569
2 0.016696452051667
3 0.090641558242856
4 0.156580871722338
5 0.099213641202510
6 0.100997196890809
7 0.263690404592319
8 0.231215598940739
9 0.365658292673141
10 0.431603216760608
11 0.387300178448579
12 0.687865469211569
13 0.765132278091239
14 0.764130330671685
15 0.590780428390975
16 0.705851241790984
17 0.917256192156095
18 0.629648202785541
19 0.577742009804725
20 0.577768553881546
21 0.831733840070250
22 0.854405606142412
23 0.949501692644944
24 1.350609512474328
25 1.119202059200496
26 1.039775959211787
27 0.859507109300484
28 1.099882142218553
29 0.881900207072163
30 1.029781716903608
31 0.723926349341748
32 0.818984662012568
33 0.787797379659281
34 0.952868537595808
35 1.077582245530002
36 0.825737780472831
37 0.670298509500495
38 0.732972675572249
39 0.691288678599904
40 0.888121584356291
41 0.734430611819394
42 0.803314859694020
43 0.797357035350431
44 0.686851859817049
45 0.700296660567307
46 0.775777266437701
47 0.635428363705226
48 0.656773696986020
49 0.813946443373066
50 0.879002000051221
51 1.082594996619201
52 1.116053611100855
53 1.102351324263037
54 1.194794076558766
55 1.090086063376887
56 1.479643963373537
57 0.946085631403252
58 0.914544058972467
59 1.040864242801407
60 0.893175782247723
61 0.850472491670616
62 0.904856484672578
63 0.860691677324131
64 0.979360102801537
65 0.766376139038957
66 0.815469973417425
67 1.178622296714027
68 1.012778428090674
69 1.212611877924401
70 1.079021931462079
71 0.893171330449134
72 0.945872792167881
73 0.903630229950824
74 1.043234943725334
75 1.070674499287617
76 1.023754076823312
77 0.849063976352711
78 0.936969285536191
79 0.815935559207982
80 0.762048557110864
81 1.085111245102599
82 1.046991098785814
83 0.851920031132612
84 0.877210562519981
85 0.912591288776321
86 1.172871388475710
87 0.942992673315344
88 0.881706861320555
89 0.926813748410720
90 0.867952821285876
91 0.953483962465076
92 0.982622377317415
93 0.855901828158464
94 1.005958048785631
95 0.930504727588757
96 0.946420262982062
97 0.926803318828074
98 0.908727722638460
99 0.905347508594705
100 1.031926352082878
101 0.903248893248168
102 1.115245047224731
103 1.009399867691011
104 0.944029220509773
105 0.961097914630280
106 1.065941332666885
107 0.991594790675014
108 0.878627888234273
109 1.201043289934404
110 0.885036265142208
111 0.935366048225441
112 1.017279378667288
113 1.013882212366141
114 0.897175519460432
115 0.948329615461733
116 0.914333068752822
117 0.908029229958024
118 0.931775683212872
119 1.000122546229083
120 0.853999654126256
121 0.771459114321413
122 0.830280790767352
123 0.958264680363774
124 0.879574106547695
125 0.936552738011745
126 0.981778066738336
127 0.905234520640367
128 0.914172418282119
129 1.057471720818392
130 0.905268388727803
131 0.939807783050387
132 0.945124078890405
133 0.970570568264724
134 1.011565570091902
135 0.985872734670822
136 1.038527615700928
137 1.027925465745895
138 0.903919238305546
139 1.009312355290254
140 0.972117491814012
141 0.979769669433794
142 1.000570435131948
143 0.900714226480573
144 0.911345113084448
145 1.001604642775618
146 1.003016463231717
147 0.980766793361459
148 0.867358300253077
149 0.939640886131994
150 1.047751425497051
151 1.259732438176535
152 0.982937106976589
153 1.028542280401142
154 0.942534634734764
155 0.940803566502878
156 0.960762164971837
157 0.964583027823470
158 1.008029270497014
159 1.086755744979293
160 1.143825554280282
161 0.969855348183765
162 0.960671852668092
163 0.915536260394572
164 0.961803608773818
165 0.926776591956149
166 0.956912585674113
167 1.052475342398450
168 1.049801796616635
169 0.905377889567823
170 0.907198161266494
171 0.834119984233186
172 1.115237420716393
173 1.063812447501410
174 1.003209530636026
175 0.888133671356246
176 1.016541896087636
177 0.995666712444006
178 0.986400087319551
179 1.096933029094094
180 0.953873483290307
181 0.957487908320193
182 1.022547762414827
183 1.022151104969914
184 1.093957475093750
185 1.052978582846203
186 0.922407626000183
187 0.927128970454690
188 1.060979722245768
189 0.999132194850469
190 0.997399637569846
191 0.970556028428334
192 0.888499975016165
193 1.102087042543387
194 1.002078936613290
195 0.928592218883269
196 0.967973863558554
197 0.991979974367197
198 1.004106899480128
199 0.927367836058488
200 0.910216207798342
201 1.065655642240683
202 1.094634772317705
203 1.006017499918658
204 0.992191927266409
205 1.025719168064615
206 0.961564288777706
207 1.099243485137855
208 0.975455048455232
209 0.948858873544329
210 1.008284806481151
211 1.014910210407241
212 1.155152214553555
213 1.046614268949772
214 1.047502638117038
215 1.050844182531775
216 1.015663211562575
217 1.042493918128421
218 1.100242038698817
219 1.031211529147142
220 1.020233444457651
221 1.064095351346963
222 1.071810159200808
223 1.133669907735229
224 1.007134246139787
225 1.009629189502738
226 1.026168188475653
227 1.164703335255304
228 0.957973158151723
229 1.035771906556677
230 0.947048139328596
231 1.008236113748582
232 0.987625347961858
233 0.968557870736928
234 0.977987128618327
235 1.082309984215822
236 1.080086337877303
237 1.098749280803321
238 1.171348062019679
239 1.094768611426126
240 1.091296539326374
241 1.023348412690265
242 0.939221912619686
243 0.963142987519485
244 1.111103487170722
245 0.949068342736036
246 1.151722575437287
247 1.061645523953359
248 1.028455985050986
249 1.019484844236342
250 1.010834958618519
