0 4096.000000000000000
1 0.001676169046931
2 0.028726265395262
3 0.035507746991428
4 0.049935973925852
5 0.086152180867136
6 0.104177991683302
7 0.107653398683881
8 0.200471112129577
9 0.161210567929898
10 0.247130418504332
11 0.175449598839313
12 0.329280764513893
13 0.432368009087235
14 0.418081233013307
15 0.510093100339897
16 0.251468361732736
17 0.690095127391309
18 0.532760874495601
19 0.496321659527319
20 0.694186736206978
21 0.798772988383209
22 0.744635231678729
23 1.001430561405709
24 0.950478933850072
25 1.027476280871565
26 0.876410964589786
27 0.950708524189774
28 1.034174265733261
29 1.088241086332988
30 0.768466268846869
31 0.764551968005307
32 1.045630955387508
33 1.057010856856717
34 1.507538821887614
35 0.929993705751339
36 0.752135679315743
37 0.982424291144355
38 0.806384001611395
39 0.878620318203297
40 0.715069440557389
41 0.800008708494475
42 0.924339785199385
43 0.895456399656772
44 1.013517460136283
45 1.214237539745355
46 1.003888519332080
47 0.865181362008666
48 0.905036451680338
49 0.943842800651665
50 0.953465875370845
51 0.941363370299388
52 0.740495102591810
53 0.945644908140299
54 0.952017774661499
55 0.747818548196738
56 1.076643548998588
57 0.844798976438173
58 1.111639373198161
59 0.796439363872863
60 0.877599237833140
61 0.827467665871549
62 0.763161369909247
63 0.901013272739801
64 0.872416423978096
65 0.780698210819813
66 0.786688796680278
67 0.858572525097523
68 0.847603834577556
69 0.932644007943577
70 0.898784100856020
71 0.818831419877213
72 0.939540134723810
73 1.049199069722824
74 0.967310722035334
75 0.926522353600052
76 1.055714385780620
77 0.868287103086475
78 1.043761635693872
79 0.923500430950466
80 0.987616391041176
81 1.055835755846964
82 0.996859667816676
83 1.096148621099479
84 1.258530305320247
85 0.953994737459442
86 0.952484094733095
87 1.105402050475533
88 1.058167749754458
89 0.865447226788811
90 0.894352463968813
91 0.996856614617563
92 0.930661272264206
93 0.986775231731605
94 0.859799804268639
95 1.075196407047519
96 1.025571865542609
97 0.909881679062064
98 0.973518158897997
99 1.015857809257464
100 1.134869520459208
101 1.022669337493110
102 1.074971067413165
103 0.977075646258684
104 0.921285682619479
105 0.946642662721227
106 1.009849823385345
107 0.825805525556585
108 0.966474758654343
109 1.083650348387395
110 0.792688745681400
111 0.959132166899945
112 1.142897251712992
113 0.933567346515905
114 0.895274881930892
115 1.044828377151457
116 0.995881823757997
117 1.015189516712664
118 1.049657689099303
119 0.891022920375594
120 0.969450156746755
121 0.958147296769919
122 0.888617652924668
123 0.903143187330755
124 0.921392137767593
125 0.967170237183950
126 0.973392951900106
127 0.946941243932393
128 0.921251223507003
129 1.003169419231677
130 0.892782648695119
131 0.983346307574821
132 0.887005870327989
133 0.912483137320697
134 1.212781929524439
135 0.946666438168557
136 0.942819223177876
137 1.099521763459603
138 0.911939813894453
139 0.902032646676386
140 0.945174240438679
141 0.982439435917628
142 1.093490372394484
143 0.963608492433266
144 0.928541049437722
145 1.039478398491974
146 1.093462667473336
147 1.019324658557700
148 1.050161351677134
149 1.049513006917345
150 0.990717475280572
151 1.184102140381020
152 0.970848459700372
153 1.020795748972962
154 0.930360323406082
155 0.961063991353757
156 0.933546799924763
157 0.939850903251414
158 0.973992955870980
159 1.011775416273178
160 1.000251287507379
161 0.949748370361474
162 1.007980784822757
163 0.941108097065839
164 1.006420200127328
165 0.909302131280809
166 0.940782794883292
167 0.957992469911159
168 1.007856440230129
169 0.987430384008280
170 0.943758937398637
171 1.012471294946967
172 0.940307481070710
173 0.968185848017640
174 0.925285890457379
175 1.017674481309427
176 0.984762414673002
177 0.987775091759810
178 1.024157156967192
179 0.830959071549188
180 1.087617550626214
181 1.051220339770214
182 1.045720342793766
183 1.004792753498475
184 0.991041390544708
185 0.992007944381586
186 1.129136848336923
187 0.947080267160371
188 1.039692878641176
189 0.982706732162431
190 1.031010474321199
191 0.985687006600964
192 1.060197666546628
193 1.172604689175054
194 1.005853182979364
195 0.963261633166805
196 0.936393099525416
197 0.952496075884612
198 0.940208263470925
199 0.974376713700838
200 0.906506659194474
201 1.036932161541593
202 1.066329551101335
203 0.952878459178912
204 0.966477912402760
205 0.976950487602201
206 0.919253542545972
207 1.071244227192846
208 1.006134402128610
209 0.933391337184871
210 0.983332285716259
211 0.847371155938911
212 1.024912073798267
213 0.920849026206464
214 0.942310672344236
215 0.950260015314750
216 1.002109306493657
217 0.933144287791060
218 1.012009319633202
219 1.027203725361647
220 1.006565026666821
221 1.033972260209613
222 0.972602121841041
223 1.054792399888377
224 0.893567156138036
225 1.003439528714368
226 1.057323061595442
227 1.048714926930883
228 0.968432751153805
229 1.000458371678107
230 1.055324872748667
231 0.921189669901808
232 1.009222328506213
233 0.945698586217043
234 0.941318046874542
235 1.046529562919812
236 1.017702813571427
237 0.923041912381645
238 1.017121636166943
239 1.020254879741199
240 0.980779305659465
241 0.944759221368706
242 0.897633945782953
243 0.957537551165427
244 0.952294325033390
245 0.904831549400770
246 0.913303438158787
247 0.990645204792239
248 0.917783454616274
249 0.881698214515764
250 1.023132116840310
