0 4096.000000000000000
1 0.004522497327099
2 0.025165249214971
3 0.058355520987176
4 0.072677318898494
5 0.080125259671765
6 0.111948252381370
7 0.161420754814245
8 0.194630440121332
9 0.225831345761117
10 0.295040892628421
11 0.279272376711875
12 0.365996263372492
13 0.447319645866249
14 0.433780866609369
15 0.459870640819002
16 0.450000413625146
17 0.734432438165801
18 0.506106028236995
19 0.536401810700939
20 0.508796584151328
21 0.667862578635523
22 0.639494713940752
23 0.617435081550392
24 0.913270830651881
25 0.813766754994031
26 0.712861647012985
27 0.592040016149564
28 0.739339071653897
29 0.649845345191589
30 0.722744067009367
31 0.691683814109946
32 0.721607362810377
33 0.751823006693805
34 0.922403437205351
35 0.939806737346697
36 0.905421168859854
37 0.722680849550458
38 0.845906681955159
39 0.789245497188246
40 0.923245927248039
41 0.792845030760455
42 0.911274487011656
43 0.801898879420365
44 0.798532122105803
45 0.816385922037316
46 0.815513909429757
47 0.878929195280526
48 0.877269337697868
49 0.900833032463308
50 0.955907124272116
51 0.990103872276767
52 0.883777188316189
53 1.005850102141301
54 0.925891883643039
55 0.889104020020672
56 1.177152208030303
57 0.930138499332609
58 1.018458031609868
59 1.013826214781369
60 0.974092011510640
61 0.956264778324175
62 0.925594696069699
63 0.932328780569117
64 0.923024876166387
65 0.892031974016561
66 0.777537883589520
67 1.021538818879366
68 0.939693028817872
69 0.882002095984462
70 0.926745381341326
71 0.900481557878849
72 0.997811769479802
73 0.944724767330038
74 0.943805947831695
75 1.002718251390352
76 0.981108598463823
77 0.853422753674329
78 0.996578558690158
79 0.882893633469852
80 0.858164040342692
81 1.046046864801903
82 0.952056636522462
83 0.888601162664906
84 1.000446767225227
85 1.003105771663729
86 1.022236668622400
87 1.001990164756654
88 0.915954516815228
89 1.023008786439358
90 0.859211200391414
91 0.980906484268830
92 1.019477874010104
93 1.011354140610131
94 1.015313865171777
95 0.964128984944956
96 1.049165504771799
97 0.940959621701791
98 0.955382746999993
99 0.937392442273560
100 1.049128236055648
101 0.982139614370690
102 1.076813614947456
103 1.013824696284050
104 0.979599158291731
105 0.942844081705692
106 1.088063746226510
107 0.928969020365064
108 0.919192450842223
109 1.093287903408177
110 0.882153804115505
111 0.959622660791871
112 1.036380320669178
113 1.001341150979596
114 0.960863340131019
115 0.992183948833084
116 0.982325697162841
117 1.040804504117456
118 0.981025042716339
119 1.061084205404367
120 0.930588089973326
121 0.952473032539885
122 0.902678731126318
123 1.000455060299332
124 0.950980828832343
125 0.963354565517796
126 1.015625291032583
127 0.961990717040800
128 0.928145718643672
129 1.025099396629304
130 0.896643633279631
131 1.018543203385893
132 0.942435307254790
133 0.894849596161252
134 1.095098875811830
135 0.950455223908319
136 0.994748569323155
137 1.087054479222634
138 0.991193533111813
139 1.000755772892641
140 1.019184262055211
141 0.991881673085027
142 0.992296329460637
143 0.951247926963898
144 0.897768020644872
145 0.986001209261280
146 0.986924943455879
147 0.977310656835236
148 1.003548351865203
149 0.999067413124990
150 1.006399442782529
151 1.133224501101821
152 0.978841099775029
153 1.003786552773747
154 0.947076318531971
155 0.948515883116745
156 1.005605820825467
157 1.026597254931858
158 0.985686299377097
159 1.053070855506497
160 1.018997520166227
161 0.949453087526685
162 1.031444370413475
163 1.013763592387637
164 1.003659017890064
165 0.968398300988935
166 0.946559160671546
167 0.993452990191541
168 1.033466673861109
169 1.031443606527601
170 0.954934008653329
171 0.909455924691614
172 1.016428930530098
173 1.000972401789099
174 0.932816389405347
175 0.972903423561987
176 0.988170988894124
177 1.017946207309367
178 0.936166569988253
179 1.011740722639583
180 0.988481439508823
181 0.967705555769357
182 0.971970719020456
183 0.974402541373861
184 1.039856389750354
185 1.003763394604422
186 0.941257991587385
187 0.947138883422950
188 0.963316583036320
189 0.986468779807657
190 0.971220463636999
191 0.944542536532429
192 0.951731026282402
193 1.045205935894584
194 0.969649524695303
195 0.938569095873270
196 0.951207654443226
197 1.051545283598966
198 0.963584846939676
199 0.956569292072367
200 0.960314247753115
201 0.976513842975438
202 1.075319364685245
203 0.972820296032348
204 1.013669432730117
205 0.980227632130442
206 0.975286131441860
207 1.250093766387336
208 0.947790097287255
209 0.949149929085298
210 0.996654440437605
211 0.972763375166819
212 1.101849923603941
213 1.003749302399361
214 0.953074282491885
215 1.041355498116664
216 0.967639800442460
217 1.004802910460525
218 1.133063328206913
219 1.005918618780330
220 0.991065254216995
221 1.023024063261023
222 0.990684639505212
223 1.121150141142384
224 0.981940185918743
225 1.000000892968351
226 0.984654052055145
227 1.004376274248398
228 0.950710135927866
229 1.018145388372288
230 0.989311464201396
231 0.959921949547285
232 1.000806978749627
233 0.999679279242952
234 0.962738663420716
235 1.071613290675914
236 0.996023561917841
237 0.982117044770020
238 1.056612928862538
239 1.027809180831012
240 0.999328957804732
241 1.002408602773912
242 0.936245428986907
243 1.036620284725546
244 0.995739756799635
245 0.934244319824977
246 1.020654371128243
247 0.938791584671026
248 0.976458823434207
249 0.981079157551461
250 0.992097613958949
