0 4096.000000000000000
1 0.004150078616514
2 0.026030513134119
3 0.053733329066965
4 0.069462820291836
5 0.092480750508508
6 0.124827372414638
7 0.230301823573463
8 0.224180605997168
9 0.272095986449534
10 0.358505069080503
11 0.336578929769014
12 0.396427318051269
13 0.515997008412631
14 0.464480438650103
15 0.511365149117501
16 0.497511296510909
17 0.728033638657017
18 0.551663927553065
19 0.589681743711255
20 0.571501995573833
21 0.690383889487054
22 0.681325791472494
23 0.677783714749418
24 0.815644115773048
25 0.745061759028441
26 0.682415550625211
27 0.646256501001801
28 0.797541513901740
29 0.685365477200959
30 0.699321855785208
31 0.690661127940935
32 0.755557424991384
33 0.712344591172456
34 0.928733438892064
35 0.941869461459188
36 0.849481817643861
37 0.818366660417693
38 0.906658731377653
39 0.839017637799332
40 0.919637770860765
41 0.822910542919639
42 0.943024134113188
43 0.805088502811734
44 0.800549946070547
45 0.859184167145317
46 0.830285444436903
47 0.858953400213290
48 0.856533931959582
49 0.875398251205998
50 0.916771680035443
51 1.021836690114831
52 0.858655931408217
53 0.958561237888763
54 0.900955272881456
55 0.856813979756878
56 1.104440537836225
57 0.888794329374130
58 0.996709552776879
59 0.937670017473200
60 0.954488043325139
61 0.920409539045897
62 0.928283936299352
63 0.903767421226617
64 0.903291760404114
65 0.936038244576112
66 0.775737535750846
67 1.017716021985552
68 0.925717896584446
69 0.887778471155165
70 0.948215529065345
71 0.939726841367546
72 0.954879152475508
73 0.938167195108224
74 0.901455473689075
75 1.012554226171958
76 1.002024255567193
77 0.865559642811456
78 1.012834477294325
79 0.956700658975753
80 0.914775754988545
81 1.079250246324003
82 0.965297577608239
83 0.895203726206859
84 0.998241208147932
85 0.983614432585444
86 1.031045938578626
87 0.958842862042468
88 0.910798359906121
89 0.997919486592860
90 0.880948892452921
91 0.928698633143109
92 0.990321054966512
93 0.972330026128433
94 0.953929192371821
95 0.929728059029253
96 0.995925377779334
97 0.897417193094167
98 0.933396336857255
99 0.900907346032540
100 1.015276023997609
101 1.014607265595329
102 1.072866002210618
103 1.036370746807940
104 0.997061198855750
105 0.940909531697786
106 1.077664111000151
107 0.959520360773437
108 0.919909651487834
109 1.126174213270410
110 0.891700781112095
111 0.970117485251114
112 1.068288952009759
113 1.018311746168075
114 0.987632041945267
115 1.018074089487387
116 0.968845733518236
117 0.999294902678695
118 0.962515061253600
119 1.040154630904634
120 0.945366772545232
121 0.951569602530677
122 0.880209149412556
123 0.989925593900465
124 0.943217288891508
125 0.988306358236710
126 1.032298704322485
127 0.978474083845761
128 0.935175662724303
129 1.040249978532893
130 0.909403809483418
131 1.033316451639550
132 0.942793342560129
133 0.933908112287825
134 1.105361585217258
135 0.955297918597228
136 0.987406808078660
137 1.074662869129560
138 0.977455330465100
139 0.960006162673144
140 1.008990147456964
141 1.017949072979051
142 0.976412125541293
143 0.943923882524005
144 0.911959780083766
145 0.997188486571207
146 1.014187125192838
147 0.982769199906534
148 0.999040327353924
149 0.999291806752672
150 0.993280146236489
151 1.104630198554887
152 0.960941983445333
153 1.030425420352015
154 0.935952876392809
155 0.942928347033858
156 1.042230656118424
157 1.052961236518970
158 1.001673549297061
159 1.039568785862999
160 1.015347510295796
161 0.939417282039887
162 1.042217305583839
163 1.012191347734556
164 0.980179815159633
165 0.960036808960740
166 0.948477651713227
167 1.016784730951487
168 1.009611463488815
169 1.037383729071700
170 0.958996196366305
171 0.917776905855916
172 1.008085854431480
173 1.021329991509076
174 0.948621208736739
175 0.981243671064917
176 0.985130658479410
177 1.041861882616381
178 0.960084924318054
179 1.004615986540852
180 0.988327942340500
181 0.987667042737123
182 0.965616489342313
183 0.982071077828972
184 1.046083796320498
185 1.049428383269134
186 0.948173472969116
187 0.979014567949032
188 1.002712468576983
189 0.992171621307638
190 0.996196185162597
191 0.971886184128788
192 0.986096240374178
193 1.063969075352954
194 1.002056067050317
195 0.955897624548092
196 0.958825831414876
197 1.044426442822832
198 0.968886203236315
199 0.987982818684377
200 0.974912990560274
201 0.977063636989339
202 1.099032124289906
203 0.976252135421002
204 1.024348910929558
205 0.986623711444148
206 0.961248328353458
207 1.310694120668620
208 0.952889920602271
209 0.939712957508359
210 0.992236880505289
211 0.963664295874302
212 1.077817787259405
213 0.975864511488986
214 0.933435478531472
215 1.023361786477011
216 0.960105320233945
217 0.980704105507086
218 1.130978521477177
219 0.983565521069156
220 0.976905247670114
221 0.995893160424608
222 0.978822126738320
223 1.090047865708937
224 0.991220183815545
225 1.004882472397592
226 0.991782558700274
227 1.026343421984920
228 0.970343369568867
229 1.008320840741768
230 0.996055343272994
231 0.958795619887817
232 0.990127433054660
233 1.011737254538881
234 0.974773370177371
235 1.049787834898448
236 1.021212906242844
237 0.966482139384666
238 1.031727635701437
239 1.025303034946151
240 1.015475242610734
241 0.989616880777630
242 0.943809702615857
243 1.031736379072859
244 0.992023040589489
245 0.947085240373748
246 1.031144492240523
247 0.954444662638240
248 0.957302098981928
249 0.994409021083254
250 1.015843330554817
