0 4096.000000000000000
1 0.004026286665684
2 0.023085592308390
3 0.046390371274847
4 0.061541098281679
5 0.090265885624303
6 0.125413310390135
7 0.222487131082044
8 0.231011006951642
9 0.277910358041966
10 0.356428894527644
11 0.320181747890615
12 0.404090492986998
13 0.499479056542596
14 0.451781526920026
15 0.503845837845686
16 0.469413918074641
17 0.691162470287485
18 0.558970742272737
19 0.577821078444478
20 0.556026879977485
21 0.641562931680718
22 0.645187406798053
23 0.638833434668016
24 0.769175784294951
25 0.732448450581859
26 0.687473210626125
27 0.621613776448051
28 0.755615433975274
29 0.726031501911609
30 0.688138031569433
31 0.692633118549152
32 0.750440179103107
33 0.730936391123831
34 0.923525360502309
35 0.950346171968188
36 0.827084745193560
37 0.789750702116955
38 0.867745071298606
39 0.823159358961758
40 0.876084518849308
41 0.814481082439993
42 0.908271994975246
43 0.801374789356690
44 0.806526055341545
45 0.867339451130333
46 0.877129419176681
47 0.869313168168527
48 0.870940194642939
49 0.902882964973197
50 0.910143892649304
51 1.039890265245645
52 0.847757533528846
53 0.967188797260366
54 0.873629943022022
55 0.855187093586548
56 1.085080971554586
57 0.864229573711889
58 0.990533502982165
59 0.966685890200130
60 0.964504585862950
61 0.944065230162143
62 0.923895487298903
63 0.911662857505594
64 0.925555991105834
65 0.929801027888067
66 0.785382942055344
67 1.007368965882005
68 0.910541904175605
69 0.866209431145632
70 0.940164752240070
71 0.936837946669512
72 0.960406589778758
73 0.932535456518351
74 0.907221714036693
75 1.032158433476099
76 0.999789943069621
77 0.868454559675773
78 1.035617692299985
79 0.928215516749640
80 0.919780674739526
81 1.074454863373170
82 0.950762701898771
83 0.886903007967913
84 1.006653658559954
85 0.979441917140734
86 1.012859993827376
87 0.946558269821729
88 0.894842753130217
89 0.988130497136805
90 0.886556599756440
91 0.951032019548336
92 0.994319674230032
93 1.010232942582187
94 0.957217462982396
95 0.943549549770463
96 1.018696101051380
97 0.906670521252653
98 0.944716066162018
99 0.902537382732368
100 1.007823344563206
101 1.010170729343103
102 1.058531238251754
103 1.011422703754514
104 1.000809506293873
105 0.944792980375868
106 1.087066857931021
107 0.972087907559373
108 0.936747655037162
109 1.127402501676204
110 0.913030843066436
111 0.970690279253287
112 1.083570677850273
113 1.029012498225591
114 0.989273703232684
115 1.017060972489595
116 0.967102567037981
117 1.029676267788377
118 0.963717431904643
119 1.037451039800959
120 0.949854583536345
121 0.963924815794390
122 0.878378710128285
123 0.961517763495747
124 0.917886544259009
125 0.980352849184370
126 1.023683904458725
127 0.968166847328619
128 0.926282131954220
129 1.028384964219860
130 0.906133310108644
131 1.022413841063995
132 0.915098755640436
133 0.935009952449431
134 1.099179172053976
135 0.970668634285915
136 0.993707849405944
137 1.075358324812220
138 0.968657831720131
139 0.991680629031995
140 1.001188008276824
141 1.022797914764974
142 0.984511176874123
143 0.964390709697524
144 0.916815315258271
145 0.998649713537666
146 1.019168440494319
147 1.000716931565993
148 0.999991667364510
149 1.003827099080141
150 0.972135040208681
151 1.101468940294309
152 0.958483184296322
153 1.019593515466378
154 0.934946795174965
155 0.954544166432663
156 1.029609440071794
157 1.062589953075006
158 1.014228698221740
159 1.033048382829055
160 1.030593625861128
161 0.960448034223585
162 1.067371389722334
163 1.003942887623261
164 0.974989433118083
165 0.946003757651493
166 0.948162949071916
167 1.029568247931515
168 1.018808714957838
169 1.037528542909557
170 0.953915981968540
171 0.916623960040025
172 1.018667261239252
173 1.005278731385492
174 0.943200563832556
175 0.974243364420595
176 0.980771582535650
177 1.042996991609487
178 0.969435120050261
179 1.007146620178689
180 0.989545556483292
181 0.993290178429490
182 0.971563939747177
183 1.001873113021253
184 1.039413757369264
185 1.064334605612824
186 0.958530796469316
187 0.979628226052090
188 1.022744440845657
189 0.981624310260296
190 1.021025962571903
191 0.970120916940021
192 0.992486300439746
193 1.057509720758612
194 1.002934103835614
195 0.962350234804223
196 0.955304752284458
197 1.063571358512507
198 0.968752831096969
199 1.003234630976546
200 0.987918911519712
201 0.988631294887911
202 1.089750661767396
203 0.980513852379370
204 1.034211738916972
205 0.986794648058022
206 0.959012165657004
207 1.272018504612759
208 0.960697326633378
209 0.939858105358812
210 1.003845260281858
211 0.975498050003182
212 1.065475868143502
213 0.984655227977182
214 0.946517617740514
215 1.011928960216761
216 0.963730843920984
217 0.983912454593109
218 1.119359395258183
219 0.976507854015186
220 0.971610907887065
221 0.999929012925393
222 0.971982129188439
223 1.074293016609810
224 0.987755005822699
225 0.999209987708371
226 0.999427626103554
227 1.040127032654747
228 0.961538340055291
229 1.004674099038642
230 0.985682693530466
231 0.958617609226931
232 0.975773911089888
233 0.995984961822779
234 0.946363637613843
235 1.036632357556375
236 0.998154907681692
237 0.951306852320755
238 1.021926474299320
239 1.012081340428403
240 1.006765848411556
241 0.971615341747100
242 0.946880649849926
243 1.015960472834665
244 0.970555980163879
245 0.948138556501186
246 1.034244854652093
247 0.953030901837512
248 0.952190449175945
249 1.005238872814255
250 1.018582752977723
