0 4096.000000000000000
1 0.016071682606296
2 0.020407670238894
3 0.107765371102365
4 0.121177344540187
5 0.153584521369978
6 0.366650891238398
7 0.453433092975857
8 0.327239395620619
9 0.986481862292261
10 1.383806712972189
11 1.295816990330223
12 1.415568828699297
13 1.390406194583506
14 1.154679317373009
15 1.415648853215853
16 1.046634554771506
17 0.963711432834801
18 0.888839322145643
19 0.965606573585298
20 0.633691661351538
21 1.153976702693375
22 0.970838222059219
23 1.268613770127373
24 1.217474134124849
25 1.497128893058227
26 1.032031315410657
27 1.088425510169622
28 1.117622127509866
29 0.936742831909210
30 1.162961423193362
31 1.186752458306394
32 1.001732769584569
33 0.953226340584824
34 1.416146482824629
35 0.871637275753037
36 0.965296972834090
37 0.942014821148325
38 0.849089895112422
39 1.022979245116441
40 1.123209799960972
41 0.926929511621501
42 1.427969459508906
43 0.982576134653088
44 0.972032659661128
45 1.100323266486015
46 1.132904019566273
47 1.060776037462276
48 0.819988835195186
49 0.943184443892478
50 0.696250295303638
51 1.113382769951281
52 0.741028977605532
53 0.849130366722705
54 0.760905364415578
55 0.706410922749111
56 0.768824087399156
57 0.757619015491098
58 0.989468538504406
59 0.697916544429890
60 0.698580303403528
61 0.720116836819765
62 0.608515080611483
63 0.638764368366745
64 0.692071293979083
65 0.664086016738346
66 0.536871994026676
67 0.672394028677235
68 0.981265426142633
69 0.742746747376460
70 0.677491845880424
71 0.640474438553696
72 0.732885837547712
73 0.723695374081045
74 0.772125826725818
75 0.778106083865771
76 0.886927662476206
77 0.786374363060390
78 1.091681864101471
79 0.897858758747786
80 0.860013693105919
81 1.297281976876324
82 0.872986527546524
83 0.727530025249851
84 1.117115336245181
85 0.911611706499081
86 1.219193232402546
87 0.880016895309283
88 0.775611879424270
89 0.855868621930842
90 0.860811186792234
91 0.930262118895029
92 1.295524547946725
93 0.947665878368261
94 0.922621578073348
95 0.853388965887427
96 1.039628608021554
97 0.931239420456664
98 0.874483703656495
99 0.888500206406168
100 0.996557198082490
101 0.848537623734448
102 0.994158037914627
103 0.915714005488982
104 0.903829364301721
105 0.914871810445702
106 0.943834718020901
107 0.910267924795298
108 1.038491430594561
109 1.174215423488586
110 0.969151524712835
111 0.894382370408190
112 0.948777478320661
113 1.088089230938386
114 0.861636855146630
115 0.987018513512207
116 0.939809112193273
117 0.909493946161384
118 1.028342858401093
119 1.091513224305971
120 1.030519059636305
121 0.976173504438668
122 0.892618489311492
123 1.084172389549236
124 1.144680354078419
125 1.040559162952224
126 0.976991796303396
127 1.001082971157162
128 0.871633655119293
129 0.966467612703761
130 0.917592431699127
131 1.149799116876788
132 0.888525515719915
133 0.920315976725185
134 1.174242601677746
135 1.010624279655655
136 1.129862474541942
137 1.123690102314184
138 1.004620007030995
139 0.983389759196276
140 1.126806908088347
141 1.031514691713379
142 1.011346185976504
143 0.950649671468748
144 0.901302507172283
145 0.955511123643599
146 0.959048775523552
147 0.903742421703959
148 0.894648575516945
149 0.934104857138133
150 0.825742968024529
151 0.992634615957890
152 0.896920626617327
153 1.052846270315793
154 0.936962778473834
155 0.836775076189595
156 0.879957799889731
157 0.937978692711866
158 0.967988816038359
159 0.945713961162020
160 1.052096698579504
161 0.963622863029969
162 1.082574482899845
163 1.077259236716920
164 0.928151118707490
165 0.970603844042448
166 0.919477960700881
167 0.932328127902472
168 0.975242036122706
169 0.949737975494636
170 0.900023702291022
171 0.940523076617484
172 0.936553091896275
173 0.977265599208961
174 1.020392447861054
175 0.905076274433086
176 0.936560930607773
177 0.984691499646356
178 0.930662202723464
179 0.973234095578237
180 0.874150503199085
181 0.897718121130124
182 0.864442661159383
183 0.976018207633025
184 0.950703580118167
185 1.016600803261142
186 0.890148201428352
187 0.999201435726817
188 0.986679148781411
189 0.871105900424963
190 0.942044776811755
191 0.893622400044737
192 0.840210631941275
193 1.005302612046067
194 1.022255183396887
195 0.992676099037701
196 1.058200941267976
197 1.007205444372001
198 0.951941069898374
199 1.070326650952824
200 1.014625296565812
201 1.165726343724677
202 1.017951931950621
203 1.239230862631195
204 1.056869681541132
205 0.945766250930788
206 0.966873359752120
207 1.911790257926875
208 0.950611477653630
209 1.003876457319529
210 1.010693982610724
211 0.989319675018151
212 0.984892344659586
213 0.892555720488977
214 0.979598211924618
215 0.922264353748396
216 0.908300241312459
217 0.925688272940924
218 1.042906171187057
219 0.950372628282898
220 0.873760431433230
221 0.934492977167575
222 0.866170342443382
223 1.019822374626824
224 0.937231704914947
225 1.010028884834324
226 1.014718461648850
227 0.955167296087012
228 0.969567938939195
229 0.973257807941992
230 0.999825049000894
231 0.918393853043203
232 1.031941052485041
233 0.977765071487385
234 0.936121535351789
235 0.981180957559743
236 1.061353079168425
237 0.885009263500911
238 1.053575016463553
239 1.062752851423481
240 1.021785144367447
241 0.975603739020228
242 0.953662138014779
243 0.964560798192519
244 1.000765147793825
245 1.108074842750467
246 1.051829584646031
247 0.886890291580582
248 1.020938577308209
249 1.044350890648382
250 1.051837739825186
