0 4096.000000000000000
1 0.002573005739727
2 0.019527316544352
3 0.028902539791600
4 0.031170933851530
5 0.053552183240465
6 0.097259049930518
7 0.146867027731627
8 0.148843865370123
9 0.167325314192091
10 0.274682448621952
11 0.266923443075640
12 0.410582617468513
13 0.608594501609329
14 0.423425422325284
15 0.462742767735912
16 0.365285666993780
17 0.417611394839330
18 0.288991953443743
19 0.481210210278748
20 0.396045763771126
21 0.557974157245748
22 0.687407452072608
23 0.685481526286136
24 0.578021841579069
25 0.644145476039141
26 0.712649574780313
27 0.736253500477673
28 0.620582600759999
29 0.591595409679758
30 0.586530976662572
31 0.500488173480452
32 0.606972999173114
33 0.735303537881979
34 1.036573830262845
35 1.044928195603377
36 0.997173676526009
37 0.652385283472236
38 0.871597964701939
39 0.737924573057796
40 1.165632601682989
41 0.933171459814002
42 0.905990007143418
43 0.947925652558424
44 1.171119338485162
45 1.224245342594075
46 1.009083892107477
47 1.052392240104647
48 1.002801493316951
49 0.809936748938320
50 0.832700842084909
51 0.779862692390532
52 0.845037355240308
53 0.969944242304517
54 0.924898226098796
55 1.035655874531324
56 1.198330586087617
57 0.762747940977232
58 0.994815455075879
59 0.763981032252840
60 0.770424275018498
61 0.803932702576531
62 0.749428485607593
63 0.723204903558392
64 0.868310927523693
65 0.825665919492983
66 0.855893676303408
67 0.844725676627410
68 1.117031299914230
69 1.011367720582693
70 0.844386534529981
71 0.963678199375278
72 1.106415820658023
73 0.886785916225433
74 0.921366892399699
75 0.874153037958844
76 0.868281294036385
77 0.932576666231638
78 1.097692563257285
79 0.925313504218679
80 0.942414578560513
81 0.967824336793942
82 0.913131998244040
83 1.045468832072112
84 1.109179927002293
85 1.094726344879112
86 1.019569750320796
87 1.123441908365053
88 0.945544681487831
89 1.039105370898859
90 1.016342292552220
91 0.878555395818121
92 0.925536178324963
93 1.081838413804606
94 0.926194608383179
95 0.894539956037865
96 1.028421732414771
97 0.832434037765807
98 0.880285571700703
99 0.902810468081795
100 1.096279427011828
101 0.925979393799622
102 1.023360207667563
103 0.929438647737767
104 0.876859668350353
105 0.990715146326133
106 1.084468208973647
107 0.897050542484736
108 1.031023401520515
109 1.050355163272335
110 0.863026653375265
111 0.921435623556406
112 1.040561486152288
113 0.873288154707316
114 0.955170394271065
115 1.034340105614283
116 0.955466863631046
117 0.985069299775336
118 0.961146025713158
119 1.015002228996099
120 0.849837094229257
121 1.126132923095751
122 0.981586943354805
123 1.102164825789371
124 0.988690304819205
125 0.966411437693648
126 0.956608114692869
127 1.149440557091066
128 0.897491109966984
129 1.095210210317341
130 0.861289890573131
131 1.050785622275275
132 0.976831208591562
133 1.021165688916478
134 1.165503055903141
135 0.988186562948232
136 1.038837734129580
137 1.144212411749181
138 1.010550710185560
139 1.041775621633608
140 1.063619216516519
141 1.067083756370789
142 1.009201434801149
143 1.008368683248467
144 0.956789640571250
145 0.953871264572998
146 0.972967693153526
147 1.011101973577853
148 0.979596170889478
149 0.990373917860640
150 0.966198851158888
151 1.040304361153014
152 0.967279889439626
153 1.187835743722792
154 0.920809630414852
155 0.961723530537709
156 0.883782221953547
157 0.979327776628543
158 0.862737316170975
159 0.923387691456548
160 1.033216619920131
161 1.032698976024644
162 1.334343761480926
163 0.915822089210340
164 0.878420509339507
165 0.939411625417367
166 0.897629083033704
167 0.880985901330588
168 1.079328461230157
169 0.940422330660293
170 0.953291551675303
171 0.868456478870561
172 0.957726580911514
173 1.062249096704940
174 0.994532175349613
175 1.093292677881550
176 0.925053010289137
177 1.042391344000669
178 0.989536233246311
179 1.064702153555070
180 1.002916032972129
181 1.040357715295521
182 0.974737034807445
183 0.933398266607524
184 1.138583721159133
185 1.014642789303629
186 0.998569531981846
187 1.030780114407096
188 1.024874168374343
189 1.006849193039130
190 0.998031314627234
191 0.964217709802644
192 1.033830667582674
193 1.069518051417486
194 0.902635068851182
195 1.011366934294230
196 1.043625152835407
197 1.221450938186559
198 1.115210175201197
199 1.068885804893855
200 1.152571598255792
201 1.186093751841323
202 1.056690341687553
203 1.011680222528359
204 1.034919391709249
205 1.038034989494892
206 1.046172746814219
207 1.113003694404164
208 0.973937033610967
209 1.010297656523316
210 1.076206021117685
211 0.972471394201872
212 1.038720707444016
213 0.898376019798313
214 0.944452890439204
215 1.024688520824133
216 0.836397620716427
217 0.930165683431884
218 1.011662051920491
219 0.892044127734072
220 0.874737809688173
221 0.886844156833055
222 0.895825899595632
223 1.074591732330950
224 0.934256558535467
225 0.862055626346603
226 0.952816457594709
227 1.091182720784929
228 0.951849749604847
229 1.069631592945642
230 1.109036235811749
231 1.096957270457029
232 1.086981455222370
233 1.014048904993665
234 0.965590013275329
235 1.143174808045936
236 1.015075619402818
237 1.014116885597297
238 0.978356294064718
239 1.019263340259603
240 0.946287529074734
241 0.940939967933873
242 0.944514761196277
243 1.056258091033084
244 0.998246954921947
245 1.015705931389428
246 1.045860860200760
247 0.938301253319440
248 0.932867995906825
249 1.020253349880890
250 0.939859876736525
