0 4096.000000000000000
1 0.004451487282032
2 0.028054973730322
3 0.055096841659110
4 0.069537428707044
5 0.093316273528509
6 0.126142384367976
7 0.230453715777853
8 0.218327032846037
9 0.253291551266470
10 0.368096664785643
11 0.306896979499957
12 0.390799118329164
13 0.474234866583379
14 0.439680123654728
15 0.512718149060104
16 0.521454983478724
17 0.729351004138218
18 0.557504496181805
19 0.597961505833005
20 0.549077274225628
21 0.694452998140141
22 0.694773628681239
23 0.664846961597900
24 0.832553400586752
25 0.768742769424644
26 0.679634399788558
27 0.630478526102169
28 0.769034696300452
29 0.690929690508029
30 0.703662726339403
31 0.676198705282763
32 0.737114990906816
33 0.737281667245173
34 0.953708907487264
35 0.961816025652111
36 0.874059833352097
37 0.815479952897303
38 0.910984809484382
39 0.846107084810866
40 0.912287521929666
41 0.800432329573407
42 0.918604802165879
43 0.778787773966442
44 0.809011505909169
45 0.819080296778012
46 0.822728496659719
47 0.853440965395493
48 0.880042384335231
49 0.871352392600046
50 0.927620584757956
51 1.016147152020473
52 0.873320990032320
53 0.996005154098321
54 0.908487840522387
55 0.884489123472172
56 1.145990583263665
57 0.910522572921621
58 1.010149002244198
59 0.971547572693177
60 0.966393332245644
61 0.930819917060602
62 0.948415750324389
63 0.918023933528895
64 0.913999531913234
65 0.957003314545061
66 0.774515018138825
67 1.011760489459190
68 0.937580710913289
69 0.885207254380783
70 0.942778035163095
71 0.935020762253388
72 0.956874014098581
73 0.939667128310268
74 0.904008004177207
75 0.996733465236559
76 0.989903007823573
77 0.851073481883647
78 1.010073240339290
79 0.959096280179888
80 0.896025070717573
81 1.081852587613353
82 0.956008496874460
83 0.877788764395039
84 0.995874055903956
85 0.989242008719793
86 1.028850328723120
87 0.956278305911307
88 0.909586880278165
89 1.004479206692868
90 0.873298614241387
91 0.940365688158157
92 1.010553426251175
93 0.982138187774828
94 0.979688284182605
95 0.925391530247075
96 1.008400491667404
97 0.901332480662959
98 0.928737293055803
99 0.902540176235943
100 1.036275282093625
101 1.024620365844695
102 1.082337463209893
103 1.038528672876259
104 1.009719496961840
105 0.948918216429672
106 1.080093555886665
107 0.958078994885341
108 0.925254335340557
109 1.123483925356881
110 0.888693826076671
111 0.976792271074555
112 1.047610888852922
113 1.012134620700113
114 0.992564246781721
115 1.011049385385698
116 0.965336861036379
117 1.006888255611343
118 0.965699954597500
119 1.045075821666791
120 0.948348896184425
121 0.954103242454149
122 0.880983390564450
123 0.992858265736379
124 0.944790045801859
125 0.984370570180525
126 1.056486035223695
127 0.982861733158032
128 0.931448116620790
129 1.051085957477057
130 0.913553312956466
131 1.042321040405191
132 0.942497924884363
133 0.933468199405574
134 1.115607121697850
135 0.958644663123814
136 0.988647362762375
137 1.079770352008342
138 0.984011764565275
139 0.958696819837492
140 1.008568021676765
141 1.000395800624783
142 0.975224005684785
143 0.949203239498948
144 0.905073263649025
145 0.994381267961740
146 1.027679201924931
147 0.973721676093076
148 0.998708314360519
149 0.992013369849281
150 1.001282332475546
151 1.129334994870577
152 0.963595026984066
153 1.029093163084741
154 0.938575886282543
155 0.940897164186647
156 1.035081895226316
157 1.049413073161341
158 1.011103622944913
159 1.044360865034032
160 1.015588210778723
161 0.931367606696540
162 1.042425172482733
163 1.014647842897604
164 0.990812591817757
165 0.970161151349713
166 0.948734676862150
167 1.001280107912024
168 1.022208868183921
169 1.034029826556844
170 0.960389720017364
171 0.922148811658498
172 1.013294721063694
173 1.007260700945711
174 0.944493858238679
175 0.975234918453400
176 0.983353121363018
177 1.036713959020669
178 0.946691003365329
179 1.002637110458104
180 0.984735316291514
181 0.986970235842699
182 0.961479581381351
183 0.979334080997617
184 1.033757237049763
185 1.035017549228177
186 0.943979259853622
187 0.965501064648733
188 0.983652696805278
189 0.981891601995418
190 0.985211363770288
191 0.959808106014141
192 0.978148698942326
193 1.046373679150139
194 0.996973362503450
195 0.967084134497909
196 0.957044021225667
197 1.061065851701237
198 0.979035306634807
199 0.978617628725213
200 0.979075723600411
201 0.978218126723656
202 1.084129938585912
203 0.966993144334697
204 1.012146974147224
205 0.975789823625199
206 0.951044760437546
207 1.300490899388059
208 0.940754914121254
209 0.924407533587178
210 0.984311213970605
211 0.960516294902297
212 1.087877518997982
213 0.982504936018899
214 0.934657921891969
215 1.021650427102814
216 0.962580183170357
217 0.982338106086488
218 1.130742065182774
219 0.977714626834007
220 0.980781702166592
221 1.000475793158230
222 0.972796049095483
223 1.104306041042478
224 0.998255882713827
225 1.008037220251355
226 0.979424953300423
227 1.026890233477405
228 0.968024781113790
229 1.008953758670813
230 1.002247605065285
231 0.967234020258845
232 0.990805138229891
233 1.016639051601481
234 0.975553390243274
235 1.067924973623755
236 1.027995567622519
237 0.972828742858336
238 1.038071113599921
239 1.015671641086313
240 1.017050758426237
241 0.991861276541635
242 0.932841560871665
243 1.035469148771445
244 0.993665919001847
245 0.936342355792186
246 1.032864804884838
247 0.957254469943290
248 0.960948066775817
249 0.985006563872210
250 1.010918759318739
