0 4096.000000000000000
1 0.006477517904582
2 0.006622634829589
3 0.019691520961902
4 0.038847840120195
5 0.057020826163069
6 0.079919033034003
7 0.097836336824187
8 0.178483957648587
9 0.161945899860734
10 0.190416239290237
11 0.231877317630375
12 0.300508792421717
13 0.261640560482137
14 0.453124200024962
15 0.291430786765645
16 0.487841348626747
17 0.662115083485202
18 0.582063894914706
19 0.507623210678910
20 0.588417529888419
21 0.469846629436705
22 0.597871922431604
23 0.386217302102771
24 0.517450464734812
25 0.597319750383344
26 0.399996410780452
27 0.461347909580232
28 0.566243631736993
29 0.517788771740224
30 0.491477410767806
31 0.494454270606406
32 0.513568137123746
33 0.741195550971208
34 0.823634090473659
35 0.819710191939648
36 1.108674591680193
37 0.994065543973545
38 0.807597799095739
39 0.931628038088829
40 0.907816147099548
41 0.849730499994172
42 0.832488729885120
43 0.868207623465271
44 0.815350920720327
45 1.049518213373378
46 0.755294514091528
47 0.838537083026769
48 0.778169823205404
49 0.690419587327509
50 0.862927238320952
51 1.077821523423697
52 0.763631354306237
53 0.919534091937608
54 0.850268623691427
55 0.766961008242177
56 0.848863740955523
57 0.843677986229911
58 0.981147968144572
59 0.933407781724601
60 0.985613797310933
61 1.204417469219770
62 0.828185465542705
63 0.758480797117363
64 0.934451604501808
65 0.799446280511992
66 0.738727046567683
67 0.958139927732089
68 0.806597640932857
69 0.855075696045431
70 0.745149930528294
71 0.768973620104983
72 0.940129986511656
73 0.948585181601561
74 0.828407238517411
75 0.866692592085956
76 0.957769112953057
77 0.835643552905054
78 1.050742472860609
79 0.973111321141730
80 0.877433320060937
81 0.948083484652765
82 0.872167438671081
83 0.949410792840237
84 1.088587206577086
85 1.021888006570760
86 1.153253658031189
87 1.066869407383890
88 0.933981321351431
89 1.103112254180457
90 0.918376014398331
91 1.088403535603860
92 1.154326737286863
93 0.983755665202420
94 0.971820522786922
95 1.102671429414637
96 1.137282030476810
97 1.015896265859616
98 0.915926304733803
99 0.921050480880887
100 0.945026338143181
101 0.917033980814155
102 0.837429158906167
103 0.865232186368526
104 0.931706465240601
105 0.955057036069733
106 0.931996475790660
107 0.873323197208307
108 0.977133013488007
109 1.060987510153483
110 1.015763490186708
111 1.044988611307598
112 1.121894236414287
113 1.099193560552119
114 0.917730929936313
115 1.096411933189752
116 1.116156195109992
117 1.212972259175659
118 1.111680927154440
119 1.167335000937294
120 1.153379792957065
121 1.050275280642865
122 1.020752266545867
123 1.087114101801187
124 1.066087647377312
125 1.059534564566456
126 0.923850866311967
127 1.048730132283763
128 1.143699362040736
129 1.137740168400752
130 1.042221391497133
131 1.080869484869696
132 1.008104201977723
133 1.023081825554586
134 1.047606480482395
135 0.894749712841124
136 0.929743168885671
137 1.132585022841580
138 0.948461456594185
139 0.835188937499552
140 0.971705791675754
141 1.033177353498070
142 1.027495175854871
143 1.035650708544105
144 1.029775483414326
145 0.928391303308733
146 0.887355474236943
147 0.881932076436364
148 0.952528989220560
149 0.883904019129336
150 0.994338824083783
151 0.955036444746504
152 0.878930128259098
153 0.978090403598378
154 0.919556205130078
155 0.953247144205782
156 0.864253077792387
157 0.935081545534146
158 0.883486386472661
159 1.020737779192020
160 0.985065573755381
161 0.969412240108956
162 1.068438984237289
163 1.034216538459660
164 0.940532778904714
165 1.034178013776014
166 0.889739373736511
167 0.991390405727396
168 1.046671336861062
169 1.012046770862770
170 0.919586603673658
171 0.902210296049510
172 0.934811975856120
173 0.882946614699305
174 0.848583154288254
175 0.877758648582008
176 0.961890550785095
177 0.991540981699113
178 0.951176493889599
179 0.997137435317639
180 1.086847974228507
181 0.990417221375736
182 0.944453170226487
183 1.003272437004852
184 1.022739491376130
185 1.078126368167229
186 0.981100590987460
187 1.125948462834178
188 0.964383344177891
189 0.953343612868146
190 1.033346000181869
191 0.938705669657782
192 0.939145690739904
193 1.015338563672696
194 0.915850761880703
195 0.954111207738901
196 0.964508699180424
197 1.089778887813145
198 1.162208118531170
199 1.015048809683332
200 0.915343115337477
201 1.079286002686715
202 1.215838587342369
203 0.955685918484722
204 1.064940420570207
205 0.924859738749749
206 0.902436986837887
207 1.196249234824495
208 0.917192198896040
209 1.064465297848695
210 1.069598565720415
211 0.903110579151777
212 1.007438832316278
213 0.928991236385997
214 1.117049995152834
215 1.059251822886178
216 0.941476634205853
217 0.929282696183090
218 1.213029375998281
219 1.068649473179395
220 0.997166497208670
221 0.986903979262052
222 0.889704439381760
223 0.994938756247035
224 0.958933031398252
225 0.941423986175485
226 0.917431383905253
227 0.974685146730388
228 0.904382852637538
229 0.891258507603986
230 0.938380288658568
231 0.896837408536273
232 0.947514626877065
233 0.970696425641190
234 1.055880260556847
235 1.096294510604346
236 1.058070175577514
237 0.964650593897384
238 1.107990606939397
239 0.966165941256207
240 1.057292261846926
241 1.009976482000483
242 1.001616558004957
243 1.093224382676482
244 0.971979439533699
245 1.042268614228479
246 1.236459769223420
247 0.940185986645834
248 1.067236445480297
249 0.977434753993671
250 0.969353592997429
