0 4096.000000000000000
1 0.005514047679724
2 0.012719630109388
3 0.008913957037825
4 0.021422877061293
5 0.080975067228073
6 0.097256491002292
7 0.238919997766577
8 0.249376666468948
9 0.351815128890144
10 0.365585694829146
11 0.225082341514051
12 0.341145172764002
13 0.284712880450063
14 0.416438846295770
15 0.453152558874856
16 0.357232104844709
17 0.549688418090916
18 0.475770515778420
19 0.483382130177185
20 0.750459307666896
21 0.525989531401097
22 0.551969725718519
23 0.531790705236022
24 0.557300819559270
25 0.897298358416739
26 0.522804203582335
27 0.350582138971248
28 0.470255028378036
29 0.495043388346755
30 0.475514832790160
31 0.497739747986024
32 0.458476124017843
33 0.662310675471941
34 0.611327549252717
35 0.651935476413650
36 0.488992127624869
37 0.402666307066310
38 0.647217372186909
39 0.635827427920152
40 0.655266524519878
41 0.641810848316621
42 0.582919936677816
43 0.707055703989881
44 0.708904854224879
45 0.892351205882386
46 0.733254352537941
47 0.735635616987115
48 0.639122243717704
49 0.871889574729601
50 0.827394572495189
51 0.966969441722610
52 0.957872034755532
53 1.060943695438949
54 0.863708328913991
55 0.838875899785590
56 1.284073717407034
57 1.176073291232381
58 0.892716825115963
59 1.029366363304418
60 1.161081985220349
61 1.031171393297269
62 1.091338602102119
63 0.903490479059342
64 0.940703150146616
65 0.897511949427756
66 0.967367104991326
67 1.293476870264433
68 1.079124218488870
69 1.126478607561745
70 0.944311911411577
71 1.036918582168212
72 1.011080091774559
73 0.996030862591969
74 1.272657100446723
75 1.069355097046794
76 1.249743192610741
77 0.913002839096152
78 0.913281045581331
79 0.881923382955013
80 1.094437741038184
81 1.318154471887983
82 0.856987643184844
83 0.968529460975049
84 1.100656176062277
85 1.147509686941386
86 1.022225842772264
87 1.001395799608199
88 0.942602573401101
89 0.939727846219871
90 0.860164731414142
91 1.079859925226132
92 1.010705658707666
93 1.088234770420294
94 1.051381944827724
95 1.069941325358043
96 1.043657237344371
97 1.051300399262326
98 1.189340057218824
99 0.839074942985990
100 1.047037884731745
101 0.995013188315132
102 1.047670478953828
103 0.766829441706322
104 0.780968802587027
105 0.890468340581990
106 1.046834613079330
107 0.873812188368161
108 0.979540385000038
109 0.985659096329026
110 0.948420379461983
111 1.041506606581422
112 1.105258054775563
113 1.138831438470612
114 0.928814394477499
115 0.912445519147530
116 1.008182571565489
117 0.983612063419126
118 0.908432544116727
119 1.005875748027002
120 0.824405993105588
121 0.973073990521689
122 0.971288334298355
123 0.982643194012806
124 1.023649365690864
125 1.053161646315551
126 1.025530413906694
127 0.997034238889420
128 0.986001631014840
129 1.022501017775909
130 0.923472479001016
131 0.998958519921783
132 1.061280512508542
133 0.965373501325043
134 1.093059357522085
135 1.025996080786221
136 0.949830218766729
137 1.026304635666498
138 1.008905353735574
139 1.144509346791215
140 0.970917063403113
141 0.986491750012162
142 1.055239320215964
143 1.022267338364901
144 0.957886243451883
145 1.109901707664485
146 1.039282744312727
147 0.916844446411465
148 0.903878747092939
149 0.892780126255536
150 0.972380351287643
151 0.914669725473425
152 0.983184721991111
153 0.975670150546230
154 0.904017310626213
155 0.949297267994985
156 0.997289841196959
157 0.958182155619743
158 0.894091268317210
159 0.894987945334133
160 1.017427582107087
161 0.971338147317903
162 1.129281672555305
163 0.839428720469181
164 0.856613561472092
165 0.923388118172388
166 0.990935306312131
167 1.042236450366791
168 1.034185282841616
169 0.977964944713147
170 0.941511898141723
171 0.967864474785710
172 1.023890297956896
173 0.973050412387786
174 0.915887126333575
175 0.824204764965557
176 0.992040936376890
177 1.012702298514352
178 1.007959344289836
179 0.951336311361973
180 0.995147075613821
181 0.974361489407229
182 0.954576295822095
183 1.002508955618542
184 0.961214798734986
185 1.069663661463152
186 0.966050277264956
187 1.021143424769109
188 1.052877224082832
189 0.964205779585764
190 0.957957501116802
191 0.994047981608132
192 0.950119722364637
193 0.985480008421465
194 0.889362646927463
195 0.841085238795572
196 0.881918052131484
197 0.895314602677557
198 0.967510627108292
199 1.004602566094803
200 0.928705338022778
201 0.971710054902594
202 1.006565523797812
203 0.939370259634648
204 1.034000184685649
205 0.992494918532920
206 0.957474008252901
207 0.958277408576005
208 0.938006390664308
209 0.987103250756577
210 0.980937537196987
211 0.894665807394316
212 0.993024003460838
213 0.924449050223593
214 0.914246754523603
215 1.007641575693504
216 0.934039522300142
217 0.918892848056543
218 1.080154222875537
219 0.988790562369558
220 0.996402170866533
221 1.014516589497632
222 0.909500399597726
223 0.988064046467962
224 1.017554753244424
225 1.054206311852567
226 1.035582827005778
227 1.150294478641150
228 0.985874354915792
229 0.981561483395041
230 1.015123348070169
231 1.003071428755671
232 1.041688768992173
233 0.980668343593014
234 1.044415539242385
235 1.081363173577385
236 0.976930209153382
237 1.054547227699412
238 1.045954778277745
239 0.945425056729092
240 0.994487175896798
241 0.962190062199181
242 1.027529932944117
243 1.114089251586206
244 0.946748557041073
245 1.013431172671840
246 1.036316059449898
247 1.076656531343192
248 1.037358625162042
249 1.088422570555314
250 1.026801138229467
