0 4096.000000000000000
1 0.002857972799079
2 0.018243948976366
3 0.023433997027026
4 0.049336724512265
5 0.117175571741083
6 0.082093940499781
7 0.073886637528682
8 0.146074837514852
9 0.315684694630659
10 0.268200541732464
11 0.323968145957645
12 0.467615713900129
13 0.416891837917329
14 0.318986227094700
15 0.454219487740250
16 0.314454459115586
17 0.801681165581818
18 0.571887884715794
19 0.699767378019658
20 0.494828231816580
21 0.686175254566780
22 0.820331601183794
23 0.925165227584437
24 0.594403024739117
25 0.596759080634852
26 0.519764299204051
27 0.400924568219165
28 0.409899944616720
29 0.633137806135214
30 0.508026670693937
31 0.691260024905998
32 0.586943570453525
33 0.754074872391535
34 0.707847161189392
35 0.853062779190359
36 0.597999369276866
37 0.799567866038074
38 0.828626116183060
39 0.587614041848192
40 0.714645231213742
41 0.636498306120769
42 0.719550798843773
43 0.767714119626007
44 0.885956886921794
45 0.945205689956617
46 0.720378758513696
47 0.840734376701288
48 1.066262154840708
49 0.877454718853460
50 1.191444351372609
51 0.991755021722405
52 0.816011850076672
53 0.897662464038777
54 0.890308519363834
55 0.811782091320866
56 1.302295138836699
57 0.822330649755498
58 1.120071540392164
59 1.021097691702300
60 0.983494435485474
61 1.103949579226361
62 0.938105644222474
63 0.977910510338727
64 1.070054930769363
65 0.820254402177049
66 0.808828984806725
67 1.070074452667335
68 1.046024907316878
69 0.738023046498005
70 1.063306416895845
71 0.887227908701126
72 0.870186093995835
73 1.015265579750142
74 0.866537362652749
75 1.077593583405473
76 1.146721795150767
77 0.949038152665085
78 0.872436891757692
79 0.884287896366880
80 0.933459234346309
81 1.031356293192461
82 0.868671385149591
83 0.845048224738808
84 1.117728973969056
85 0.979807302448832
86 1.103075459656408
87 0.827546738817191
88 0.992325675736763
89 0.921519810973224
90 0.971948879838662
91 0.931662005111067
92 1.118332504087489
93 0.966749092619316
94 1.017009362795265
95 1.117097524668761
96 1.127272207981292
97 0.948068028118992
98 0.909636961775519
99 0.952470167226472
100 0.826995467313448
101 0.858663507568507
102 1.070199342466549
103 0.874789016530585
104 0.901025809052839
105 0.958457026334548
106 1.098211797585930
107 0.877125753608665
108 0.804951782592386
109 0.968237713826796
110 0.882079083152299
111 0.856806898867472
112 0.889056902661526
113 0.912999713992722
114 0.933812111364293
115 0.909386052598805
116 1.103397976112566
117 1.034882961207424
118 1.076751341203181
119 1.076416277877429
120 0.972396212886720
121 1.068281147493747
122 0.957052902148562
123 1.103825078227906
124 0.981531242141908
125 1.006660822420286
126 1.053726166319747
127 1.027514236408777
128 1.004489159054038
129 1.101956635502007
130 0.822479956986226
131 1.028991287395329
132 0.820655388460807
133 0.827795756639711
134 1.038967873764948
135 0.910006628288061
136 0.934439110639714
137 1.078030794133557
138 0.988250488774004
139 0.894501885515792
140 1.001876343382488
141 1.065425137785504
142 1.040754004312874
143 1.042226628740978
144 1.116749745940414
145 0.970312427040450
146 1.163306329908012
147 1.061771583031061
148 1.002103998903205
149 1.052240124166621
150 0.998444194714577
151 1.103288236167003
152 1.006785859204502
153 1.009419961136246
154 0.943335407130333
155 0.986264891426545
156 0.927507993063887
157 0.985303279717871
158 0.892717797394892
159 1.087129759163134
160 1.040868914682811
161 0.923942007593290
162 1.030684348035285
163 0.993674169678515
164 1.018373424226075
165 1.083678119597899
166 1.011536257422456
167 1.094221979997592
168 1.172246313414449
169 0.919414919215147
170 1.048056470365227
171 0.924455547834044
172 1.040617236366110
173 1.039577082977090
174 0.909667967977439
175 0.951170904197028
176 0.876992146271355
177 1.044289538026601
178 0.912421861108974
179 0.950793376062394
180 0.920547524168249
181 0.985225224303880
182 0.978511808460340
183 0.949464781399076
184 1.015597572446055
185 0.999750734470994
186 0.990474458776145
187 1.005007899493011
188 1.078060021897903
189 0.994691499533762
190 1.030875879351931
191 0.988421498256349
192 1.000382642330206
193 1.054044777326291
194 1.066107561453037
195 0.962449587182336
196 0.977343152846827
197 1.020685971555195
198 0.914159767960959
199 1.112473049165698
200 0.900438537787155
201 1.004946894080595
202 1.104142102093284
203 0.860593300804874
204 1.060056285193205
205 0.902125908368823
206 0.900959226719003
207 1.515558593515056
208 0.911432775576731
209 1.003604931965859
210 1.008182969461532
211 0.965191806564567
212 1.067080509238080
213 0.893523556121299
214 0.943966976921203
215 1.009551098287569
216 0.915075356239640
217 0.847301691896078
218 0.960282888513725
219 0.967265582226949
220 0.928951313565127
221 0.985317598861727
222 0.949754336823790
223 1.059138700667141
224 0.975987736361769
225 1.045609996369155
226 1.080103806574951
227 1.084710199922690
228 1.050096671081219
229 1.215715554355464
230 1.109184796436674
231 1.088433372279911
232 0.938341221477927
233 0.978798034492714
234 0.957349235049326
235 1.167984278659217
236 1.137845421141575
237 0.973580001413833
238 0.980360743618963
239 0.992844676176897
240 0.950248403449137
241 0.964917135099728
242 0.954976555905262
243 1.028459391739229
244 0.930744448689613
245 0.928633641698968
246 1.036942485937062
247 0.943718879548679
248 0.931969237308477
249 0.932461724737538
250 1.024188033100250
