0 4096.000000000000000
1 0.003335052745912
2 0.008610224665468
3 0.039599983352355
4 0.092240798783228
5 0.264677039259770
6 0.125358571020766
7 0.151331342644811
8 0.504604388394615
9 0.653783818591697
10 0.239539132614019
11 0.922796068344788
12 0.340980202111723
13 0.369426179298720
14 0.858024670895266
15 0.565392794697217
16 1.529708737452811
17 0.815022995971520
18 0.381325999693054
19 0.521310323430964
20 0.400088364946590
21 0.620664147108476
22 0.532779704830852
23 0.476126526885284
24 0.327251603890770
25 0.875526617788111
26 0.762657980899790
27 0.548921889686026
28 0.556538651470665
29 0.609356338035652
30 0.907750337481695
31 0.871621625403711
32 0.563603296598933
33 0.504815455417632
34 0.627512962845686
35 1.020752306750691
36 0.886257350112199
37 1.340645928239394
38 0.677215912577358
39 1.003408022877445
40 0.714741238222697
41 1.138859717031839
42 0.951291071107376
43 0.903764142608644
44 0.705550311580621
45 0.882134784370784
46 0.820355087436062
47 1.099269490443659
48 1.016040010860157
49 1.163423370224376
50 0.911496456767314
51 0.764302982890026
52 1.013082792152386
53 0.835072882602310
54 0.742331647909732
55 0.670766111846747
56 0.978173232837506
57 0.824564134366652
58 1.029259094738072
59 0.874946927426401
60 0.886631507090636
61 1.103749027258410
62 1.058928431927483
63 1.034597400139250
64 0.804158241040635
65 1.012367600005932
66 0.721538994637863
67 1.259133823201004
68 0.798064022153098
69 0.821146837630251
70 0.925599113542125
71 0.854599083383017
72 0.908553028419999
73 0.880250253175809
74 0.815694273932355
75 1.010949646726429
76 0.946858386265426
77 0.904618840915335
78 1.011997650351237
79 0.826872219663116
80 0.854103929048856
81 1.004972437825882
82 0.812525653506087
83 0.919260287588387
84 1.320042219174094
85 1.028922988616096
86 1.005219293554578
87 0.849535442359467
88 0.967847890084423
89 0.936740779891742
90 0.958358032992496
91 0.926800847510508
92 1.242880758768838
93 0.958422474714970
94 0.927087656494166
95 0.941949837269233
96 1.054303920582385
97 0.909131519676125
98 0.979273385712365
99 0.833786915176914
100 0.927634594577762
101 1.045645526802074
102 1.036485529261694
103 0.923259261227516
104 0.892380610251111
105 0.837873632975910
106 1.063481637263395
107 0.911116932814694
108 0.838624805768198
109 1.011773540377148
110 0.913327184021248
111 0.857879157762423
112 1.034013633121029
113 1.044430574946398
114 0.921986555168398
115 0.952525672807067
116 1.067243772730135
117 1.286394679674179
118 0.980565054497840
119 0.938663654497320
120 0.945254754236129
121 1.027446626945661
122 0.879485661584563
123 1.084918111083988
124 0.987865426034684
125 0.896532467072103
126 0.961363702563555
127 1.123791199095448
128 1.011471267649684
129 1.080634219509697
130 0.985520521250323
131 1.062870467796229
132 0.862675248295828
133 0.843342436551455
134 1.060620635880096
135 0.937050014627005
136 1.025202153288943
137 1.091420296181534
138 0.914737740591833
139 0.877253333272935
140 1.098271171839087
141 0.979026465923546
142 0.954008184047269
143 0.914792275460757
144 0.963153298668746
145 0.936262718376025
146 1.074738096101478
147 0.956460692571929
148 1.099033297924053
149 1.139285893628823
150 1.119538458527078
151 1.159469553259948
152 0.974541602312613
153 0.989112234862509
154 0.988410333045145
155 0.941143206322390
156 0.923882836535907
157 1.084830731180103
158 0.950821196461876
159 1.042857541905303
160 1.023005675918935
161 0.847986207964686
162 1.125944056580225
163 1.009264892307380
164 0.971294217238349
165 0.834491877936459
166 0.891625501097078
167 0.932182754518503
168 1.008683702593146
169 0.921546784985279
170 0.882127395248905
171 1.009232542489514
172 0.951652203994728
173 1.114098136762029
174 0.950039044806288
175 0.870674787948783
176 1.050779556738679
177 1.033361056865539
178 0.981417879493195
179 1.132449670719691
180 1.000239328998369
181 1.044551601542393
182 0.966689168391001
183 1.127836902564585
184 0.925093764936415
185 0.971822153228085
186 1.062843551318922
187 1.064349306752666
188 0.926502183090123
189 0.963264054187146
190 1.038911247622691
191 0.969655609416889
192 0.977299407498147
193 0.951056714120335
194 1.020940061125436
195 1.019787703363632
196 0.962545755654624
197 1.033742955425780
198 0.974585333997026
199 1.025604262205201
200 0.985721327237005
201 0.963223696804715
202 1.071187406169357
203 0.901620558382678
204 0.973229312713037
205 0.910155372401575
206 0.897909955647482
207 0.982770953304028
208 0.882734163347230
209 0.834373767121083
210 0.957991864623952
211 0.986915282060283
212 1.086894138838689
213 1.069228189715088
214 0.938283648526169
215 0.985476331412357
216 1.058065095324187
217 0.989266130413418
218 1.243025577226511
219 1.054724611208939
220 0.928069677714375
221 0.959666940319600
222 0.975430130934917
223 1.080278839258429
224 0.965309449635768
225 1.021976740592598
226 1.062511377182588
227 1.117368379545622
228 0.957160680687791
229 1.014523556945520
230 1.047318848421360
231 1.006922581192179
232 0.959395402674065
233 0.896557338772091
234 0.977884011355167
235 0.976677726118025
236 1.020855822555177
237 0.968222001799941
238 0.953594693093504
239 0.955229626063772
240 0.927008629549998
241 1.011825203686012
242 0.982664854433328
243 1.121272177062948
244 1.046978755400723
245 0.960549892611818
246 0.963990278569969
247 0.953981431333549
248 0.931667345842607
249 0.979909505888742
250 0.974370164950520
