0 4096.000000000000000
1 0.004396885395823
2 0.028074083485737
3 0.053057445424583
4 0.069418528030834
5 0.078445242081950
6 0.108715303561630
7 0.159151500734947
8 0.195656967122993
9 0.219354139934164
10 0.318614705653115
11 0.286659572443050
12 0.366581067286790
13 0.457720070752225
14 0.457370266744078
15 0.515966280569146
16 0.515630471106513
17 0.763127284001970
18 0.534659151282404
19 0.597883565279683
20 0.553396519607432
21 0.684630201476822
22 0.699498809363453
23 0.659064673638392
24 0.880674498144388
25 0.793408170672462
26 0.702581417985076
27 0.620164253120880
28 0.750019101659855
29 0.699052438473076
30 0.732220483659252
31 0.702124617294406
32 0.757832277823698
33 0.758093034261484
34 0.979969728539864
35 0.939320282618571
36 0.889664716921541
37 0.770408929240265
38 0.879460321848153
39 0.828162176490455
40 0.905735838919719
41 0.796409103449095
42 0.923758203224316
43 0.793897141695542
44 0.823753325337316
45 0.822647272007372
46 0.818801056003452
47 0.865468597998701
48 0.877030042211038
49 0.892922977526648
50 0.943063952069658
51 1.038417450481673
52 0.867986260543538
53 0.998898422287265
54 0.915642791772435
55 0.893817617990666
56 1.163469169472474
57 0.923086575340857
58 1.013948449193128
59 0.988371342193681
60 0.962710380895908
61 0.957483883112324
62 0.941414709054013
63 0.920229066905231
64 0.914499801241052
65 0.887959491555239
66 0.783711422944454
67 1.006562205292369
68 0.940979891645368
69 0.881818392773089
70 0.922056610144263
71 0.914374450776077
72 0.986697698177578
73 0.946475220636905
74 0.941742882347097
75 1.017184653252774
76 0.967004703003244
77 0.879921612051224
78 0.993248184786252
79 0.894116786073962
80 0.870949655514519
81 1.026184944437334
82 0.949669838877034
83 0.881030336229103
84 0.988168681831544
85 0.989357282390314
86 1.026873949668787
87 0.975491683796872
88 0.900601885414726
89 1.018936964176286
90 0.861274783784867
91 0.965487073285821
92 0.999997300434810
93 0.994663555482126
94 1.006763503829898
95 0.951787813027952
96 1.033348546988714
97 0.921164343506726
98 0.934564099995842
99 0.914498572782305
100 1.040575493391075
101 0.986876663747225
102 1.088106075346006
103 0.990294454603715
104 0.973466550688454
105 0.961071617766266
106 1.085826914414038
107 0.947106909812184
108 0.933307558071942
109 1.142301905929348
110 0.891294345514167
111 0.979442111515746
112 1.063907054657534
113 1.012532387450090
114 0.981885714014852
115 0.987961429186078
116 0.985376188190728
117 1.021801005125756
118 0.968547132372961
119 1.053235014753638
120 0.938579116345715
121 0.954516729525734
122 0.902093041627988
123 1.005268913326194
124 0.947279415166458
125 0.981896481404739
126 1.035420801736306
127 0.976171697130818
128 0.934815954847467
129 1.050033035199911
130 0.906296403252438
131 1.024974779124291
132 0.949035586696233
133 0.903595323429906
134 1.119483256409908
135 0.943820555543723
136 0.984800521212560
137 1.098111384151590
138 0.985153851777832
139 0.974377552254326
140 1.016784773106676
141 1.004776075977403
142 0.990994624180602
143 0.960027878060948
144 0.912819493992533
145 0.982168073829294
146 1.050207148829097
147 0.995061861167338
148 1.021301450524232
149 1.011782767255035
150 1.004110917277497
151 1.126542743115396
152 0.971831608194208
153 1.022636382611968
154 0.954155125652428
155 0.943242938708500
156 1.024412169764138
157 1.039328540676516
158 1.001000309516937
159 1.058575929223863
160 1.025158336986872
161 0.927531577583143
162 1.040724835269798
163 1.015703183609010
164 0.999877430934413
165 0.978145020198414
166 0.953315898886402
167 0.999946465356771
168 1.031943446470888
169 1.035036171294963
170 0.971094588417334
171 0.907524441560819
172 1.023964405793528
173 1.022274884847702
174 0.939286193304158
175 0.977027179867134
176 0.985505111383381
177 1.020236782264973
178 0.951196638589458
179 1.011237629852246
180 0.998531550754745
181 0.984590040169857
182 0.968729230515152
183 0.981227608186495
184 1.037135243776023
185 1.039232151193012
186 0.943701998585090
187 0.970431646236083
188 0.985984253556693
189 0.996865734128158
190 0.992184360519566
191 0.948374016029537
192 0.960399240332292
193 1.042567704975722
194 0.980707162139741
195 0.951484439665951
196 0.949553071692262
197 1.061314978317905
198 0.972950776368888
199 0.980646072911875
200 0.966329717838599
201 0.982922946667023
202 1.075767204511153
203 0.972259586322403
204 1.011396173748726
205 0.967248017478353
206 0.954695272662947
207 1.299165453247078
208 0.942907337525379
209 0.937480854961986
210 0.988620836078199
211 0.967784780762853
212 1.078031442138665
213 0.992577307127275
214 0.954323722942524
215 1.023647638674853
216 0.960621482851812
217 0.986710238007134
218 1.119419701149241
219 0.985659332004019
220 0.985119781226245
221 1.006392832801684
222 0.977748057009758
223 1.113302285707520
224 0.982372758125881
225 1.000995027660449
226 0.978457574757924
227 1.017613008059871
228 0.958240781422086
229 1.011911576433099
230 0.993463805615579
231 0.964486144344277
232 0.997499421842737
233 1.002347055875447
234 0.963733281628520
235 1.064314492307731
236 1.008706085021291
237 0.972602339529206
238 1.044093057491090
239 1.006882345449660
240 1.013432803035148
241 0.991922123508266
242 0.933313477445088
243 1.037562128752800
244 0.987660542161909
245 0.929478730276825
246 1.027065542594242
247 0.935263524308175
248 0.962925325434191
249 0.975651473639399
250 0.998223793171197
