0 4096.000000000000000
1 0.003745002407362
2 0.024492636552946
3 0.049873657356744
4 0.064073291907995
5 0.093357157195499
6 0.131546757151248
7 0.237060000077487
8 0.241792467398502
9 0.286761332948597
10 0.372651767859315
11 0.330997062025170
12 0.413821618407750
13 0.520884556868762
14 0.473157147760584
15 0.520699949990661
16 0.489222842965097
17 0.728369292448122
18 0.587963595381269
19 0.590522045737564
20 0.571558328792789
21 0.665810062136229
22 0.654928266099480
23 0.648005370613533
24 0.767208540738128
25 0.736202704234373
26 0.675396253851895
27 0.632451657021804
28 0.779111121160774
29 0.682767223978597
30 0.696491193514480
31 0.689543571420032
32 0.747767331933965
33 0.737222217577202
34 0.925489534921310
35 0.937364350332056
36 0.838310877867452
37 0.799847900531846
38 0.885218916517605
39 0.828921786408317
40 0.880088930505974
41 0.803770354325270
42 0.906274667889905
43 0.776598250321788
44 0.787052532403528
45 0.851684591949545
46 0.825521764562384
47 0.854188146779578
48 0.841445149464160
49 0.878553943096644
50 0.901962623265290
51 1.032065661297464
52 0.857319646350393
53 0.973776537524859
54 0.876064361145100
55 0.866990106436994
56 1.099483596158572
57 0.885264655851287
58 0.996896010570201
59 0.975871925385982
60 0.967487145711752
61 0.953176884292774
62 0.934604924242462
63 0.917234102002824
64 0.934480034246714
65 0.928205954045225
66 0.783644881995882
67 1.019482747854122
68 0.916455729899070
69 0.876957398839409
70 0.947132547130770
71 0.928290642328041
72 0.964100620710363
73 0.936202329664742
74 0.896554862812089
75 1.023295146741643
76 1.013737654633916
77 0.864757239889870
78 1.014479543377960
79 0.941668535765992
80 0.913566245711386
81 1.050933631511256
82 0.961983494723119
83 0.883441725844995
84 0.994115514658869
85 0.986972566147104
86 1.015158479472575
87 0.960865986062698
88 0.908271051108087
89 1.000084179424319
90 0.877881821212481
91 0.933414058624163
92 0.994619621499925
93 0.989297878786772
94 0.951128898575494
95 0.928131154209365
96 1.013376649609298
97 0.893122037398751
98 0.931899327694946
99 0.893131839695940
100 1.004531685862701
101 1.012248395547110
102 1.066115864376444
103 1.021571903465387
104 0.990305613892790
105 0.938821940471202
106 1.079648944707645
107 0.964703657280282
108 0.928346483376601
109 1.120774004303274
110 0.900653504166887
111 0.969974070538864
112 1.072691304660416
113 1.025198466205227
114 0.986977548778088
115 1.016862100717523
116 0.965420841562992
117 1.015074394876983
118 0.961586266263151
119 1.040888914432848
120 0.943404485321814
121 0.956694107407321
122 0.880758573086482
123 0.972939359730997
124 0.934999001276668
125 0.983138600292504
126 1.027721062151580
127 0.971817756063372
128 0.930814970730781
129 1.031941927687131
130 0.912413452495464
131 1.029678664945173
132 0.930193103159910
133 0.925341800206632
134 1.104170618046525
135 0.964912265885145
136 0.987909373764703
137 1.072275998469220
138 0.970877635999214
139 0.976141799699183
140 1.011507390564164
141 1.027729223771135
142 0.990159539717861
143 0.963114652764443
144 0.920043431551170
145 1.004282403255825
146 1.019401881363478
147 0.999942530799932
148 1.012036815137152
149 1.002473783364028
150 0.980647477300096
151 1.096313955318918
152 0.963711001647187
153 1.023613619644528
154 0.935789034850119
155 0.946720963755009
156 1.039874517177540
157 1.061065433237021
158 1.011601402990993
159 1.036141022016558
160 1.015435123116138
161 0.948303734226386
162 1.050548893193294
163 1.003939179990087
164 0.980477507854142
165 0.954274592073920
166 0.942277339845197
167 1.018970802047532
168 1.014775223592414
169 1.034842021636233
170 0.941909423875953
171 0.910502463995647
172 1.010696297849837
173 1.002496008457163
174 0.944327280737067
175 0.971725628225915
176 0.974117859848896
177 1.040299006297219
178 0.954154527678390
179 1.004518591737377
180 0.992988421649789
181 0.989376887251872
182 0.967599295912783
183 0.991279431891887
184 1.040569071803592
185 1.052086186641636
186 0.950460850802805
187 0.976874074325452
188 1.011058226534951
189 0.979947253257928
190 1.006031031193118
191 0.968087135517555
192 0.989972215843313
193 1.063417094634950
194 0.998743677023664
195 0.963220832228900
196 0.959718714608505
197 1.064266688071958
198 0.975600307847559
199 1.000961060699040
200 0.986935830733222
201 0.987113504312170
202 1.102798035657330
203 0.978885021162422
204 1.027200899779866
205 0.989499526370802
206 0.968418818809588
207 1.279093888282200
208 0.960367665092673
209 0.935010689498008
210 1.000143596739096
211 0.973232634968511
212 1.073518231635830
213 0.982419388740589
214 0.928040891190010
215 1.014097823625316
216 0.965691420887784
217 0.978855495390489
218 1.128109028452845
219 0.978855516742403
220 0.979466660329996
221 0.993551157007329
222 0.975147060977650
223 1.084431079577651
224 0.993032671531325
225 0.999737880988916
226 1.004692408230170
227 1.033696222417015
228 0.967909662073523
229 1.007027696422957
230 0.988048916362776
231 0.959997613978910
232 0.988103774293562
233 1.010689589179308
234 0.958249997777472
235 1.036349130201193
236 1.003366220483446
237 0.952118197894658
238 1.021770854458057
239 1.020010190526702
240 1.002931486195317
241 0.980674213819350
242 0.946831224375293
243 1.015670798498803
244 0.980966989918826
245 0.949340610796737
246 1.024882415088328
247 0.951344634874447
248 0.942488001638389
249 1.007276887024751
250 1.012959850131780
