0 4096.000000000000000
1 0.007269315455431
2 0.024342388187691
3 0.024828589006696
4 0.049846849690219
5 0.080037758143538
6 0.172442342135352
7 0.383044831752071
8 0.390667110876312
9 0.405519839893718
10 0.446826997124180
11 0.335617811872095
12 0.380589218469641
13 0.456488511789498
14 0.503729536471310
15 1.326776161844210
16 0.636630420281163
17 0.816369488577365
18 1.216496556237594
19 0.560899138042135
20 0.537053425090526
21 0.734153053476187
22 0.571053330177592
23 0.437136534530829
24 0.508300125074446
25 0.615253631899051
26 0.514646360437059
27 0.478890965065573
28 0.415331722389922
29 0.564875869540619
30 0.510436176804529
31 0.583366559928010
32 0.658250356345095
33 0.621950991664087
34 0.721256490662524
35 1.051425565460507
36 0.737464841809399
37 0.658053660379893
38 0.842619847267878
39 0.626385322821754
40 0.853306599240578
41 0.605226675237899
42 0.731513698206069
43 0.822437501869766
44 0.629594743215596
45 0.753429669107941
46 0.831485979752808
47 0.727536651691785
48 0.844079457017838
49 0.880983321309687
50 0.772116338545952
51 0.990363497959832
52 0.730740047166538
53 1.012743191903571
54 0.913037008434585
55 0.782412857677854
56 0.994958595079963
57 0.858813926664626
58 0.995906193020355
59 0.740745414654938
60 0.990338375449842
61 0.876387382179683
62 0.845866213707932
63 0.827598180943744
64 0.817824041710966
65 0.809749131055681
66 0.878616232597441
67 0.863459112953630
68 0.849297080142845
69 0.863611767208989
70 1.166647944051851
71 0.839869349933520
72 0.940755725114268
73 0.878168109575418
74 0.827681893607282
75 0.889838197649239
76 0.940121637499333
77 1.067219914267487
78 1.204578954050775
79 0.969487564482484
80 1.117917767095309
81 0.980597418254567
82 1.047792589596422
83 1.144814003278045
84 1.151511948514641
85 0.937034110019362
86 1.038779994839261
87 0.877281269854049
88 0.879534387766530
89 0.879263738693170
90 0.878556724127061
91 0.945764029357529
92 0.963515353250821
93 0.924362592923664
94 0.855889553536737
95 0.930249531601568
96 0.979461092275751
97 1.200043495042336
98 1.163973772090161
99 0.995943996289690
100 1.019379016035821
101 1.139576880272449
102 1.256752939781788
103 0.985733349103261
104 0.977911111800703
105 0.993418811342238
106 1.065112488458385
107 0.991696267676588
108 1.135077509243436
109 1.089817874690679
110 0.986305485468858
111 1.053536500867689
112 1.095723264143101
113 1.077228770434082
114 1.003285727456839
115 0.993364833534163
116 1.091868068026625
117 1.045231300091483
118 0.979057635372680
119 0.992467390011993
120 0.986556295407828
121 0.896654650269900
122 0.774731723376386
123 0.917828428372366
124 0.869451239567882
125 0.971779025996162
126 0.976588303081574
127 0.996382883726374
128 1.040040668285069
129 1.037093912975708
130 1.049752169159828
131 1.031152295562657
132 0.830140091657383
133 0.878759841395791
134 1.022388676477769
135 0.840360896930044
136 0.912562379891354
137 1.017328337479933
138 0.919289209053033
139 0.948988695341425
140 0.955009841693343
141 1.112527103118568
142 1.053483084460463
143 0.879918009908140
144 0.988703438507952
145 0.952011279711239
146 1.035507802410902
147 0.920502792284536
148 1.005968999772006
149 0.944941588306516
150 0.854133047371094
151 1.008631002599838
152 1.002431191334465
153 0.966543255457567
154 0.959437146792660
155 0.966284304880463
156 0.982013905339604
157 0.982150945994079
158 0.963536992551871
159 1.204709785524468
160 1.062243566650252
161 0.919158460300275
162 1.117147811514462
163 0.999147003556896
164 0.956130640070754
165 0.953135840622162
166 0.965294695162812
167 1.044852514016030
168 1.038506229051835
169 0.962303987112966
170 0.980563233791995
171 0.850608486801611
172 1.103410327530438
173 0.999520928957339
174 1.005892222893351
175 0.894591481742748
176 0.955445451111322
177 0.994177685182436
178 1.022287584304626
179 1.002896648989932
180 0.991795551909967
181 1.039344272668867
182 0.851043688246149
183 0.993199655162006
184 1.071664811934615
185 1.042681616927339
186 0.964857724911697
187 1.115476789790378
188 0.965909163389741
189 0.926447992217653
190 1.002277424368441
191 0.938124166799284
192 0.958753249071494
193 1.025629991762805
194 1.038825724688067
195 0.928898162810295
196 0.964842600656389
197 0.938740683598818
198 0.971624968006075
199 1.003598018582270
200 1.005688786926599
201 1.073664057509645
202 1.140196312695983
203 0.939249130267948
204 0.962524433756400
205 1.051211569132727
206 0.894576635509526
207 1.078132966824125
208 0.958726782532403
209 0.958242705776235
210 1.035532454093329
211 1.041477357209539
212 1.122619202656210
213 0.984719825275172
214 1.017024106062473
215 0.996674720306605
216 1.009810856820611
217 1.001749949653973
218 1.125800772602458
219 1.003579717181647
220 0.989924998106180
221 1.088158814346770
222 1.013059619777281
223 1.088211903632876
224 0.969017913096563
225 1.019824149723234
226 1.058466992012411
227 1.036286371825283
228 1.017456747891907
229 1.073045439400458
230 1.087369731346244
231 0.966013893257267
232 1.035657206260746
233 0.984894405950030
234 0.984262161538751
235 0.980435269155212
236 0.978409172034727
237 0.903724072215192
238 1.017878222054991
239 0.998065512336232
240 0.929080247357532
241 1.006830430137020
242 0.933086984079701
243 1.140766941822482
244 1.041653243433746
245 1.076067598417888
246 1.107728943526067
247 1.105143966934174
248 1.051963622426229
249 1.091627597982694
250 1.006662261549818
