0 4096.000000000000000
1 0.005603785267220
2 0.025245536685738
3 0.051967220119131
4 0.088666633945472
5 0.090747978846118
6 0.103359078064772
7 0.168607096021353
8 0.201432627434838
9 0.275750623723961
10 0.305820337350627
11 0.348358000655437
12 0.480974364837618
13 0.582890307626420
14 0.514671477916063
15 0.503849674750628
16 0.516887623664604
17 0.903677569062550
18 0.564033604327139
19 0.618279006139239
20 0.564337630205018
21 0.730386589288902
22 0.691535311981541
23 0.648836516015210
24 0.800532299068796
25 0.848827502075004
26 0.766151471785038
27 0.643937454429445
28 0.826916167616784
29 0.694673973972026
30 0.818361423806535
31 0.739225391538752
32 0.791180586476060
33 0.767431922392712
34 0.874127534602259
35 0.845765215712238
36 0.834118356768212
37 0.653545841241450
38 0.794045255060829
39 0.701397798686008
40 0.830287714551769
41 0.744395640773898
42 0.849961405653820
43 0.740694842026073
44 0.794470185721407
45 0.803211748080306
46 0.855113283920160
47 0.927015638064781
48 0.967526053821790
49 0.977743165259817
50 1.016415872457199
51 1.096203597125822
52 0.924576126479461
53 1.080181254449292
54 0.975032193790349
55 0.925846918711251
56 1.296249802940949
57 0.929439462469816
58 1.007134300256176
59 1.035442358262526
60 0.944728447631404
61 0.941479180090449
62 0.904712852720617
63 0.916337443225583
64 0.907935732222923
65 0.859084312898170
66 0.794364032923266
67 1.044761177209865
68 0.947844778279504
69 0.905018004067379
70 0.975759963578471
71 0.851810301915428
72 1.020735315446508
73 0.926481848592094
74 0.937718830368994
75 1.015928506128085
76 0.914716231740472
77 0.858026580503217
78 1.023138889927889
79 0.902448240481474
80 0.825948396137798
81 1.017600825652111
82 0.999500744169769
83 0.873970284865103
84 1.023748090448795
85 0.985768880610931
86 1.033929117416285
87 0.950363806424113
88 0.879737224162145
89 1.022840458413246
90 0.836794337986063
91 0.909591088976217
92 0.961231808551793
93 0.945411356353354
94 0.949557743226339
95 0.964376736159038
96 1.021860400583825
97 0.927844134206415
98 0.957014449690599
99 0.910351270543424
100 1.016199361028477
101 0.949883341579037
102 1.090690281255118
103 1.011503160220527
104 0.971494650851510
105 0.947811781523058
106 1.061158476660624
107 0.936463866283690
108 0.926883310336461
109 1.142146455728832
110 0.888019324079621
111 0.942748728393923
112 1.015068277557915
113 1.005376769389491
114 0.933179200132120
115 0.979749424638203
116 0.948316842111217
117 1.037797962497330
118 0.949318151076504
119 1.016124494677013
120 0.904911498439015
121 0.944684590469695
122 0.906880958325533
123 1.030824016180879
124 0.941439302726267
125 0.937541937964414
126 1.030007801019047
127 0.936271373011478
128 0.954723413693761
129 1.022875680242990
130 0.944083790040608
131 0.989744929717007
132 0.904437507930518
133 0.898486508236565
134 1.092510990289256
135 0.953943970300055
136 0.978231849849025
137 1.097200639217423
138 0.910936799482089
139 1.028832106338776
140 0.982223311859054
141 1.011823944509413
142 0.983242765864585
143 0.957540329449480
144 0.892421252907187
145 0.991654706908043
146 1.023567684539172
147 0.991381187149951
148 1.026292958974413
149 0.975812220915941
150 1.042945204456238
151 1.190937962843759
152 1.002174489129231
153 1.012408259132343
154 0.972351314615670
155 0.969847878003924
156 1.029453864524424
157 1.023423695623598
158 1.014380846983927
159 1.059360620543543
160 1.091941101305795
161 0.965306524991742
162 0.992093751157645
163 1.052275254210532
164 1.022324765447595
165 0.991196632289764
166 0.956462050210449
167 0.987892697815173
168 0.979365151998162
169 0.987402812250593
170 0.951582271239434
171 0.912602507816838
172 1.029540945937731
173 1.004549182562363
174 0.934255655732915
175 0.968731131408021
176 0.998859515014481
177 0.959724010797939
178 0.941242257166300
179 1.018282064150917
180 0.992872140161419
181 0.939137402874616
182 0.998144181973719
183 0.930650679225229
184 1.017534749125115
185 1.018192971861436
186 0.930042587025468
187 0.918533089275622
188 0.971948345019034
189 1.020053257349948
190 0.973202233317063
191 0.967099075502326
192 0.937419900761968
193 1.066841260581814
194 0.971659431027172
195 0.901733678339141
196 0.960350212756738
197 1.031291815051774
198 0.975689551432444
199 0.954808454502325
200 0.942941222275494
201 0.987327092288227
202 1.017836105727783
203 0.952955397864445
204 1.006549561002553
205 0.965863454792338
206 0.959062295695527
207 1.262013323335375
208 0.950617881239900
209 0.948482675232016
210 1.005141863743203
211 0.977791024778393
212 1.143635639283979
213 1.016842996489484
214 1.002896899764172
215 1.080566647067525
216 0.975510996300968
217 1.020107195665773
218 1.133808476410008
219 0.999623985839306
220 0.971986673054781
221 1.007976205746057
222 0.990407155290008
223 1.080676155379446
224 0.997391278449695
225 0.994743924891793
226 1.019924685288711
227 1.017495124740202
228 0.943698216074370
229 1.043732624060772
230 0.976591088905213
231 0.972188546544723
232 1.004011337560318
233 1.000392067267581
234 0.953020216364505
235 1.051104860381557
236 0.984219790072006
237 0.968720994794396
238 1.055017106821820
239 1.020120123811534
240 0.994288873116910
241 0.982116381624119
242 0.915273779098006
243 1.054175893017863
244 1.017239680328786
245 0.968036431263136
246 1.080089648795795
247 0.955047081908437
248 1.006805387965664
249 0.979702364505984
250 1.010283925720241
