0 4096.000000000000000
1 0.001902468733137
2 0.006937582685214
3 0.013729856583095
4 0.032648429471713
5 0.066716136256062
6 0.065368894016021
7 0.153937127025325
8 0.153641741342518
9 0.246805506738639
10 0.313587443174750
11 0.259475816285120
12 0.272048862547951
13 0.382565922917244
14 0.398482256749826
15 0.460066417863964
16 0.345215496330883
17 0.707978761395879
18 0.404764580334370
19 0.423713487739529
20 0.519118137483467
21 0.519735814838745
22 0.517877821310469
23 0.524436937086823
24 0.637238385835493
25 0.608973510271183
26 0.617982963813366
27 0.633241444954851
28 0.998822480061381
29 0.561235550734946
30 0.633487808685290
31 0.730017810709338
32 0.687421059689068
33 0.624805403023396
34 0.815260393784258
35 1.136875053529125
36 0.820209913469477
37 0.817188568520110
38 0.657759811695819
39 0.790118715165059
40 0.829954451218916
41 0.665957487882261
42 0.834017965960400
43 0.844232023529853
44 0.786942077407069
45 0.719814470324823
46 0.685982544134716
47 0.710955544494861
48 0.688645883239299
49 0.678960714335781
50 0.758474114438627
51 0.861802861775786
52 0.694206421929093
53 0.905147776360042
54 0.876366426631145
55 0.771358955514609
56 0.856230376635882
57 0.862259964024036
58 0.811372298307298
59 0.807092597783569
60 1.099007883304492
61 0.987014274660809
62 0.905881128267047
63 0.891115834746506
64 0.962427348365861
65 1.002509958567024
66 0.758740756566505
67 0.884632172695008
68 1.025678316629419
69 0.828686106128821
70 0.862682136556766
71 0.880728398264971
72 1.236038437047289
73 1.084454097551096
74 1.088875560253790
75 0.950098683798267
76 0.923945224866570
77 0.827274445401187
78 1.018098954060092
79 0.889854778634493
80 1.043162116886917
81 1.074598805652417
82 0.994592451754901
83 0.898338999296018
84 1.086149237901153
85 1.028143644299892
86 0.942870433824617
87 0.969130897672528
88 0.896566686275984
89 0.869120135249569
90 1.000996281137958
91 0.980433184466498
92 1.054701103513621
93 0.842857903529628
94 0.963871019719318
95 0.889791837235867
96 0.964774538417289
97 0.900949665110824
98 1.153487512303013
99 1.032945979522416
100 1.128692194971089
101 1.190523913870097
102 1.270908761774013
103 0.866535596469834
104 1.049854436151311
105 0.939197219540326
106 1.120259232693774
107 1.019213386081821
108 0.990153485860744
109 1.136254617482620
110 0.899436140259438
111 0.936385258708367
112 0.951528158267787
113 1.002404257170486
114 0.950973483168678
115 0.957938323306748
116 1.033616473103051
117 1.135561049083286
118 1.080454060231907
119 1.042950810324763
120 1.179051550062867
121 1.026325980221588
122 0.862108189942998
123 0.857025858012498
124 0.847224474923761
125 0.921518226897978
126 0.975984412767430
127 0.825729318216836
128 0.757482171562578
129 0.923518963557367
130 0.779876880685664
131 0.948444358632314
132 0.840440513887743
133 0.880656208696630
134 1.047605291977227
135 0.946420902649744
136 0.976417846802318
137 1.105904327280398
138 1.027334560452978
139 0.956609999314671
140 1.056932115155775
141 1.094231764622434
142 1.147042216049601
143 0.895004980470309
144 0.967338601459498
145 1.016943152876098
146 1.106758235351618
147 1.064021222290881
148 1.068392449952509
149 1.099346082684011
150 0.955101133708071
151 1.071250438610377
152 0.963281291159696
153 1.063138318944613
154 1.008527708439297
155 0.943027886593417
156 1.089615934322739
157 1.051483933909736
158 0.977642998062191
159 1.095473333842219
160 0.952888696909895
161 1.037687581476120
162 0.973249542644080
163 1.021127333950230
164 0.939655925643235
165 0.962758856553955
166 0.955861121988414
167 1.038338705861453
168 0.993041912914019
169 0.859381845417191
170 1.011799808659304
171 0.916628587137257
172 0.939777813877062
173 1.071732671798002
174 0.977697335580027
175 0.987285360172579
176 0.922529918742172
177 1.112657767972488
178 0.946642628638210
179 0.947584537813337
180 0.961883554071692
181 0.997153782191237
182 0.845870597443878
183 0.930804529851229
184 1.033755414145730
185 1.181940547514923
186 0.990003567292008
187 0.972002364131450
188 0.942233258825806
189 1.000477219262671
190 1.022040931160129
191 0.965508389378760
192 0.914218807791320
193 0.983406763896991
194 1.092460702988685
195 0.966570240644186
196 1.020185996538705
197 1.090534100084267
198 0.973003351799707
199 1.077829889848252
200 0.896866918289247
201 0.982484479290231
202 1.026726042732229
203 0.863256349061119
204 0.903918024280559
205 0.886257605271981
206 0.963144620267793
207 1.198720534308936
208 0.977358403854468
209 0.952837790265066
210 0.928493163040782
211 0.974161295161457
212 0.988762952629837
213 0.925035626270457
214 0.893532623338167
215 0.995219458169756
216 1.059788310421613
217 0.976093026463174
218 1.084420780632664
219 1.069745832891780
220 1.036017379290244
221 1.076766015387455
222 1.114006330423394
223 1.205832851421636
224 1.001044175431390
225 1.021027682072635
226 1.035461364071257
227 0.976794578694054
228 0.951627736490608
229 0.992809360246421
230 1.099881540906325
231 0.935431985905874
232 0.982785888373789
233 1.033531765197525
234 1.050001763003229
235 1.138943592270216
236 1.139524805079096
237 1.171027568246301
238 1.223828018240153
239 0.976162008445765
240 1.023177515870909
241 0.959341012387334
242 0.893947802688432
243 1.035528143556048
244 1.031349264769847
245 0.938920085107134
246 1.025148323973331
247 1.019734749431191
248 1.048107112866443
249 0.980807691544972
250 1.017631209496679
