0 4096.000000000000000
1 0.014715155216283
2 0.025968659191634
3 0.023691634982305
4 0.028573518911296
5 0.085575416109102
6 0.108262439306590
7 0.162827400736838
8 0.176839721124651
9 0.246774810512201
10 0.473534606877542
11 0.538060144597787
12 0.508889194590714
13 0.645236907718189
14 0.585444208818892
15 0.707305494176037
16 0.647814486507360
17 0.717405007517981
18 0.439390218990287
19 0.562765870704986
20 0.488736654286016
21 0.500604703739151
22 0.538953346196075
23 0.541460974718466
24 0.926787017047960
25 1.195171585520862
26 0.886618916728979
27 0.560476141578400
28 0.711026755053228
29 0.528351276915721
30 0.402087467142165
31 0.497379859095776
32 0.767175196132410
33 0.690552333058144
34 1.169326385667523
35 1.144270682067009
36 1.014936253711056
37 0.802950629779186
38 0.945218010867391
39 0.735068486107963
40 0.803009982176203
41 0.839773426260152
42 0.685101691267811
43 0.800338983760867
44 0.893124577367904
45 0.854220106382646
46 0.936307564143249
47 0.791656230908731
48 0.987383163700825
49 1.081257811532477
50 0.905855337700824
51 0.883824128664863
52 0.844712759898737
53 1.015440132892197
54 0.943160326580573
55 0.770498696810358
56 0.979743113860128
57 0.873774378095550
58 0.813670947892412
59 0.827459794329045
60 0.839430312613818
61 0.991110076391706
62 0.747764636062032
63 0.927475573949719
64 0.831057646407240
65 0.907300119033697
66 0.900903791873817
67 0.873727627911694
68 1.015362776813498
69 0.820565121150033
70 0.941555433378717
71 0.992601939599484
72 1.021816396465195
73 1.063719029094311
74 0.872945094101547
75 0.913915919364894
76 0.890864097184626
77 0.766058422814088
78 1.022735459096681
79 0.812623097286835
80 0.894158743972191
81 0.985693526983027
82 0.849712836712643
83 0.900973507005889
84 1.123359868824187
85 0.971737130509754
86 0.989687111873274
87 0.926273098310074
88 0.853327736395701
89 0.998470601565028
90 0.954502056959323
91 1.169719386893718
92 0.824179996756611
93 1.069834664809125
94 0.875753052625639
95 1.039549819202246
96 0.933253587017284
97 0.982338456255148
98 1.056977144130011
99 0.929902207331387
100 0.884844028923690
101 0.991887891970063
102 1.057895661998574
103 1.033612293522651
104 1.018287573717477
105 0.908032103004571
106 1.151486478708520
107 1.069049804171225
108 0.960149750237348
109 1.032510768013334
110 0.806842427987717
111 0.972627515339572
112 1.011955981328108
113 1.002431156563682
114 0.923796392502514
115 1.040342247876539
116 1.078888856857983
117 0.890286071573490
118 0.895398826940578
119 0.946492428108296
120 0.832102805307560
121 0.956720632099696
122 0.900877712862816
123 0.962882108586708
124 0.995180179058920
125 1.070120422082185
126 0.997857570994477
127 1.104047357334533
128 1.068041606694346
129 1.201270410465575
130 1.012682630942562
131 1.013297291918297
132 0.878092130361716
133 0.938980723065327
134 1.193925324569815
135 0.894007353865537
136 1.027512295049156
137 1.049720318278937
138 0.912259104115852
139 1.138876382810153
140 0.932315758789241
141 1.239028237832332
142 1.031926988397584
143 1.284144414308475
144 1.025846539747795
145 0.937524379752824
146 0.864762995169830
147 0.867711740362861
148 0.920064763386418
149 0.949163360055939
150 0.929452243456174
151 1.165341489036551
152 1.012452924099615
153 0.995736671959100
154 1.043865524294914
155 1.041889196950656
156 1.024454632927776
157 1.102100943593602
158 0.911329691155615
159 0.939844108906296
160 0.952665769739064
161 1.030816377488048
162 1.064747731928414
163 1.124428745921501
164 0.912271364873730
165 0.879525368826941
166 0.885654812495870
167 0.946265971754432
168 1.012127838232505
169 0.991303353364405
170 1.008452756302052
171 0.901234217353336
172 1.012065516188111
173 0.981978733947243
174 0.902432791694212
175 0.957333044415503
176 0.952418592341543
177 1.037529431375944
178 0.885897353172333
179 0.995406228083861
180 1.032301023557180
181 1.007787016969696
182 0.939880613453308
183 1.040310683981188
184 0.903236159909171
185 0.989985008513730
186 0.886443089772177
187 1.021940584134022
188 0.980972854328986
189 0.938358731403750
190 0.944793342322177
191 0.938859483216537
192 0.902186478429963
193 1.006775865333416
194 1.016919752042093
195 1.038076401324418
196 1.028057363850091
197 1.040955149730862
198 0.970528017631820
199 0.975517366738733
200 0.954933124528554
201 0.966271862842407
202 0.998905184237827
203 0.970806975488008
204 1.080263123373133
205 0.949958260977160
206 0.956455207956301
207 1.301480186042630
208 0.977672927884175
209 1.088919881718142
210 1.016355055032846
211 0.988467247460990
212 1.017038126763686
213 0.969441486955954
214 1.018833354595708
215 1.107361425682613
216 1.010665912546338
217 0.944532663570201
218 1.049366211259944
219 0.923467491716203
220 0.902790322831271
221 0.919896576491382
222 0.881639419595978
223 1.056288578309685
224 0.981485949646354
225 1.074311064372910
226 1.131520062009278
227 1.120305936440997
228 1.054377104862776
229 0.975751273068676
230 0.989681054872213
231 0.921407490776683
232 1.046303998845581
233 0.993617421083029
234 0.991702719832433
235 1.133465999831257
236 1.106300296763888
237 0.994947609908575
238 0.973061221943411
239 0.975871741510626
240 0.917375847110123
241 0.974272181533376
242 1.045958754234896
243 1.023470455157081
244 1.017919765839054
245 1.043089871011746
246 0.939407529564868
247 0.890477015198783
248 1.043129303322187
249 0.943981231322406
250 0.969540001838227
