0 4096.000000000000000
1 0.005428086538471
2 0.022652375416884
3 0.050160004687417
4 0.075276191552132
5 0.086051350654133
6 0.116659539943816
7 0.161018201012062
8 0.194363051462422
9 0.243144222525735
10 0.288324142847500
11 0.283021904500734
12 0.403543022021278
13 0.499633727504023
14 0.440927940426778
15 0.462392963254152
16 0.481039608355501
17 0.805266460456505
18 0.554594464772123
19 0.580548427005218
20 0.532204420487888
21 0.705102135369030
22 0.673517784773122
23 0.628816444748163
24 0.863441246800921
25 0.811536097293720
26 0.731122662418237
27 0.608272488341517
28 0.759444209444477
29 0.645782775981304
30 0.773512008112661
31 0.722440586316936
32 0.747564037614682
33 0.778514434763154
34 0.867471589769009
35 0.875600924088169
36 0.888850174441089
37 0.718538154276958
38 0.844247372785597
39 0.804070736390995
40 0.945091056804243
41 0.836606525430793
42 0.935872829280457
43 0.797677913686722
44 0.826258368447272
45 0.800706476228219
46 0.818328622429367
47 0.889232490931792
48 0.911982225786837
49 0.916362843305021
50 0.977240985947825
51 1.017964168225824
52 0.882308912182094
53 1.025676992581555
54 0.934093952822789
55 0.886744766220996
56 1.249016856834209
57 0.911688340814783
58 1.037618416557421
59 1.020447598942754
60 0.968494027793246
61 0.961745881090786
62 0.921733165568905
63 0.941929922872886
64 0.934361853172322
65 0.914277937346439
66 0.810874286373842
67 1.049452141376331
68 0.952799196899868
69 0.896300835761500
70 0.935035461754756
71 0.875788964607716
72 0.964017722444770
73 0.907070327016842
74 0.944395783323030
75 1.030204517147279
76 0.977244793054561
77 0.853944591563998
78 1.020850771917920
79 0.887730630105534
80 0.848546742232126
81 1.042383759207240
82 0.991265287017470
83 0.880764024989591
84 0.979494059528767
85 0.969886875982395
86 0.979614095233709
87 0.965640513958937
88 0.867011886326812
89 0.996238955481649
90 0.824020723375192
91 0.910405408002534
92 0.965006155966425
93 0.988548434988687
94 0.988230230112713
95 0.955051305394166
96 1.023063633666848
97 0.911094456700294
98 0.947954056956740
99 0.927831575453715
100 1.030573812236559
101 0.967481256271359
102 1.101913893366212
103 1.022148166980786
104 0.981746964474964
105 0.946726575602510
106 1.077167399377595
107 0.943247665060164
108 0.914676303811079
109 1.134071120448784
110 0.902111810852666
111 0.961489143386354
112 1.039493071068614
113 1.038319572065443
114 0.966149355469354
115 1.028684090573063
116 0.988277876016065
117 1.054911297724412
118 0.976446707581774
119 1.039020012745757
120 0.935071638173411
121 0.931797465716008
122 0.921072811455059
123 1.010927034529001
124 0.960018068492636
125 0.956663086473744
126 1.022452545938207
127 0.935631981592817
128 0.925915477065008
129 1.027637999661213
130 0.911024687116003
131 0.978390560106424
132 0.880942528593404
133 0.863548076107634
134 1.070712876468218
135 0.957847693394914
136 0.983969697740704
137 1.068205833167494
138 0.921487107819019
139 1.004732927746934
140 0.997443232911842
141 0.977005959573270
142 0.974683153378362
143 0.968391030417412
144 0.893797186880278
145 1.005101358880302
146 0.991030171727269
147 0.981458041108942
148 1.020135658126246
149 0.991250468642221
150 1.029581852560299
151 1.147944813009512
152 0.973325864589368
153 1.006277106213019
154 0.951988298152195
155 0.963052388326092
156 0.981850568956154
157 1.029121925327205
158 0.986817610752238
159 1.066235819726841
160 1.059886494500115
161 0.958858232798104
162 1.019372934483801
163 1.024635196511116
164 1.010268742981776
165 0.978733248872910
166 0.943027567398667
167 1.000460500046804
168 1.025611109592259
169 1.019997526967408
170 0.958180630724032
171 0.904915292136627
172 1.029149384074649
173 0.998477685444808
174 0.933596016747110
175 0.975705159736775
176 0.981466440395463
177 0.984421299160291
178 0.921383518332547
179 1.013827913818924
180 0.998932283705573
181 0.966036992279570
182 0.976597004101735
183 0.970252586942301
184 1.031503529253343
185 1.009758619973523
186 0.922998508785522
187 0.923236170781539
188 0.963755758191516
189 0.984171706421953
190 0.958817100439728
191 0.939237584931238
192 0.949587011501669
193 1.049452842634995
194 0.956244595815972
195 0.927873848482902
196 0.960078471729770
197 1.039985729506082
198 0.975975879868172
199 0.971522941128683
200 0.946473802160344
201 0.982549751151043
202 1.037104908562688
203 0.967540157264634
204 1.028850620770408
205 0.988946083151118
206 0.978730267670696
207 1.301840401971538
208 0.964003870825227
209 0.956606009637501
210 0.991186545674479
211 0.973325400382439
212 1.114802743986208
213 1.008990435613775
214 0.963209873900086
215 1.032277645846604
216 0.963472258593254
217 1.016914869983628
218 1.138620691306351
219 0.994869292587320
220 0.984165663294174
221 1.017285066322331
222 0.989838251001241
223 1.115866701482302
224 0.999175077687750
225 0.999358011893553
226 0.991805156956283
227 1.004084157183212
228 0.942235320622392
229 1.017550694986364
230 0.981278567361366
231 0.979134596473216
232 1.010271702512948
233 1.003035004584187
234 0.949037459373211
235 1.070337848291378
236 0.996547855047795
237 0.970301663710035
238 1.066918355060620
239 1.025084838716551
240 0.980228835918321
241 0.992921153067936
242 0.911391354841933
243 1.035800598022521
244 1.018073036736330
245 0.949211849060521
246 1.043922003789255
247 0.953819894650972
248 0.997660849607675
249 0.992490535884185
250 1.021434951435477
