0.22852 0.00107185
0.502981 0.00196156
0.00529095 0.00428863
0.0776731 0.00855782
0.290087 0.00745894
0.323707 0.01948
0.397894 0.0164155
0.454102 0.0200109
0.515651 0.030383
0.592772 0.0252376
0.653062 0.0123562
0.730977 0.0106055
0.874761 0.01347
0.935768 0.022577
0.0470599 0.0142799
0.0753159 0.0402193
0.134317 0.0305359
0.203732 0.0198859
0.298315 0.0374699
0.354809 0.0204889
0.424779 0.000746436
0.543961 0.0432971
0.682139 0.0235132
0.759023 0.023973
0.852287 0.0349695
0.905856 0.0140579
0.967337 0.0173941
0.0446248 0.0453637
0.103417 0.026849
0.164502 0.0229708
0.186007 0.0454635
0.257295 0.0557021
0.321959 0.057702
0.425328 0.0318593
0.484702 0.0271441
0.534282 0.00439525
0.562446 0.0182654
0.622029 0.0146403
0.711177 0.0346716
0.743258 0.0509299
0.792672 0.0223143
0.829879 0.0134027
0.892871 0.0423189
0.998789 0.023248
0.0158387 0.0335696
0.129444 0.0695405
0.178817 0.0757404
0.234221 0.0316638
0.26472 0.0254823
0.344644 0.0886573
0.405603 0.0559269
0.463304 0.0497365
0.493569 0.0569714
0.553277 0.0729869
0.614163 0.0484309
0.683717 0.0607962
0.764066 0.074088
0.817084 0.0421112
0.919478 0.0584238
0.98058 0.0484619
0.0101852 0.0732193
0.0718967 0.0718521
0.155822 0.0530289
0.238522 0.0805205
0.28656 0.0662826
0.378456 0.0407158
0.374797 0.080968
0.435653 0.0640092
0.500947 0.0908948
0.575246 0.0509491
0.652159 0.0737003
0.71444 0.0655958
0.8106 0.0728656
0.871391 0.0648111
0.949543 0.0504615
0.98539 0.079189
0.0411037 0.0763131
0.100197 0.0589098
0.124123 0.105412
0.215185 0.0562812
0.284414 0.103904
0.353061 0.0586992
0.438498 0.0949966
0.522494 0.0684449
0.590383 0.0781359
0.645229 0.0429196
0.677931 0.0914081
0.735902 0.088253
0.786791 0.0528545
0.840311 0.0636723
0.89184 0.0882453
0.953774 0.0819109
0.0303859 0.108825
0.0932869 0.101215
0.151802 0.0911868
0.207995 0.0865579
0.253551 0.107769
0.310204 0.0865146
0.405316 0.0870434
0.469904 0.0930417
0.543491 0.102525
0.574532 0.104913
0.621484 0.0791209
0.707511 0.101159
0.761352 0.106236
0.791048 0.0970528
0.838513 0.0947214
0.922922 0.0893338
0.00954704 0.132146
0.0605029 0.100828
0.0939194 0.132398
0.161039 0.120858
0.191825 0.115711
0.325776 0.113403
0.383887 0.11566
0.415807 0.116291
0.516457 0.117871
0.583683 0.134732
0.636966 0.106332
0.674733 0.123956
0.733135 0.119373
0.815752 0.115953
0.867062 0.107043
0.906546 0.118377
0.973888 0.108085
0.993797 0.131968
0.0626194 0.131972
0.133431 0.135107
0.222954 0.113855
0.299926 0.130865
0.35449 0.125768
0.399415 0.142785
0.44575 0.125257
0.501387 0.145126
0.605793 0.106088
0.646023 0.136245
0.704694 0.132198
0.819709 0.146785
0.876883 0.136659
0.942772 0.113382
0.963048 0.13731
0.0204058 0.17519
0.112023 0.157669
0.180964 0.146037
0.238356 0.141002
0.272174 0.145936
0.328856 0.144441
0.370542 0.154535
0.45822 0.153779
0.484026 0.171165
0.561508 0.156673
0.614764 0.135875
0.724149 0.156593
0.7847 0.16257
0.846356 0.130372
0.932434 0.142676
0.97999 0.163427
0.0361232 0.148268
0.0785761 0.159444
0.176481 0.176913
0.210588 0.155595
0.251042 0.169395
0.318582 0.188803
0.400168 0.173951
0.476818 0.125876
0.532772 0.144826
0.545965 0.183744
0.630252 0.163011
0.693392 0.161473
0.755167 0.152035
0.787676 0.13125
0.856259 0.15994
0.903095 0.153353
0.0517145 0.175138
0.096759 0.184725
0.14914 0.161979
0.206124 0.18635
0.302989 0.161827
0.371657 0.186613
0.427249 0.156925
0.517166 0.172031
0.577114 0.183663
0.646243 0.189837
0.662293 0.162908
0.743316 0.181206
0.792969 0.19253
0.849444 0.190364
0.91138 0.183396
0.967257 0.191928
0.0698822 0.200369
0.127981 0.184756
0.212355 0.217188
0.279371 0.182143
0.344382 0.171464
0.373388 0.217731
0.458934 0.189491
0.499861 0.197935
0.608234 0.185153
0.678303 0.189623
0.712599 0.185953
0.820863 0.177987
0.880254 0.185766
0.943116 0.171878
0.032822 0.203756
0.147392 0.209044
0.180757 0.207834
0.235536 0.196447
0.263797 0.209503
0.344398 0.206216
0.401873 0.205182
0.443433 0.216626
0.486764 0.226283
0.560248 0.212178
0.624271 0.211815
0.698223 0.213576
0.764113 0.204488
0.815046 0.21448
0.936239 0.202192
0.989847 0.215876
0.0535396 0.227006
0.0966521 0.216167
0.250483 0.23762
0.28159 0.237212
0.320589 0.226546
0.380868 0.2479
0.427864 0.188101
0.52868 0.209576
0.604505 0.239451
0.667325 0.247189
0.729309 0.212507
0.845403 0.221193
0.876493 0.221269
0.959534 0.222783
0.970008 0.252056
0.0239389 0.236718
0.0803943 0.24266
0.160261 0.237339
0.191231 0.239991
0.307343 0.254665
0.349591 0.237727
0.409309 0.235362
0.487682 0.257351
0.575699 0.251126
0.662452 0.21643
0.698303 0.244655
0.769353 0.252354
0.813429 0.245529
0.848867 0.25209
0.906756 0.21414
0.930581 0.234115
0.0486104 0.257685
0.106069 0.260475
0.137247 0.258374
0.221234 0.248218
0.264089 0.265887
0.294876 0.209082
0.432254 0.256329
0.460228 0.24278
0.515638 0.237789
0.591388 0.211273
0.637052 0.240147
0.689276 0.274545
0.740055 0.241679
0.786284 0.22628
0.879957 0.252166
0.910258 0.25913
0.0190884 0.26747
0.124469 0.230038
0.166897 0.267706
0.234603 0.276598
0.29139 0.281342
0.35069 0.26879
0.411283 0.279271
0.466428 0.280031
0.497115 0.286967
0.546632 0.240118
0.620212 0.266272
0.72061 0.266281
0.794798 0.270418
0.806921 0.299485
0.941056 0.263388
0.998459 0.264594
0.0237573 0.298183
0.0755115 0.273358
0.123636 0.286319
0.199087 0.270066
0.266673 0.300188
0.322469 0.281819
0.380202 0.278976
0.438658 0.293992
0.521915 0.26823
0.591274 0.278335
0.658232 0.277194
0.711941 0.296192
0.826536 0.273722
0.864015 0.279241
0.937917 0.294319
0.966869 0.282988
0.0548987 0.29686
0.0947423 0.297779
0.150624 0.301742
0.238834 0.314016
0.325541 0.312749
0.356677 0.299291
0.417014 0.323145
0.508783 0.315776
0.552755 0.272093
0.623828 0.297143
0.682114 0.304886
0.741379 0.306618
0.749946 0.276692
0.868441 0.310015
0.894391 0.285866
0.960194 0.316318
0.031036 0.329356
0.125008 0.31935
0.181049 0.295381
0.211991 0.298344
0.264729 0.33121
0.316085 0.342359
0.389532 0.308625
0.475863 0.309647
0.53399 0.296871
0.567904 0.299234
0.596372 0.311711
0.704637 0.326483
0.772419 0.308003
0.795902 0.328989
0.838269 0.302513
0.911998 0.311491
0.989224 0.304595
0.0640114 0.32658
0.0954133 0.328855
0.151273 0.335974
0.180866 0.326464
0.293762 0.317457
0.351444 0.32993
0.448093 0.323608
0.537463 0.327758
0.571332 0.330126
0.651643 0.311014
0.682823 0.348729
0.765186 0.338333
0.810056 0.357123
0.858511 0.339477
0.889469 0.332916
0.959785 0.347623
0.0231675 0.370432
0.0810076 0.3564
0.118443 0.349733
0.211876 0.329674
0.286885 0.353012
0.360938 0.359527
0.384542 0.339304
0.474068 0.340677
0.504586 0.346573
0.62274 0.328249
0.651538 0.342095
0.734142 0.336957
0.828339 0.331976
0.879539 0.362378
0.93087 0.336199
0.988489 0.335677
0.00431277 0.345611
0.131365 0.378003
0.187116 0.385282
0.222813 0.365215
0.253488 0.36019
0.306752 0.391874
0.399426 0.366591
0.455384 0.365516
0.485902 0.371412
0.552582 0.354914
0.625564 0.359245
0.712255 0.359112
0.751349 0.377272
0.840824 0.36626
0.910514 0.359699
0.0499414 0.354452
0.100398 0.380694
0.163911 0.364373
0.193504 0.354862
0.2471 0.39061
0.329308 0.370488
0.427145 0.35253
0.455106 0.396597
0.548809 0.385766
0.596244 0.34879
0.661652 0.371485
0.691756 0.382517
0.780135 0.365568
0.80581 0.387922
0.863477 0.388998
0.939429 0.371123
0.97311 0.376963
0.0497992 0.386739
0.0772106 0.401396
0.157524 0.394793
0.216425 0.395635
0.297126 0.421429
0.367886 0.417411
0.42366 0.388285
0.520298 0.373391
0.577463 0.373613
0.649682 0.400169
0.678826 0.410972
0.722436 0.388751
0.775865 0.396479
0.894562 0.389598
0.88389 0.4188
0.950687 0.400104
0.0385159 0.415857
0.0955727 0.426476
0.145537 0.423949
0.206193 0.428108
0.277111 0.382518
0.353699 0.389755
0.412452 0.418819
0.473739 0.421474
0.529574 0.411805
0.560534 0.414552
0.606781 0.384064
0.680583 0.441988
0.740482 0.414528
0.798291 0.41809
0.834427 0.400076
0.920359 0.406951
0.979613 0.411502
0.00757939 0.411942
0.119623 0.406784
0.176309 0.419558
0.236114 0.419687
0.266789 0.414662
0.331156 0.411417
0.390854 0.396468
0.442878 0.425173
0.501614 0.39823
0.541971 0.440898
0.591033 0.420539
0.713124 0.447938
0.768704 0.42764
0.82415 0.43535
0.908282 0.438078
0.0105921 0.449485
0.0729285 0.44777
0.15172 0.45604
0.228447 0.44981
0.290018 0.451688
0.321408 0.441123
0.396028 0.445207
0.45972 0.451296
0.503837 0.429232
0.620867 0.411819
0.649509 0.440967
0.709464 0.417005
0.848996 0.45551
0.879615 0.450112
0.923555 0.465159
0.968652 0.440596
0.0416052 0.446818
0.0874604 0.475269
0.183805 0.449857
0.207019 0.472564
0.310056 0.475449
0.365107 0.448368
0.42866 0.45283
0.515418 0.458075
0.568988 0.477932
0.629952 0.468386
0.692162 0.471058
0.744173 0.446875
0.798178 0.452441
0.85337 0.424729
0.894888 0.477192
0.938773 0.432002
0.0225005 0.47827
0.121487 0.443642
0.14657 0.488309
0.198487 0.502631
0.259158 0.444825
0.339795 0.466409
0.406373 0.474517
0.485953 0.467967
0.537946 0.479489
0.573081 0.446574
0.613502 0.442015
0.660958 0.47055
0.769643 0.464785
0.793947 0.48436
0.85418 0.486945
0.918675 0.497461
0.0563923 0.474279
0.118537 0.474585
0.176726 0.480256
0.238116 0.479351
0.268803 0.474406
0.337864 0.497431
0.374772 0.478751
0.454644 0.48196
0.508481 0.48938
0.587173 0.503152
0.598889 0.469447
0.722482 0.478107
0.751288 0.489948
0.822511 0.471794
0.951147 0.479488
0.98053 0.469328
0.000817698 0.500667
0.0736662 0.503124
0.119856 0.505641
0.229027 0.509076
0.288843 0.498167
0.366491 0.50954
0.397194 0.504213
0.427579 0.497242
0.516138 0.519575
0.617639 0.496947
0.662224 0.502988
0.728604 0.511382
0.826451 0.502633
0.880573 0.504791
0.947159 0.510322
0.996697 0.496017
0.0425406 0.502143
0.0957038 0.525345
0.177417 0.536211
0.23335 0.550813
0.285172 0.529192
0.34253 0.529321
0.386722 0.53352
0.452433 0.516048
0.479502 0.500618
0.555743 0.506049
0.606083 0.527845
0.699148 0.501421
0.77547 0.509508
0.848772 0.524242
0.934705 0.540239
0.995545 0.52711
0.0268053 0.52899
0.1251 0.536368
0.151177 0.519179
0.208265 0.532273
0.254142 0.527587
0.313822 0.517132
0.417958 0.527576
0.487087 0.530816
0.543503 0.534658
0.574489 0.531539
0.637143 0.521331
0.699949 0.53248
0.752796 0.530955
0.803354 0.523449
0.848338 0.555511
0.906732 0.557587
0.0395333 0.55738
0.101406 0.556481
0.15137 0.553309
0.205036 0.563753
0.317648 0.548122
0.362498 0.553134
0.430381 0.556052
0.518592 0.553279
0.576163 0.562687
0.643409 0.55192
0.674447 0.550401
0.749771 0.562013
0.780294 0.546871
0.877414 0.536323
0.906876 0.5264
0.965544 0.535459
0.0703274 0.561764
0.1275 0.573385
0.253993 0.574208
0.281772 0.560189
0.368162 0.583722
0.392377 0.564165
0.459969 0.546303
0.488601 0.562038
0.607137 0.558962
0.661249 0.578592
0.722847 0.588057
0.810676 0.55365
0.877142 0.56739
0.952537 0.565953
0.983491 0.561013
0.0323294 0.609581
0.0889045 0.587086
0.175353 0.573256
0.225716 0.587115
0.27983 0.591551
0.337076 0.587249
0.425009 0.586665
0.452873 0.600494
0.513121 0.584005
0.543378 0.57628
0.606594 0.600445
0.718987 0.557073
0.776367 0.578106
0.828395 0.57934
0.925871 0.582088
0.978372 0.59171
0.00037347 0.605886
0.0194138 0.581244
0.116126 0.602325
0.165122 0.602758
0.196053 0.596621
0.251108 0.605246
0.307564 0.577511
0.395952 0.597829
0.48316 0.592688
0.544247 0.611197
0.569602 0.593122
0.630072 0.580101
0.692285 0.581961
0.752497 0.598201
0.801892 0.595901
0.857131 0.59116
0.896413 0.591962
0.0435307 0.638662
0.0970174 0.627016
0.140437 0.621711
0.21924 0.618236
0.308899 0.608617
0.36936 0.614927
0.416715 0.620943
0.513307 0.615185
0.583211 0.621069
0.64003 0.610227
0.673813 0.607022
0.728819 0.618599
0.788232 0.623861
0.87313 0.617898
0.907874 0.620861
0.966996 0.620786
0.0670241 0.618242
0.0950392 0.658033
0.161233 0.644809
0.185998 0.62603
0.248389 0.636207
0.329601 0.648087
0.390849 0.638173
0.470675 0.62597
0.528415 0.644391
0.58853 0.652068
0.642996 0.641164
0.676979 0.63796
0.746257 0.644655
0.815752 0.638445
0.847604 0.63572
0.879435 0.648385
0.0136662 0.648271
0.124776 0.648668
0.222495 0.653395
0.251184 0.673756
0.28109 0.622693
0.338463 0.618297
0.41828 0.652783
0.443448 0.680056
0.497378 0.641871
0.559381 0.641113
0.613735 0.630692
0.707784 0.642164
0.780193 0.655234
0.829412 0.610456
0.937422 0.611013
0.955952 0.649893
0.00439403 0.679447
0.0578255 0.692426
0.116044 0.680941
0.22201 0.684471
0.274447 0.653146
0.354786 0.675536
0.385109 0.668718
0.449031 0.648274
0.50327 0.672387
0.598061 0.685096
0.662298 0.665522
0.723151 0.669348
0.833968 0.663707
0.901278 0.670569
0.924966 0.646882
0.992135 0.66999
0.0641995 0.66189
0.0887259 0.695762
0.145734 0.671749
0.191581 0.656604
0.303313 0.664667
0.360526 0.644991
0.430829 0.708458
0.534942 0.674839
0.566057 0.673622
0.638251 0.68521
0.692198 0.674616
0.754103 0.674872
0.804729 0.674397
0.863038 0.674849
0.884881 0.697033
0.962751 0.680274
0.034586 0.671518
0.109225 0.719123
0.174797 0.682763
0.197673 0.703802
0.260938 0.703266
0.325629 0.686299
0.412541 0.683328
0.472402 0.66876
0.516983 0.700277
0.573318 0.703903
0.618223 0.661445
0.668013 0.696264
0.756265 0.7166
0.807452 0.705409
0.859915 0.715765
0.931677 0.677282
0.0231319 0.70483
0.136869 0.704022
0.166699 0.712776
0.226602 0.715237
0.290583 0.693252
0.3591 0.706315
0.390146 0.704878
0.460849 0.716504
0.485973 0.698209
0.544315 0.715072
0.633055 0.715852
0.697732 0.705335
0.778266 0.694574
0.836802 0.69479
0.944632 0.70559
0.993253 0.701102
0.00291784 0.728664
0.0750885 0.723692
0.135888 0.735093
0.195444 0.734802
0.284194 0.723884
0.329943 0.717078
0.375868 0.732483
0.442152 0.769384
0.495725 0.727718
0.601976 0.715928
0.672329 0.727187
0.730005 0.699729
0.826212 0.730255
0.889024 0.727888
0.913674 0.708873
0.970718 0.722582
0.0211464 0.753969
0.130869 0.772009
0.16571 0.743848
0.224162 0.746687
0.252096 0.733061
0.340767 0.746212
0.39845 0.759814
0.438871 0.738479
0.501908 0.762858
0.559112 0.742402
0.613846 0.764714
0.700605 0.75449
0.785064 0.72868
0.825782 0.761384
0.916404 0.745125
0.988061 0.748436
0.0497173 0.741695
0.108726 0.750199
0.160983 0.779694
0.188411 0.765076
0.275352 0.753679
0.310124 0.741018
0.408416 0.730212
0.470601 0.746014
0.524635 0.739126
0.59011 0.744652
0.643951 0.744958
0.718304 0.728632
0.762464 0.750283
0.794806 0.758248
0.852955 0.746191
0.907121 0.776118
0.995747 0.786489
0.0470964 0.772757
0.0779671 0.754653
0.162946 0.815374
0.217129 0.77696
0.312994 0.771965
0.367319 0.762364
0.415767 0.785809
0.537255 0.767528
0.567983 0.772189
0.642797 0.776015
0.670271 0.761486
0.731918 0.756736
0.773636 0.781073
0.850376 0.780471
0.8817 0.758146
0.948736 0.746322
0.0113254 0.783443
0.0754078 0.785628
0.106065 0.790737
0.250938 0.777068
0.284131 0.783493
0.342649 0.781266
0.384771 0.788081
0.472272 0.777048
0.517692 0.791677
0.587471 0.796398
0.668205 0.793971
0.742891 0.785961
0.807578 0.786639
0.879714 0.790885
0.937968 0.780313
0.968046 0.772281
0.0364076 0.802066
0.133585 0.805179
0.187357 0.796138
0.241887 0.825979
0.26888 0.810573
0.319865 0.80899
0.405226 0.815046
0.448606 0.799786
0.488876 0.803319
0.55537 0.800593
0.618535 0.795437
0.698184 0.785509
0.765955 0.811242
0.832171 0.805725
0.920676 0.806199
0.0182645 0.827497
0.0770027 0.816704
0.13033 0.836088
0.216511 0.808034
0.291891 0.831464
0.3601 0.806983
0.380818 0.834285
0.465954 0.825573
0.495985 0.833575
0.59292 0.826996
0.661475 0.827807
0.720372 0.807542
0.803345 0.817481
0.892435 0.819299
0.951741 0.808232
0.980259 0.820717
0.0491966 0.830775
0.099331 0.838323
0.1597 0.846298
0.219185 0.847205
0.319929 0.844873
0.349804 0.836308
0.434948 0.827704
0.530933 0.819795
0.55978 0.831358
0.630622 0.824069
0.690334 0.81602
0.741468 0.830394
0.780586 0.838721
0.861448 0.81631
0.926197 0.836871
0.957018 0.84148
0.0362366 0.85905
0.105028 0.868877
0.165375 0.876871
0.190012 0.857924
0.269836 0.877554
0.299506 0.868301
0.409683 0.845804
0.481316 0.861169
0.522542 0.84972
0.57977 0.855155
0.61368 0.850124
0.682472 0.850853
0.750767 0.860076
0.810881 0.863722
0.856902 0.847107
0.891156 0.850404
0.00475856 0.855538
0.136027 0.866641
0.19181 0.826897
0.23952 0.870709
0.264898 0.846869
0.336091 0.87142
0.425234 0.872712
0.450749 0.854666
0.482659 0.895077
0.550038 0.864206
0.652099 0.857437
0.711416 0.839143
0.780357 0.869852
0.827353 0.837303
0.948392 0.871426
0.978862 0.865048
0.0162335 0.884523
0.0779333 0.884102
0.119196 0.896539
0.24875 0.900386
0.283152 0.905779
0.365967 0.862854
0.394294 0.875641
0.452475 0.887674
0.508114 0.877247
0.628372 0.87751
0.681452 0.881976
0.720969 0.868874
0.840432 0.873524
0.871544 0.874579
0.917603 0.866826
0.969166 0.896635
0.0471861 0.888544
0.0714579 0.853185
0.18571 0.900374
0.210347 0.881428
0.315669 0.894847
0.369127 0.893876
0.428421 0.907355
0.556985 0.894498
0.596184 0.881546
0.653551 0.895918
0.687882 0.912531
0.754455 0.891007
0.822393 0.898894
0.85452 0.901284
0.89799 0.891001
0.936704 0.900279
0.0279403 0.913302
0.0791816 0.916575
0.149469 0.903572
0.218235 0.913825
0.279054 0.936717
0.342686 0.91021
0.397345 0.9069
0.490281 0.925207
0.543018 0.922261
0.583873 0.910082
0.615576 0.905832
0.716366 0.899739
0.773398 0.924501
0.791263 0.899008
0.817489 0.929635
0.911769 0.918916
0.0515604 0.933695
0.0894407 0.949422
0.142532 0.933867
0.1732 0.928825
0.307805 0.924915
0.377304 0.951761
0.43578 0.93755
0.515736 0.907377
0.565806 0.943393
0.62733 0.934602
0.659042 0.926621
0.742684 0.919803
0.794297 0.9504
0.874669 0.948761
0.90579 0.949466
0.978853 0.927931
0.000953399 0.97458
0.0615543 0.963144
0.110193 0.926286
0.221508 0.947007
0.291214 0.965545
0.348225 0.940791
0.350085 0.971815
0.459982 0.917919
0.517744 0.940509
0.596494 0.938483
0.685082 0.943607
0.713504 0.930723
0.823876 0.960101
0.880647 0.918211
0.947757 0.92938
0.021943 0.943852
0.120367 0.955654
0.178087 0.982274
0.232838 0.975948
0.260391 0.961569
0.319886 0.95355
0.404704 0.937095
0.459792 0.957281
0.490854 0.95628
0.540654 0.961648
0.614534 0.963789
0.711182 0.961897
0.763372 0.953956
0.848542 0.931836
0.935703 0.958081
0.968664 0.957346
0.0321034 0.973266
0.0873808 0.980433
0.153857 0.96281
0.191254 0.954122
0.248422 0.931464
0.321673 0.984578
0.403412 0.96862
0.468721 0.987071
0.544717 0.99246
0.576173 0.973273
0.601617 0.992056
0.673762 0.972565
0.739791 0.974322
0.7819 0.978969
0.852995 0.971105
0.923309 0.994619
0.0555637 0.994
0.149116 0.993526
0.207112 0.993387
0.375266 0.990031
0.433927 0.974513
0.513782 0.977261
0.645381 0.959901
0.698883 0.990982
0.75866 0.999677
0.811482 0.988655
0.870336 0.996956
0.952772 0.984113
0.118797 0.986693
0.272711 0.990516
0.404813 0.999668
0.896091 0.979204
0.98426 0.984286
0.633324 0.988545
