0 4096.000000000000000
1 0.001003473579312
2 0.003424530845085
3 0.007246380247474
4 0.010150549840347
5 0.023591609250003
6 0.032027684898477
7 0.052378308215213
8 0.051204528330587
9 0.055676371930798
10 0.065435373715100
11 0.070723499398491
12 0.130155212236786
13 0.152653998921972
14 0.132584314529373
15 0.178086626670091
16 0.186412661887704
17 0.190585897744717
18 0.286151731563672
19 0.276515541382234
20 0.264994162088316
21 0.289422886984610
22 0.367996930751353
23 0.407221538573147
24 0.419471882038557
25 0.420693810150014
26 0.371973838282588
27 0.501491140509773
28 0.490150224426133
29 0.497753176648778
30 0.511062005895970
31 0.696457607165421
32 0.649535781008211
33 0.583865330766905
34 0.662634243366753
35 0.664387382638864
36 0.621633506237247
37 0.668116852081774
38 0.607237171624567
39 0.694921124066484
40 0.716250376167708
41 0.808115308395568
42 0.910502950231369
43 0.858152113782886
44 0.846833811291680
45 0.923099422897677
46 0.878875382157561
47 0.867853861413869
48 0.951403307887591
49 0.869394806773016
50 0.844917969927814
51 0.921627481174513
52 1.011653005555590
53 0.975204236515079
54 0.897196875795279
55 1.017513310902737
56 1.038484427321156
57 0.990946471178060
58 0.964727440728988
59 0.911171864840151
60 0.940281545816500
61 1.048888339956760
62 0.968467638654683
63 1.027373794119179
64 1.011450299107565
65 0.994992371239909
66 0.981875418800567
67 1.015332015021343
68 0.940625842635017
69 1.092384121005928
70 0.950571847353338
71 1.054851421329846
72 0.995527436753875
73 0.937827439077143
74 0.980295628387363
75 1.002565118394680
76 0.993906053995947
77 0.996458861423881
78 1.036316146297897
79 1.034829916206667
80 0.984504783923373
81 0.953587088810523
82 0.961371514119979
83 0.888190938939477
84 1.088618337208108
85 1.089017029518207
86 1.047966200872463
87 0.905323886927269
88 0.971083795945285
89 0.942105426128130
90 0.925159940686882
91 1.021435446368671
92 0.921837404065733
93 0.920205652324245
94 0.975371971608470
95 0.976586015154799
96 1.063857006614796
97 1.023155503521506
98 1.035764765899337
99 1.087773505660368
100 0.970948240678055
101 0.993516055828602
102 0.906916733135059
103 0.971748415192203
104 0.979693860235788
105 0.964349012372944
106 1.023924285357059
107 1.047475386629783
108 1.034169346050509
109 0.887063237081773
110 0.979365226420745
111 0.962160160082111
112 1.046986124909051
113 1.040612061034792
114 0.942276948131082
115 0.990681273215686
116 1.018096376426591
117 0.922651519991518
118 1.007170480599752
119 1.011773591817788
120 1.011432817049049
121 0.972372101154581
122 1.010290791036994
123 0.946696704424412
124 1.016133473783991
125 1.034522398408082
126 1.007482827514113
127 1.032936927431524
128 0.962588061812852
129 0.961047998412614
130 1.045513008610147
131 0.955243290464715
132 0.971873372719156
133 1.002143787429199
134 0.971489277253457
135 0.921832334016052
136 1.021338670870763
137 1.044408150643162
138 0.993917440512861
139 0.991063296689025
140 1.048019404839807
141 0.976435226785547
142 1.025073529424265
143 0.999272399220646
144 0.999297609007323
145 1.006287039430326
146 1.021184485265507
147 1.013129065668918
148 1.030879372647370
149 1.006753469076967
150 0.965492804325092
151 0.997506567796641
152 1.003101202305386
153 0.979773570558294
154 0.963818772374423
155 0.926024086322168
156 0.971879697358298
157 1.012746867858626
158 0.981327704001698
159 1.024132695636858
160 1.029734454227193
161 1.058781318876826
162 0.983374425745203
163 0.973696333247231
164 1.004784913245733
165 0.975898325233621
166 1.006917470002038
167 1.010982816601683
168 1.015434020620990
169 0.958925226087284
170 0.951870629461851
171 0.958791440950304
172 0.998071947949916
173 0.961391210991610
174 1.051092428804550
175 0.969018075468600
176 0.976046573614712
177 0.994735005738970
178 1.009637232733181
179 1.004276649416418
180 1.015156391994404
181 1.030346590990925
182 1.015265273505711
183 1.001876413819042
184 0.998138680784836
185 0.927248144429916
186 1.031539627195480
187 0.993622137655315
188 0.995148190273155
189 1.016163386194759
190 1.026668675198638
191 1.023250276712034
192 1.004757857704087
193 1.012078533119793
194 0.996131757486136
195 1.001310053587430
196 0.996885236841252
197 1.021437803335967
198 1.031316020177529
199 1.022336489678479
200 1.046197527994815
201 0.994521554540164
202 0.984146507639282
203 0.973250230985150
204 0.984865348382741
205 0.970126915102000
206 0.996888809073706
207 1.037605189778678
208 0.941153149514884
209 0.929899919601420
210 0.967964407889864
211 0.999637008417430
212 1.072433179411712
213 1.005838377511574
214 1.050367448775196
215 1.059378943773878
216 1.004888906565352
217 1.010027504785072
218 1.020618223237020
219 0.974640373656670
220 0.998289694902497
221 0.980068178304015
222 0.998202015609005
223 0.986696201457333
224 0.982054362033078
225 0.932444383085519
226 0.997563238455345
227 0.970425842977628
228 1.025597722919011
229 0.964573386506097
230 0.996595256287035
231 1.016657254653534
232 0.927957649445464
233 0.940848231399002
234 0.982533198762615
235 1.026059015798169
236 1.032431361948448
237 1.025394392932534
238 0.970488756705133
239 1.028184935586701
240 0.979170473155668
241 0.993967715616752
242 0.993552111811567
243 0.992324565132098
244 1.021531640544040
245 0.983902542399772
246 0.983014109476242
247 1.019446397661788
248 1.045529000509538
249 1.000102866479155
250 0.999762366666105
