0 4096.000000000000000
1 0.001186593759696
2 0.000874769339645
3 0.006707984932645
4 0.012499278654438
5 0.023575600574973
6 0.029992106741650
7 0.026280738891857
8 0.041001083643634
9 0.069811772572571
10 0.084610287182444
11 0.088872081957041
12 0.131692715567858
13 0.139552209844011
14 0.161403136845291
15 0.198673297480791
16 0.197456717699228
17 0.238213082426896
18 0.254518476514638
19 0.264046153353170
20 0.306156881019936
21 0.338534984437389
22 0.343600796630790
23 0.351871828836942
24 0.344056793087965
25 0.463824049179057
26 0.390012408965266
27 0.408917094276554
28 0.432353119945173
29 0.484997606780641
30 0.502037595364425
31 0.565722542405243
32 0.492601539228193
33 0.653181321907143
34 0.782831401494120
35 0.622469979983524
36 0.794690398113359
37 0.757900683700701
38 0.734559931393554
39 0.698490120126383
40 0.859629128533792
41 0.771274228683785
42 0.870641678406873
43 0.940896820079800
44 0.750353265737796
45 0.968760156517902
46 0.962030805412225
47 0.889134919802991
48 0.925508939132201
49 0.758685213417747
50 0.906701520375892
51 1.000792474070752
52 0.995461618447016
53 0.869645611414012
54 0.818750967665887
55 0.926469119330613
56 0.874556551904426
57 0.971682087024682
58 1.047290192296400
59 0.992762310065038
60 1.035045314690418
61 1.137350786880950
62 0.842038323044608
63 0.989497172155943
64 1.055018551236015
65 0.928003816855642
66 0.982499765349814
67 0.991819004227124
68 1.042536266911390
69 0.958172870429800
70 0.941437009207946
71 0.952759089027580
72 1.034872849240403
73 0.980813502054150
74 1.067383249872824
75 1.135895643173250
76 1.026186430647633
77 0.855360626018859
78 1.085403424942169
79 0.976610989022022
80 0.936106608598957
81 0.972590378762637
82 0.956049853447304
83 0.988387512059049
84 1.060072813818852
85 0.926316026225917
86 0.899462824224306
87 1.122090788649925
88 1.014987298221724
89 1.008065153940982
90 0.962493210838327
91 0.964360026365555
92 0.987202768007641
93 0.944893611076191
94 0.939189992648409
95 0.903590640611521
96 0.993487395732588
97 1.003153342429706
98 0.985029029064032
99 0.941466803526610
100 0.945302565436396
101 0.994632980482601
102 0.969003537738558
103 0.982382725392319
104 0.991586652221918
105 1.011375446745733
106 0.959451461326279
107 1.001768252779345
108 1.037548573414197
109 0.988644917289706
110 1.027593506154859
111 0.975267147142582
112 0.969997186730680
113 1.025692809861841
114 0.949605589903958
115 0.967478934892988
116 0.958851085648617
117 1.072790785827671
118 1.010625064144830
119 1.019872388944247
120 1.011401726519290
121 1.025175218271942
122 1.159499392991979
123 0.996107333439188
124 0.973613615861652
125 1.105039569379943
126 0.929449075605229
127 1.032724914952762
128 1.018931239885736
129 1.068738034331311
130 1.033792990692002
131 0.985885984685407
132 0.946558834771247
133 0.960346434955166
134 0.980982421966264
135 0.933693751060750
136 1.064321485388118
137 0.934955105038488
138 1.066877198818076
139 0.970414642812217
140 1.060395506720475
141 0.920258383303256
142 1.104403858294894
143 0.988477573242680
144 0.942462081463081
145 0.940535318354530
146 1.019565747912727
147 0.980270295885915
148 0.973134662923773
149 0.983760298238940
150 0.953726857073591
151 0.994725604863741
152 0.928908598169259
153 1.024520889557153
154 0.944725482461495
155 0.923379084824704
156 0.991044899036643
157 0.901619499737010
158 0.999376270847253
159 0.951634325063336
160 1.051004370103040
161 1.005551432954358
162 0.960348928035575
163 1.103958069456859
164 0.985173709857797
165 1.065153206623398
166 1.014152434444893
167 0.956335483299832
168 0.943704188209387
169 1.031868079161208
170 1.080882224469232
171 1.018836938722369
172 0.974989473081270
173 0.946974466013318
174 0.965861996307990
175 0.893207875276454
176 1.068955280049962
177 0.974408719742058
178 0.956350427917373
179 0.993338955262859
180 0.991095690801185
181 1.028564877050259
182 1.008759266588347
183 1.016708995959393
184 0.994558208738718
185 0.956769662261301
186 1.073328111213739
187 0.980614769207421
188 0.969450333818017
189 1.000481210056846
190 1.011751675509854
191 0.978215580092362
192 1.036823937015524
193 0.976035533402648
194 1.047361418650795
195 0.993049930798673
196 0.996867178450864
197 0.984332093308714
198 0.980621103186889
199 1.018682955317952
200 1.038479215485983
201 0.995506129043158
202 0.927481268578470
203 1.034130782351703
204 1.002099875056281
205 0.983485625303026
206 0.904497311804937
207 1.055139078981425
208 0.979631104063871
209 1.000972261523001
210 0.974027858497308
211 1.027791192708438
212 0.982295991932868
213 1.031416405336939
214 1.053835405248390
215 0.961667165593597
216 0.976268405145747
217 0.927136453726741
218 1.058063332817428
219 1.018463774241015
220 0.985575019238223
221 1.007813931921888
222 1.043427158592495
223 1.038312257602724
224 1.007675805734182
225 1.015319267657328
226 1.013581340177726
227 1.032947387693731
228 0.993920375357608
229 1.000788362704092
230 1.014197919898169
231 0.993362358419406
232 0.959830463079992
233 1.010055214095418
234 0.994864761795095
235 0.989017824005494
236 1.017594146807926
237 0.961906919152842
238 1.030497943713201
239 1.075624516066190
240 0.973827906687086
241 0.998946905407368
242 0.935788855544287
243 0.990479645104539
244 1.004930227359594
245 0.978094213357234
246 0.956451797093219
247 0.998412398995581
248 0.953293408445872
249 1.056135643263855
250 1.027580533415055
