0 4096.000000000000000
1 0.000944646033496
2 0.003754699489110
3 0.006982368830029
4 0.010983180612079
5 0.023444321032086
6 0.028852684612026
7 0.053198513240172
8 0.050855722682893
9 0.056614052171108
10 0.071433977584895
11 0.081800396529616
12 0.123619866255512
13 0.146780331138468
14 0.145933212681822
15 0.169946408565868
16 0.200928046039217
17 0.195181951151490
18 0.271756264093109
19 0.278340318085389
20 0.288953853693167
21 0.293574228104568
22 0.350918596142474
23 0.386374020473272
24 0.427479347486987
25 0.436684857791096
26 0.387301131511147
27 0.460840657965752
28 0.478475617518753
29 0.506991999497293
30 0.521933157110479
31 0.674546650329159
32 0.595298165905871
33 0.607775792877725
34 0.692182841937401
35 0.662903429644753
36 0.667487861854546
37 0.690181362969652
38 0.661092024234299
39 0.716208880314916
40 0.754177781350029
41 0.799482727831494
42 0.853386388201296
43 0.872950342661735
44 0.818459053128731
45 0.897240176086743
46 0.887599628969695
47 0.858736947453507
48 0.947119562372135
49 0.888593657210858
50 0.888510286012709
51 0.936768274379116
52 0.949462640607513
53 1.004556100880062
54 0.934006776434310
55 1.023429060733547
56 1.042891793150212
57 0.964440455942786
58 0.986579420198150
59 0.949512882563284
60 0.913097867384343
61 1.028768728369179
62 1.004947083169226
63 0.984956001935279
64 1.002850651316142
65 0.954699166239577
66 0.995617214080920
67 1.012968790894179
68 0.950570858341828
69 1.074183403763424
70 0.973788621972914
71 1.079080751472286
72 1.021476958527788
73 0.947866749101614
74 0.989846515489006
75 0.974611049753915
76 0.996110296170554
77 0.986823001821119
78 1.001483894433022
79 1.030942973589988
80 0.954753787340604
81 0.947338673337155
82 0.967078235561642
83 0.907374595621521
84 1.059291069764923
85 1.027809693121787
86 1.048664308197779
87 0.907874466032715
88 0.954065722970071
89 0.946828217554736
90 0.946206521749149
91 0.975516341397419
92 0.936583324069899
93 0.937804137693789
94 0.982965098950912
95 0.997797401294870
96 1.061029055329272
97 0.989922921369265
98 1.036132673278696
99 1.061011484814132
100 0.955939150131944
101 0.975778612638284
102 0.944735359301112
103 0.989774276753266
104 0.973672867686618
105 0.982787364524746
106 1.030265501564778
107 1.028132752390802
108 1.035899746444276
109 0.936815365744987
110 0.962286344923889
111 0.961978602615552
112 1.041655664022889
113 1.009051756550490
114 0.950841845218625
115 0.983648671149824
116 1.004784904812746
117 0.953168713480034
118 0.981502946045679
119 1.020338380598981
120 1.013811608738069
121 0.962451779688509
122 1.006580480938485
123 0.960428322588068
124 1.049796847912282
125 1.018991583418084
126 1.007655309302752
127 1.002923757155067
128 0.965025947998352
129 0.980825334137420
130 1.030027295242633
131 0.961590975710576
132 1.000116716743431
133 0.986677583645053
134 0.983928793608252
135 0.946140701666932
136 1.028481303945357
137 1.017688193688409
138 0.996148635066626
139 1.019358527656447
140 1.020375826526805
141 1.000352641787263
142 1.029758759858279
143 0.985551270616635
144 1.012603502588757
145 0.986006133024175
146 1.002507327148395
147 0.990563922940255
148 1.036066305362857
149 1.002885960761839
150 0.969806151007569
151 0.983000655248323
152 0.982992498735593
153 0.992391329560660
154 0.974484418582558
155 0.979091641176069
156 0.985923950463439
157 1.009595859374271
158 0.996842095053049
159 1.006809940621118
160 1.020819062416352
161 1.031782297770104
162 0.968498245095511
163 1.011714345857713
164 1.012508673159418
165 0.981963385573302
166 1.007722457611062
167 1.026499617983239
168 1.004768488881731
169 0.971054698088461
170 0.989238712293833
171 0.976053619835767
172 0.992077059223336
173 0.969709152109992
174 1.052557101395359
175 0.997165746521469
176 0.983114614131451
177 1.004530553084232
178 1.004328385527914
179 1.007900232372161
180 1.022888391756250
181 1.005525313211179
182 1.011231895517660
183 0.997783502116874
184 1.002610949443060
185 0.950987935456728
186 1.005307456420873
187 1.002252684944708
188 0.993507510038279
189 1.021920635782944
190 1.005776899958799
191 1.002749462078253
192 0.993452050498173
193 1.018172694034990
194 1.001636915364681
195 0.979847255730595
196 0.994521313917209
197 1.019673389361199
198 1.027902616848871
199 1.036323957217940
200 1.052141797914081
201 0.994930215465065
202 0.982418800586532
203 0.980215094100581
204 1.020095198014724
205 0.982902862850326
206 1.006660329483722
207 1.039864623209430
208 0.953933778267554
209 0.942795816177362
210 0.976586143614729
211 1.002878187945447
212 1.040395958614321
213 1.009697011558867
214 1.019127569782349
215 1.014733405985766
216 0.989089027779526
217 0.980761240772672
218 1.040993797838606
219 0.960278349115763
220 0.983016508038736
221 0.982304241920643
222 1.008181242596264
223 0.968221171685914
224 0.975542271638809
225 0.931254695644827
226 1.023670234524389
227 0.997392381437380
228 0.997966682722891
229 0.957878701534446
230 0.990057218283177
231 0.995720312230841
232 0.953311081280587
233 0.937503495641861
234 0.984063911560460
235 1.021182418267217
236 1.009091329926615
237 1.027592337160397
238 0.991337550097499
239 1.024945413699828
240 0.981251933377617
241 0.997427919669616
242 1.006034661229726
243 0.992461320880738
244 1.021275081946490
245 0.977506028794340
246 0.973855387366921
247 1.025954502055932
248 1.026973332536528
249 0.987617719968625
250 1.015993941687298
