0 4096.000000000000000
1 0.000402880335984
2 0.005895956456653
3 0.006136177995647
4 0.017557416170400
5 0.019400518227757
6 0.035969248038199
7 0.044606347713952
8 0.066201632477391
9 0.056649715329002
10 0.069850819205320
11 0.080704850779611
12 0.126753648922170
13 0.150422653593486
14 0.160228100809569
15 0.139474110269819
16 0.214913640647567
17 0.212144326034166
18 0.268942049618382
19 0.248192093545936
20 0.260889611617247
21 0.324146575383184
22 0.320089463438986
23 0.363695277906782
24 0.374571496929633
25 0.419711032125291
26 0.404617713403149
27 0.430380961588101
28 0.510049996930133
29 0.583415120149108
30 0.580268483051106
31 0.510909696886931
32 0.594820825340487
33 0.637715344166534
34 0.711080284888007
35 0.642903638353207
36 0.697886375357594
37 0.690776210587500
38 0.734830606167418
39 0.704502669743107
40 0.632335796290395
41 0.772662374627561
42 0.635136336658423
43 0.675799064695573
44 0.832963445003037
45 0.991097968639620
46 0.902814041644168
47 0.835193740305652
48 0.972250157265070
49 0.912560843270455
50 0.865029164749893
51 1.041216803483405
52 1.084487883712651
53 0.910192821255041
54 0.882746827773072
55 1.044388496723387
56 0.990431227346491
57 0.953121131502293
58 0.981714590534378
59 1.073236677605405
60 0.907737896612474
61 0.902691585356072
62 1.057905169669983
63 1.121240403906430
64 0.972502317091248
65 0.966076694111672
66 0.913538139086660
67 0.972306276311833
68 1.043966317805342
69 0.965028282057990
70 0.923222398661777
71 1.169681660253428
72 0.931204473347551
73 0.946489262699845
74 1.080272974182403
75 0.927999549076325
76 1.193168481425227
77 0.918674909932899
78 1.037504022033447
79 0.917299230827069
80 0.934294306332646
81 1.011967936888953
82 0.887677375567086
83 0.878112289886332
84 0.984606871761902
85 0.968971761735180
86 0.995448519632480
87 0.910136906776365
88 0.982483442036989
89 1.025299824303743
90 1.039199043653497
91 0.902483422390916
92 0.990842961318621
93 1.022324950700330
94 1.121994871600771
95 0.986146302338411
96 0.941601864606803
97 0.936326036867481
98 1.039635614989502
99 0.931554138951643
100 0.969199085353655
101 1.000694069482829
102 0.906130671910565
103 1.021765188900251
104 0.928758424428810
105 0.941481557381375
106 0.969064427389241
107 0.884639778685899
108 0.994402879809827
109 1.017657735887369
110 0.979202320409022
111 1.071268183916269
112 1.026016463883762
113 1.039993896423399
114 0.961759042163812
115 1.050724514473943
116 1.076962718187635
117 0.996799527625314
118 1.039444105150388
119 0.961411730637533
120 1.062398673178107
121 0.961533497980365
122 1.072047248315680
123 0.972273900606669
124 1.124491552813796
125 0.959019525993933
126 1.035212389611231
127 1.017963132323620
128 1.039282632042785
129 0.940548735654235
130 1.002310530051802
131 1.099274568767579
132 1.003535018477496
133 1.003068697045244
134 0.908819307060120
135 1.042638419243966
136 1.022110076725155
137 0.962123476954694
138 0.914787895309801
139 1.113743918415303
140 0.984809584590615
141 1.074370739505203
142 1.077841750340071
143 0.960387282873638
144 0.951185565677242
145 0.986903155791481
146 0.997580610735405
147 0.934408252109112
148 1.000672376099743
149 0.960373952020160
150 1.069445527485491
151 0.973751019819278
152 0.979446251186104
153 0.995759542750045
154 1.012968280045007
155 0.940947364343140
156 1.053650722855613
157 0.989984153951505
158 0.986198936686810
159 1.029328788093520
160 1.040660774032494
161 0.994686215079925
162 0.987140303843897
163 0.960481849760904
164 0.995342525511441
165 1.035520017581510
166 0.931373340050187
167 0.938472031371627
168 0.939247427381072
169 1.018917348438235
170 0.969084850617100
171 1.055553306777757
172 0.980454658338194
173 1.008556393640376
174 0.990478084593852
175 1.102350465644052
176 0.979433501559854
177 0.956404380731504
178 0.986522969159646
179 0.982874977343621
180 1.059862660614017
181 1.030903756777374
182 0.966585358399923
183 0.946660232224329
184 1.025252235987111
185 0.995158357101512
186 0.983529932674615
187 1.047828820634553
188 0.984421851749781
189 1.061658246581455
190 0.991370523956132
191 0.992683372839421
192 0.982418291152267
193 0.965741393460592
194 1.072235813945506
195 0.984124328892427
196 1.115404658059468
197 0.989688574639079
198 0.989661824474706
199 0.956822771019275
200 0.995215945744828
201 1.002387581188595
202 1.038360807877172
203 0.921207029164310
204 0.977667627825343
205 0.933652337819341
206 1.005499228580704
207 0.980797302184927
208 1.040838474113836
209 1.025516194185094
210 0.984109908394279
211 1.029872121656125
212 0.990840471431745
213 0.967261797387644
214 0.967380383920266
215 0.959096973349819
216 0.970577847978827
217 0.977551253140781
218 1.008208378972030
219 0.984291554286721
220 0.973603492641300
221 0.971140467875480
222 1.006664040814624
223 0.990657758643005
224 0.985921250191389
225 0.971951854936168
226 0.968483297607171
227 0.915542483801944
228 1.004429866065664
229 1.033196389698332
230 1.057128662745459
231 0.984893099787552
232 0.999629965577153
233 1.005866768637412
234 0.999193275060761
235 1.056383785721460
236 1.001275646548921
237 0.961960929387393
238 0.977485297781874
239 0.957678075869247
240 1.015419351384848
241 0.974115426785452
242 0.977248554649178
243 1.047872551779861
244 0.987423726032417
245 1.030551214556489
246 1.058999320614980
247 1.034965625796921
248 0.978970272583435
249 0.984132431493386
250 0.983258936014357
