0 4096.000000000000000
1 0.001223475851468
2 0.004233279313136
3 0.007717772650685
4 0.011683997101437
5 0.022084756781678
6 0.031548856843510
7 0.042339412437210
8 0.045089310878868
9 0.063825883016223
10 0.082446646561340
11 0.093265060301265
12 0.110071693931296
13 0.134476710804111
14 0.149799634822364
15 0.163163584927913
16 0.195262422270146
17 0.190146787423255
18 0.240099426785593
19 0.272228314560442
20 0.286502940655197
21 0.302164888294697
22 0.324316912854572
23 0.379678621584937
24 0.408079198415894
25 0.425020204452655
26 0.434521113976282
27 0.482353040894532
28 0.481662588551666
29 0.526390200245432
30 0.547096179887651
31 0.587102094735649
32 0.574646541486519
33 0.609528617876817
34 0.660724298678524
35 0.679822686665789
36 0.664581986200023
37 0.711688358446529
38 0.713409155267794
39 0.759233273052069
40 0.767222444642183
41 0.814112922604996
42 0.813267231946328
43 0.841433469094348
44 0.852654866263347
45 0.885987138605246
46 0.886496807139683
47 0.868088609447738
48 0.936281156017742
49 0.875415307485870
50 0.907388096432522
51 0.931508181128099
52 0.944288704108395
53 0.994041123410917
54 0.968494862135718
55 0.955619444138424
56 1.004637592586514
57 0.955171276892070
58 0.974975922024599
59 0.988482867028981
60 1.000772675919761
61 1.031888307641864
62 0.970870496785327
63 0.984708329631380
64 1.006799886012440
65 0.971686138598289
66 0.986785767800585
67 1.034489552761920
68 0.989694499706452
69 1.007145104815339
70 0.980214083324999
71 1.032358046947390
72 1.001345814931951
73 0.952305261205764
74 0.973630625483806
75 0.966384859537550
76 0.988251773678925
77 0.990877837199990
78 0.973465352788789
79 1.001866650434794
80 0.988340664095369
81 0.994461277200587
82 0.969164140090792
83 0.958749814439410
84 0.998749580997497
85 1.025293250292939
86 1.033793318058517
87 0.944282002673085
88 0.992218877427135
89 0.963115366412532
90 0.939122217894039
91 0.971996408369450
92 0.979494366531353
93 0.980670546394460
94 0.967284798421156
95 1.020266787582700
96 1.015021758649607
97 1.017761173829655
98 0.997727088068072
99 1.002645550800663
100 0.982139359320178
101 0.978111461455792
102 0.965159499994948
103 0.970355360192358
104 0.970328654842125
105 0.982871147243933
106 0.990331245910403
107 1.000838738634181
108 1.003397822709549
109 0.962442492361673
110 0.984104656052842
111 0.979237783487980
112 1.014406084147522
113 0.962551416886019
114 0.990472632728462
115 0.986648797621251
116 0.982332347497832
117 0.974876574336842
118 0.982787500997601
119 0.998626035113705
120 1.037134742051391
121 0.981149959120659
122 0.989040184958743
123 0.985400107983678
124 1.050125595516919
125 1.039328464885917
126 0.990328419452833
127 1.007531639451650
128 1.010496596579744
129 1.012364922975036
130 1.018300102969233
131 0.980662073250635
132 1.011351380334500
133 1.005488106535742
134 1.014596198242748
135 0.984761971281362
136 1.000159011839333
137 0.992333888743774
138 1.020405764223936
139 0.990154519118089
140 1.022173880325401
141 0.993820975429854
142 1.017053603214082
143 0.981213925033451
144 1.020786074559871
145 0.986178644956089
146 0.983920035186319
147 0.990265935063607
148 1.010877992214406
149 0.996693493708674
150 0.988992377201378
151 1.000103386886537
152 0.981564001019828
153 0.984695729781479
154 0.997160693157445
155 0.976843765658450
156 0.975043720787080
157 0.990938520653100
158 0.990115884393736
159 0.999039636958908
160 1.013050033050210
161 1.003971329425296
162 0.988825142105482
163 0.994162630949467
164 1.004315356221552
165 0.995888869625905
166 1.008114719127146
167 1.009337694110456
168 0.997937354715288
169 1.000870957510838
170 0.996952177007740
171 0.972861923387549
172 1.007179436374070
173 0.979612234412602
174 1.023394363042028
175 0.998590130244768
176 1.008328072068054
177 1.008865925125945
178 1.009275751626604
179 0.991617753567168
180 0.998524866866257
181 0.998945953688719
182 0.991384864407481
183 1.007457779864218
184 0.991688678813742
185 0.980502466632925
186 1.008269639617023
187 1.013081417111322
188 1.002013121671202
189 1.022975478852051
190 0.997120835176203
191 0.966738215240708
192 1.006826453294479
193 0.998993399389662
194 1.005838995026094
195 0.979945253390103
196 1.002123973868476
197 1.012811104372803
198 1.016365346833975
199 1.010125835345536
200 1.018937741260738
201 0.985194155216379
202 0.991662443796700
203 0.986658132194196
204 1.020326630972094
205 1.000803633622759
206 0.982783092331436
207 1.009008457973022
208 0.973869747743213
209 0.974376096763961
210 0.990235218451836
211 1.013702457648642
212 1.026624129286258
213 1.031829790604354
214 1.012748998139246
215 0.986467692344164
216 1.003531479259718
217 0.987922435151887
218 1.013738057052215
219 1.003032600728857
220 0.986190758089237
221 1.003105010565696
222 0.998274014036379
223 0.995835670866553
224 0.986815193073013
225 0.974109849878015
226 1.015225874711567
227 1.013606355319219
228 0.993955718122063
229 0.977713343880288
230 0.976793711334495
231 0.998439711017755
232 0.974031358281756
233 0.972679804796264
234 1.006750174944212
235 1.000190182132349
236 0.998316668690967
237 1.000137386790960
238 0.993643414562274
239 0.994910455377159
240 0.988694093226058
241 0.996147556736192
242 1.007051772238375
243 0.998032785969853
244 1.018359632778651
245 0.992154581124387
246 0.986182198296963
247 1.008188998125600
248 0.997616792929606
249 0.994421700249112
250 1.015356124123558
