0 4096.000000000000000
1 0.000557985311047
2 0.001501674664563
3 0.009024127736892
4 0.012360047750572
5 0.019213119485401
6 0.031348457928483
7 0.032634421672021
8 0.043059228302525
9 0.060080276964072
10 0.103254313216915
11 0.081864438106625
12 0.104673999494215
13 0.186647301147814
14 0.142729685713946
15 0.206888378212850
16 0.153892793369307
17 0.247616210430877
18 0.181214405590536
19 0.287012733703144
20 0.247224461472987
21 0.337343246500379
22 0.365929425063105
23 0.401585254815707
24 0.434631079149802
25 0.427411284424899
26 0.353277548923616
27 0.510201082691944
28 0.543905467539955
29 0.447422445202530
30 0.537753117841192
31 0.478125078937820
32 0.580044919151974
33 0.642556010219764
34 0.733987949548471
35 0.697564043286218
36 0.775686879066772
37 0.740511219961847
38 0.743792358185055
39 0.804210459412595
40 0.764011206816646
41 0.822048656238585
42 0.822128669066529
43 0.784792357973179
44 0.805822783114696
45 0.962058029433668
46 0.935870064414410
47 0.908053014949063
48 0.971865888012763
49 1.040561565649802
50 0.990982396560370
51 0.989979501820672
52 1.005103014109262
53 0.975552963767080
54 0.990197280149764
55 0.931467663402642
56 0.908764042215262
57 0.944676516753837
58 1.054680314885115
59 0.903869069720153
60 0.983675059948038
61 0.921723730654876
62 0.909339395699941
63 0.963240374846958
64 0.856414067109792
65 1.010925424907505
66 0.927558523690307
67 0.848965595752059
68 1.005984127370729
69 0.893100000961997
70 1.027918228243272
71 0.917936952122811
72 0.961242133809372
73 0.994940818445495
74 0.940085432728538
75 0.953136831871362
76 0.987539923441712
77 0.955088080223764
78 0.979997770342421
79 0.953381323522626
80 1.080700878899975
81 0.952842652664258
82 0.909118839681640
83 1.031049915088646
84 1.054361755011155
85 0.963685916075480
86 0.937273992168556
87 1.018982591782048
88 1.025178259187592
89 0.932989069565075
90 1.047177640587782
91 1.013702482207262
92 0.974070649999186
93 0.991602504100528
94 0.977283819700979
95 0.960484236588079
96 1.052616364764539
97 1.009164377964261
98 1.049623081940162
99 0.911835842595293
100 0.991621150864877
101 1.100497450521392
102 0.896688402223297
103 0.992617981263608
104 0.895725875579013
105 0.915514095280744
106 0.948144180506906
107 1.016495563439045
108 1.022621852109736
109 0.983466301658508
110 0.978584374262649
111 1.062919880006986
112 1.002460765313297
113 0.970928389471635
114 1.090752552389620
115 1.047863892015799
116 1.089046721328462
117 0.961985794481693
118 0.987678067214520
119 0.959662366124426
120 0.928599263723414
121 1.036580202381594
122 0.975965813172258
123 1.016712135672601
124 1.055764450185660
125 1.012468712903950
126 0.986388322313407
127 1.024144168602395
128 0.905521347297391
129 1.046050561676209
130 0.994530648736251
131 0.985918573464751
132 1.073114091842429
133 0.967340756840306
134 0.962782436689861
135 0.946094191133094
136 1.040959275323831
137 1.023457191875557
138 0.954492793115896
139 0.956040105372663
140 0.977251295789756
141 0.991189451568307
142 0.939851184452548
143 1.014285488366309
144 0.999923299803593
145 0.940803306902099
146 0.940306501085862
147 1.008483296198881
148 0.996418400878200
149 1.036103474730944
150 1.073685673804903
151 0.952313636955885
152 0.983789423436126
153 0.975415594908243
154 1.037700753963470
155 0.975750957698045
156 0.936819770655367
157 1.030522125673145
158 1.070599860924963
159 1.000621461880938
160 1.063942344683224
161 1.007197216816611
162 1.026235620589310
163 1.011106014190514
164 0.972195597796846
165 1.008106652474981
166 1.135025784539791
167 0.966217325006560
168 1.016404866019387
169 0.966429842462637
170 0.985730737483271
171 0.915379067510230
172 0.956931534587634
173 1.009000928445432
174 1.003342664439746
175 0.906825217446535
176 0.944203411828210
177 1.002720405421399
178 1.098587925531997
179 0.945349447803724
180 0.978646048085926
181 0.972538148582230
182 0.952738333319719
183 1.022615615750587
184 0.955449457622736
185 1.037563021747309
186 1.055398042996613
187 1.010805720653866
188 0.982607798394582
189 0.982327316008739
190 1.015094740700195
191 0.950617380833232
192 0.973533775882936
193 0.990829525957986
194 1.042072986276568
195 1.013346292706829
196 0.968977421128155
197 0.980685667991823
198 1.010338212797577
199 1.054201539797579
200 1.093805627749832
201 1.033793423794779
202 0.940899443426276
203 1.010949395430790
204 0.996618926534849
205 0.983107859225436
206 1.098543395337328
207 1.020715135157904
208 0.970977918471456
209 0.941600240433635
210 1.062599160856442
211 1.061430478547190
212 0.993876331740039
213 1.031209264744940
214 1.025218017393561
215 0.989432820093372
216 0.976412965684709
217 0.992278427318541
218 0.975867069424767
219 0.994288652025484
220 0.996649155774665
221 0.989425929309672
222 1.029271805013963
223 0.921829148971049
224 1.026991747088357
225 1.009585580894185
226 1.054378268455356
227 0.955418473265311
228 0.956135897555592
229 1.019177277558673
230 0.993650795139458
231 1.032028610406209
232 1.089631454167648
233 0.894404801245031
234 1.023575741480509
235 1.042723316456336
236 1.028394758294259
237 1.036236030557427
238 0.965304995698636
239 1.042616121085328
240 0.962903202295734
241 1.001077146353029
242 1.012456129756810
243 0.930489774785443
244 0.911499996023018
245 0.992584986179957
246 1.011710350426843
247 0.987810123418601
248 0.963975166246900
249 1.015762333770644
250 0.996542505159204
