0 4096.000000000000000
1 0.000939592388496
2 0.003562960292995
3 0.006973535504436
4 0.013696309986143
5 0.019871265406233
6 0.023833511824978
7 0.021850391474188
8 0.035782716131966
9 0.081078636311778
10 0.082640120293425
11 0.086145975385751
12 0.089919369933198
13 0.137410329527597
14 0.155754802435920
15 0.181172060912029
16 0.200569807166237
17 0.202473408915946
18 0.228403418503839
19 0.248914588019654
20 0.324878428654763
21 0.326218637011498
22 0.345848291927593
23 0.369044506176535
24 0.420835138307538
25 0.367918269755344
26 0.458326664332949
27 0.507103841044790
28 0.418817387752346
29 0.547676660304888
30 0.451218257816053
31 0.582664348046790
32 0.707635657108037
33 0.606736941960234
34 0.554167057129486
35 0.523279052955494
36 0.670679875676411
37 0.641101009409433
38 0.759872222342275
39 0.699110204839217
40 0.924253121512842
41 0.857152887414885
42 0.864387166959589
43 0.840700645978784
44 0.948793438413189
45 0.937042050621753
46 0.874042905283168
47 0.800033636251551
48 1.004729826871602
49 0.877334386828597
50 0.908189937800270
51 0.928898816737946
52 0.978784064409109
53 1.005144741486863
54 0.932668335975196
55 0.989317104453420
56 1.011303204058332
57 0.961016858439773
58 1.061158530749451
59 1.019398293669625
60 0.891549045084502
61 1.060947196480366
62 0.992951719775824
63 1.041836299667575
64 0.954523970175778
65 0.922663098516863
66 1.116656575632655
67 1.064981354584116
68 0.978769428138584
69 0.933239769875173
70 0.951838395486287
71 0.913135380091328
72 0.902672141769769
73 0.988162895148004
74 1.025672538518994
75 1.006467433787010
76 0.959430705492077
77 0.867434786096275
78 1.002640602879356
79 1.026880689837214
80 0.874152205421717
81 1.016402212233911
82 1.035930796682754
83 1.031409173554642
84 1.069226066582372
85 0.956282615976081
86 0.909556964893796
87 0.896070631997931
88 0.891913286233257
89 0.915430809793033
90 0.947924607084610
91 0.914294368177104
92 1.034917501992687
93 1.110515055448035
94 0.894027588090890
95 0.974081102686559
96 0.979359201444696
97 0.898355319770110
98 0.975213123172539
99 1.009661480629956
100 0.994891106969982
101 1.002731367463137
102 0.932938321957152
103 0.993181231967090
104 1.062553810438752
105 0.949073834396982
106 1.024604434790150
107 0.947055490640456
108 1.026038896457152
109 1.042254391279960
110 0.933066682935578
111 1.076230415321145
112 1.069112170035280
113 0.957365696348492
114 0.928460437344445
115 0.879562708230942
116 0.978479531147834
117 0.986309895559303
118 1.037994917584287
119 0.959171845814984
120 0.936320375046447
121 0.984474889436723
122 0.994255392364574
123 1.037557728687394
124 1.028168359730713
125 0.997030403027133
126 0.935171575812094
127 1.064463791609274
128 0.979829034472342
129 1.136510995855880
130 0.940174850435729
131 0.941863133844398
132 1.011309974994512
133 0.959290509346607
134 1.064156038604602
135 0.919204420617465
136 0.942735977532738
137 1.011583664647024
138 1.010239833354208
139 1.028867725917600
140 0.950777819547732
141 0.909888348733729
142 1.138571237000917
143 1.080287199410539
144 1.018509059866778
145 0.947083412466608
146 0.991916358777878
147 1.010343325366030
148 1.006351546835193
149 1.025816249942798
150 1.033519895604098
151 1.071373919927363
152 1.013663410192054
153 0.950484473863002
154 1.004857218978311
155 1.046441797976915
156 1.013258321985520
157 0.917948803844627
158 0.968944852815632
159 0.957024130742084
160 1.052216282508176
161 1.052482008687374
162 0.967404836904910
163 1.021961029031263
164 1.008564388498377
165 0.990205594877099
166 1.043185195977996
167 0.999585755810471
168 0.960604899829203
169 1.017852278374325
170 1.006300659701751
171 1.028772560380648
172 1.006658702179200
173 0.998520651431571
174 1.002294167741362
175 0.970164773197832
176 1.049667592890419
177 1.013907971959846
178 1.020568725609966
179 1.021928710868962
180 0.927610050703259
181 1.009140309156206
182 0.957753117512608
183 0.933640107559156
184 0.998733927785353
185 0.902103736191740
186 0.957561841385255
187 0.978203021679973
188 1.015527138210328
189 1.009051297890118
190 1.014916118434057
191 1.011848996972434
192 0.970300456519285
193 0.986228220785948
194 0.997403312716932
195 1.001575441021657
196 1.057041824628690
197 1.009914727910512
198 1.020581995292769
199 1.001323820638945
200 0.994962539396510
201 0.958290217386592
202 0.932785469759436
203 0.972562020197664
204 1.000112085612877
205 1.027502386059434
206 0.971075702384943
207 1.005973452533372
208 0.949921191526802
209 1.029236891801190
210 1.000076465973426
211 0.994773100988737
212 0.941637942440221
213 0.976868855304153
214 0.988613008281081
215 1.006594013823541
216 0.953169715233562
217 1.016656247414711
218 0.986567832201170
219 0.968065706785933
220 0.959493846413502
221 1.035840516618654
222 0.937135953768551
223 0.985245172789447
224 0.948396735090144
225 0.906590011072369
226 0.926004747724230
227 1.090185352940787
228 1.028154993725757
229 0.955708974546219
230 0.983301947563055
231 0.965584157379583
232 1.039552117766762
233 1.066361583385174
234 1.022375147158554
235 1.006987580388247
236 0.965526723123031
237 1.062808597263993
238 1.023848595288456
239 1.045136606485790
240 1.010469100286159
241 1.011519077133527
242 1.011118421977882
243 0.958526752868063
244 1.080889904739651
245 0.966295662223226
246 0.941951790744169
247 0.961551499053838
248 1.008872384350061
249 1.028876901514516
250 0.985419958959289
