0 4096.000000000000000
1 0.001326459621981
2 0.004156870354680
3 0.007723668641441
4 0.011180308842059
5 0.021207474800008
6 0.031743483268899
7 0.042345889265194
8 0.046288751972160
9 0.064596438315675
10 0.081540722279380
11 0.090074046971751
12 0.113823542391689
13 0.137864793832775
14 0.151185425936808
15 0.164178109578697
16 0.200817626563629
17 0.189353468948991
18 0.239854710329928
19 0.273145758063103
20 0.286556100919970
21 0.300772734755222
22 0.324127036633412
23 0.384338570768236
24 0.416453722741300
25 0.418590609539935
26 0.431014686896906
27 0.487057882988755
28 0.480260227289831
29 0.528388687618776
30 0.552807331470819
31 0.602949042798034
32 0.568703896853308
33 0.609542268139984
34 0.657722960878058
35 0.688104559766159
36 0.658742541827957
37 0.700275255360077
38 0.702973940430850
39 0.766342219099137
40 0.775089586878726
41 0.802503181495377
42 0.814833408707555
43 0.838704821284837
44 0.855659100142359
45 0.890339670358232
46 0.890914980725338
47 0.883127570367873
48 0.928894082017139
49 0.873109855595105
50 0.907665540259035
51 0.949631767461324
52 0.955692301080383
53 0.983265051650831
54 0.970952326996164
55 0.968055146401713
56 1.020046798768909
57 0.958683988817863
58 0.987371466238684
59 0.985664427255380
60 1.004624891072961
61 1.027420352847538
62 0.968971014780392
63 0.968901978126962
64 1.008772671171064
65 0.959360329214700
66 0.977342581672160
67 1.024916189740294
68 0.970737907857438
69 1.012420764987318
70 0.972838538498014
71 1.025632555050192
72 1.011639435532696
73 0.954281504318652
74 0.970207355591139
75 0.973797824808102
76 0.981126030301628
77 0.976945197700259
78 0.967089588454166
79 1.009173784070795
80 0.987441847587752
81 1.004244892000534
82 0.970757281136625
83 0.965168602097185
84 1.000240498052331
85 1.034485096398797
86 1.043639806520223
87 0.943724568086291
88 0.991349375388957
89 0.957966950627823
90 0.944701061586114
91 0.964870080653097
92 0.962672180916772
93 0.975434672348975
94 0.967109257002725
95 1.021743716382466
96 1.025849831674462
97 1.011447849000240
98 0.995467477593285
99 1.002210160914115
100 0.983651637878043
101 0.987785213698539
102 0.963604984495814
103 0.972960605665298
104 0.971694030026205
105 0.982269605562660
106 0.995885261095094
107 1.009791023165958
108 0.999435155436583
109 0.970932930065032
110 0.988652685990785
111 0.980950668075586
112 1.021298070310364
113 0.964878764858382
114 0.989122760335100
115 0.976309530421167
116 0.980331801844128
117 0.977802422027244
118 0.987713943160119
119 0.997701206485493
120 1.028798954168052
121 0.970775667898844
122 0.992745855926838
123 0.982951855088124
124 1.044686579857146
125 1.031943552779230
126 0.982390966218803
127 1.011416035636240
128 1.007229370103780
129 1.003235583745969
130 1.007367135343316
131 0.981413699835772
132 1.016012205445709
133 1.010907093521964
134 1.010547207454856
135 0.980121399635670
136 0.995530717974859
137 0.991736927873318
138 1.018130062661109
139 0.992393854969405
140 1.024852587209125
141 0.999617611897850
142 1.016437015933099
143 0.979425291533672
144 1.016486795747674
145 0.990899292661022
146 0.989503558301851
147 0.991169530611184
148 1.008558481481501
149 0.997659012822860
150 0.983667228668601
151 0.997350057090952
152 0.978399629227730
153 0.989689428345776
154 1.002287511672691
155 0.975327394768439
156 0.968626573281153
157 0.981498392395806
158 0.996513012349309
159 0.991819906851725
160 1.012581555956264
161 0.999740147993139
162 0.986517503090453
163 0.999431534667914
164 1.010046817284124
165 1.003282835322451
166 1.005011870296827
167 1.011724801273704
168 1.007502415631242
169 1.003872030436429
170 1.000086589038674
171 0.970578571965299
172 1.011687802869101
173 0.987544618009952
174 1.024848965880796
175 0.999775517450185
176 1.006555567554688
177 1.019325801115509
178 1.007663053399250
179 0.993215083942106
180 0.993432089687438
181 0.992954327183684
182 0.986429240456192
183 1.004941277028588
184 0.994319683636372
185 0.973866022059820
186 1.005662094201103
187 1.008440105037435
188 1.001042286142687
189 1.032559046300058
190 1.004693763416548
191 0.966669349242176
192 1.004217607490558
193 0.997229667865987
194 1.001206371687028
195 0.977398471245325
196 1.002245409426793
197 1.003433108641470
198 1.028114024255822
199 1.009104212242917
200 1.021058243723821
201 0.985698897875942
202 0.986843055126423
203 0.993601535112382
204 1.020291292604445
205 0.999145758791716
206 0.985529191817870
207 1.015997265589152
208 0.975945147602333
209 0.971972335093983
210 0.990225804711178
211 1.020088831433514
212 1.030338031604735
213 1.034208339726837
214 1.013187440088475
215 0.996469373342830
216 0.994725505019292
217 0.985598602770919
218 1.022726121084910
219 0.999090375362703
220 0.979600294574343
221 0.999402552193584
222 1.001077407523226
223 0.992249287484513
224 0.986643875938676
225 0.971165730655101
226 1.017313146141753
227 1.013372008800653
228 1.001240028704157
229 0.977568647216143
230 0.971275030358053
231 0.992510568494689
232 0.969561218380813
233 0.971330449836026
234 1.001481572586894
235 1.007599552241764
236 1.003854139424209
237 0.994318638475917
238 0.984698344684279
239 0.992047865790937
240 0.993187073547516
241 0.999540707546635
242 1.007542500880902
243 0.997796243176064
244 1.023872491188035
245 0.994626784024140
246 0.987156061429285
247 1.013258846798617
248 1.000166414198027
249 0.991105033899072
250 1.011770876303505
