0 4096.000000000000000
1 0.001741463174157
2 0.005838440382487
3 0.007233516648840
4 0.013193993368635
5 0.022732013536750
6 0.040372533593094
7 0.031225876503691
8 0.053086815884707
9 0.075105935871583
10 0.098807370118885
11 0.082831395472669
12 0.111194536858181
13 0.107412094835405
14 0.136366576687465
15 0.182620377748056
16 0.156081359904955
17 0.247164985952824
18 0.263381206293226
19 0.264809074690778
20 0.351282175254900
21 0.313491975726900
22 0.316746606658457
23 0.343862197017567
24 0.406500042377327
25 0.380754321323285
26 0.480221619293920
27 0.497475627277705
28 0.555803818792228
29 0.494693633626737
30 0.534580119140890
31 0.497517207802554
32 0.622055205512135
33 0.531583574447316
34 0.675089085947832
35 0.721122629674404
36 0.680953259738677
37 0.709183349305023
38 0.768772129391355
39 0.751432924240224
40 0.830005550628753
41 0.691772157230965
42 0.887914468373726
43 0.679489367141942
44 0.886931439255858
45 0.939730679521092
46 0.785221671927595
47 0.899316254916436
48 0.873797218572617
49 0.748956539240966
50 0.829646558667348
51 0.864867850635985
52 1.004488292965968
53 1.029832647445199
54 0.932028015553164
55 0.906422855592245
56 0.976954311288851
57 0.897664828251083
58 1.126555414649380
59 0.963201524447190
60 1.140936954321130
61 0.973622198226998
62 0.994344896494440
63 1.111524443687324
64 1.022189663582755
65 1.035402897378597
66 0.876307390763663
67 1.053884897159305
68 0.942375499601871
69 0.966424751759129
70 0.923762035196686
71 0.973999572164067
72 1.047069113796771
73 0.936931900140707
74 1.021262023115852
75 1.007926003466631
76 1.190903424060323
77 1.123943975278394
78 0.905087289951559
79 1.024613987948188
80 0.823451979304991
81 0.966999816621021
82 1.021704164014750
83 0.979328237085764
84 1.006207867383247
85 0.969346547245873
86 0.944920816080292
87 0.924734099544484
88 1.007867060672397
89 0.920669252370467
90 1.058803358501011
91 1.062054577154380
92 0.966589510657290
93 0.969135224481449
94 0.958849004669220
95 0.975783041174327
96 1.044556369962319
97 0.968286633438748
98 0.946609594434371
99 1.009445535795650
100 0.967128198642327
101 1.008362907435837
102 0.989429350559628
103 1.060281647531711
104 0.974113341605876
105 0.941842183831165
106 0.990109165829780
107 0.993419149178858
108 0.879586351518771
109 0.978086450905092
110 1.043216970336208
111 0.975050723588355
112 1.001947588536772
113 0.958418112113920
114 0.893603425671592
115 1.102159141647894
116 0.929324822215928
117 0.968357599981995
118 0.986937047317075
119 0.995019152810589
120 0.920116846385821
121 1.105977399478298
122 1.032517043591436
123 1.145694885583223
124 0.961057887186434
125 1.043273474653835
126 1.044299189463600
127 0.901309554507839
128 0.969172076265952
129 0.977423775523313
130 0.980452624870032
131 1.050237666753343
132 0.985902321159083
133 0.974813117856010
134 0.974249713796998
135 1.006583731022040
136 0.973933207977034
137 1.087717580805178
138 1.062000522477616
139 1.031332904869294
140 0.989502686686084
141 1.058860707077209
142 0.918353561556834
143 0.966064074407231
144 1.003688111813958
145 0.993024167163888
146 0.952109857415291
147 1.009458739135975
148 0.989287305492339
149 1.012540055694354
150 0.969812746792052
151 1.039860261558499
152 1.060562568688385
153 1.005810655803726
154 1.014117366889749
155 1.049551368680338
156 1.044848614562291
157 0.963910241851047
158 0.953687935027824
159 0.988874489947183
160 0.911418437731433
161 0.977391590668139
162 0.934430771905821
163 1.003306702298941
164 1.034448971298277
165 0.961328835035021
166 1.117618833806810
167 1.020381396778934
168 0.909610589538450
169 1.030193663493656
170 1.021206831923265
171 1.007505457880764
172 0.942354352711717
173 0.951712346126587
174 0.975491230643407
175 0.970304057099850
176 1.005094029578781
177 0.951076976495326
178 0.976376733286105
179 1.014807555566538
180 1.009546463645221
181 0.999417727155742
182 1.011963567299182
183 1.005451197806924
184 0.970026328805688
185 1.040786245933385
186 1.003549864245791
187 0.984934163892973
188 1.038345486263572
189 0.981250129342365
190 1.026707011302412
191 1.009870011088232
192 0.989303721275240
193 0.987349015076933
194 1.038987310058712
195 0.937389173265916
196 0.919439049104887
197 1.066852701666306
198 1.003446840172261
199 1.015931255772738
200 1.041997199215350
201 0.996682202409936
202 0.964255048967256
203 1.029517099760740
204 0.995345939745064
205 0.958455944592621
206 1.017914533843479
207 0.940664754560876
208 0.970305633842396
209 1.063041050817288
210 0.975010122356568
211 1.011815001469664
212 0.960257780149810
213 1.009398752711501
214 1.016401549463703
215 0.979410077985589
216 1.013305036959482
217 1.001880511380754
218 1.004686998570900
219 1.027168301886557
220 1.006246004591793
221 0.979397085502459
222 1.007321628660987
223 1.010501738186094
224 1.050870647953581
225 0.995257847158932
226 0.980726120248073
227 1.056147649687551
228 1.042619310883550
229 0.985529897748429
230 1.049133616077169
231 0.977934883009099
232 0.966020686506647
233 1.015532262117149
234 1.028458195610879
235 0.983857162591167
236 0.985882046617318
237 0.986232673319894
238 0.961593334725130
239 0.999831551054823
240 1.029019673551731
241 0.960271839580062
242 1.011532639396900
243 0.981600703152877
244 1.021080732185499
245 0.974013124056483
246 1.016369974979342
247 0.977486473689014
248 1.027000905678272
249 1.008893267908469
250 0.961690216396007
