0 4096.000000000000000
1 0.001433858991071
2 0.006299939289151
3 0.006783044637076
4 0.008166296359386
5 0.024139075993992
6 0.031911919530221
7 0.031150472378949
8 0.052343546998131
9 0.053881797829517
10 0.068135603358014
11 0.073827207449423
12 0.116411907252622
13 0.102335058748169
14 0.122160267188643
15 0.174508331340329
16 0.224892250003809
17 0.224305124697923
18 0.272735478469958
19 0.259450374935186
20 0.294251246081949
21 0.253433995834854
22 0.321714059222629
23 0.402701929878500
24 0.389603227077141
25 0.445656190081323
26 0.365066954741383
27 0.481232914855007
28 0.444828251905628
29 0.528731245448691
30 0.474418380722666
31 0.534471980818489
32 0.687465389545423
33 0.676399646331494
34 0.578408424097533
35 0.586837561819106
36 0.651435578410734
37 0.656361222859708
38 0.747402938443883
39 0.752386629475502
40 0.710058876421904
41 0.848702257068278
42 0.918637557925756
43 0.972272502552915
44 0.853467621072739
45 0.806754167026657
46 0.882347651585793
47 0.850828071902927
48 0.944064652048816
49 0.936192591543571
50 0.909066437115280
51 1.057404059175542
52 0.972197234517638
53 0.833328462713846
54 0.948339833572007
55 0.979082995921566
56 0.901025402572976
57 0.965282227345628
58 1.017645106223405
59 1.024800903119795
60 0.851638232219083
61 1.131912748323601
62 0.860127478969352
63 0.925774588780924
64 0.952295309418934
65 0.939739557565477
66 1.036869604155718
67 0.985644143741245
68 1.014964106256325
69 0.836859485618992
70 1.126730740772401
71 1.038329663647510
72 1.042009321100524
73 1.054034893354198
74 0.983418462326359
75 0.996147551797655
76 1.004195811086822
77 1.017968375672669
78 0.940919855795706
79 1.034762326475559
80 1.006729975387836
81 0.916546367707090
82 0.926958601287921
83 1.037599755702484
84 1.036939208621087
85 0.969476502712467
86 1.008337973559547
87 0.998746853116755
88 0.954563577157565
89 0.980121800412364
90 0.942789303582025
91 0.943493132146421
92 1.152651716238894
93 1.082340961591772
94 0.937007788705817
95 0.982397742507516
96 0.945988724652304
97 0.965883850289906
98 1.074610770738955
99 0.924578263074169
100 0.905476010413994
101 0.922436207990057
102 1.096722332497092
103 1.002426846616479
104 0.959459667451363
105 0.999269294758694
106 0.926864736867580
107 1.083919227592936
108 0.985014842882370
109 1.007299802174240
110 0.973195376588919
111 0.900162560319733
112 1.026759893376177
113 0.948284588127117
114 1.007618069552479
115 0.991878790451744
116 1.036128530889234
117 1.101359580682176
118 1.004449048461961
119 1.002793955075164
120 0.931372175000830
121 0.969879759359214
122 0.876824067683030
123 0.992948435321479
124 0.960531345717902
125 1.026374374270573
126 0.893799710779296
127 1.050558149756914
128 1.106253620015880
129 1.005695274168584
130 1.081278952617792
131 0.980433866602601
132 1.023800622085218
133 1.054526323905214
134 1.008900924462538
135 0.951571705668795
136 0.928816835287392
137 0.941566404927354
138 1.033732738681114
139 0.915702950347348
140 0.996101548370683
141 0.968291622771675
142 1.021352661950086
143 0.971395373228636
144 0.989539888958712
145 0.993549326819680
146 0.975960358514836
147 1.040930293337121
148 0.988174391034244
149 0.999974852204107
150 1.035128126843037
151 0.998947224649224
152 1.066319782568981
153 0.989188252410226
154 1.058698832966860
155 0.965881443481849
156 0.952699659799512
157 1.065981743830100
158 0.967368028094345
159 0.950176074852356
160 1.030407761816205
161 0.968309351682851
162 0.967487198375619
163 0.928899925315851
164 1.029963248472890
165 0.956125073057363
166 1.025731874029327
167 0.972803889838507
168 1.052316654717082
169 0.931468925559006
170 0.996410534963785
171 0.987876513492938
172 1.141827105492077
173 1.066796124917874
174 0.986299265154981
175 0.972349279331460
176 1.002174665153542
177 1.000063441813576
178 0.994101921493068
179 1.016615043094212
180 1.081910989486161
181 0.965909111743703
182 0.995865792210695
183 0.926677184321658
184 0.977264176296442
185 0.991396946193833
186 0.992421792394191
187 0.986253053756614
188 0.970912107217356
189 1.000588433920074
190 1.034982761057741
191 0.974891532402928
192 1.025996392877155
193 0.973186216317307
194 1.000860796949845
195 0.920025840018945
196 1.041717678352546
197 0.971116320144179
198 1.038314860304892
199 1.032365415009294
200 1.008105520550719
201 1.005534557872315
202 1.004118376341385
203 0.927456662518291
204 0.984312213611875
205 0.934456157459818
206 0.961551252232568
207 1.073921238494791
208 1.054378256138576
209 0.982740228164971
210 1.011221853333123
211 1.016270507466526
212 1.030928415086789
213 1.025363109489724
214 0.998423954147713
215 0.967030834422515
216 1.009925749826592
217 1.067212883229111
218 0.952883179384524
219 1.078447147324338
220 0.939748280821187
221 1.023194179380947
222 1.025779038555744
223 1.022951478876163
224 0.998419355236552
225 1.021763033506832
226 1.002479743595011
227 0.948610227805734
228 0.983649570886852
229 1.021438638938273
230 0.981040277970037
231 0.968617069472297
232 1.011934236259413
233 0.957103031970486
234 0.965779504293672
235 1.003217244867542
236 1.026057409995260
237 1.053193506258280
238 1.061530795424333
239 0.954875587452003
240 0.986820476758406
241 1.008177232380024
242 1.033704360574153
243 1.006650630448908
244 0.928707595540804
245 0.998256926104429
246 0.976481971568210
247 0.986171005109799
248 1.022817732595814
249 0.922047438442598
250 1.014842362256655
