0 4096.000000000000000
1 0.000825873153595
2 0.006645382227529
3 0.008568833425807
4 0.014060714194911
5 0.016022315947857
6 0.053573693924828
7 0.038556608482641
8 0.064460676873619
9 0.055415545344809
10 0.080333037202539
11 0.084252690365059
12 0.090734288580978
13 0.128946895417879
14 0.157177386887011
15 0.202228080689321
16 0.179055081209203
17 0.203246161145339
18 0.248547044703453
19 0.271517136085198
20 0.223441111782856
21 0.330634256041208
22 0.391292144698577
23 0.320196265679567
24 0.287984539375425
25 0.432971484999265
26 0.518798139399037
27 0.369983063792200
28 0.446176020653120
29 0.471680461461187
30 0.531768515194722
31 0.583322905115154
32 0.579342508528413
33 0.533339480548670
34 0.599264303986172
35 0.605446408211723
36 0.678436428114624
37 0.693309964029745
38 0.656836481971854
39 0.705183567068651
40 0.663394795959752
41 0.762514044205824
42 0.756696718970772
43 0.886466356321227
44 0.730649075438284
45 0.812592683495680
46 0.950832695314866
47 0.773486401988556
48 0.933288440566600
49 0.928909983969582
50 0.868101201413135
51 1.061586119721832
52 1.018905797009936
53 0.922819447285411
54 0.998785984051702
55 0.893636933686567
56 1.081239356975698
57 1.002831184501525
58 0.929025536099308
59 0.988143965309172
60 0.916778367330111
61 0.966803340664512
62 0.963671975634236
63 0.966071992185926
64 0.956491933429531
65 1.055593032246872
66 1.139008618193854
67 1.015786335410017
68 0.977334070365191
69 0.953357675151654
70 1.077518229810772
71 1.008762735444317
72 0.867060075476500
73 0.929297407913051
74 1.024177554677149
75 0.963508180881697
76 1.007698098842394
77 0.950755665112144
78 1.023370268387907
79 1.018003905393905
80 0.988846268448544
81 0.976298864378480
82 0.947747928840240
83 1.078958604620745
84 1.020021911188697
85 1.001307659315778
86 0.833338966683208
87 0.918469037923058
88 0.993166812770334
89 0.958474637377183
90 0.935162700288461
91 1.065494971614235
92 1.050839142308583
93 1.112963460308540
94 0.923741151670817
95 0.913028096636272
96 0.933065161463505
97 1.023326389617056
98 0.934134262373554
99 0.986101317526116
100 1.070835007061639
101 0.955745295730637
102 0.945827963607910
103 1.042316131818392
104 0.948908219421981
105 1.076179907333377
106 0.957930383108535
107 0.894495415598654
108 1.109828616780520
109 0.934936249485427
110 0.996985704939714
111 1.013060987271217
112 1.001408241658572
113 0.994975263913588
114 0.928047571978909
115 1.002892627977298
116 1.028137180868194
117 0.938912300433581
118 1.011305423776748
119 1.109735446041707
120 0.981958786329150
121 1.080576382753844
122 1.004926125979912
123 0.953500597446268
124 0.872253222678522
125 1.098398584577873
126 0.976009449989485
127 0.962708730270744
128 1.023375107740199
129 1.031828815822850
130 1.030267334024169
131 1.076813841568755
132 0.999311126588870
133 0.984073383392966
134 1.040703162836097
135 1.067588620368629
136 0.930265229657724
137 1.052602123840862
138 0.981777456703583
139 1.067156543402590
140 0.928963262602615
141 0.998804041500575
142 0.944238777123972
143 1.014588034760964
144 0.930012090957767
145 0.945062666803060
146 0.961937935642038
147 1.037061481636218
148 0.921151021293128
149 0.916732624059028
150 0.978320537933997
151 0.958150996750419
152 1.043365856705865
153 1.084206126863049
154 1.054060101998129
155 1.007736711998858
156 0.991434483123068
157 1.019112955179700
158 1.046954173215543
159 0.903318245174482
160 1.073108248338277
161 1.007093893057467
162 0.962567833985883
163 1.022057075206092
164 1.053525954387352
165 1.007370784735443
166 1.006181693956771
167 1.011571249745793
168 1.092616285349294
169 0.974313182477332
170 0.983503603191229
171 1.015411257649652
172 1.044128523753087
173 0.986782740142109
174 0.883545164049180
175 0.980127653784232
176 1.029921693053917
177 0.975726738894424
178 1.069452145195330
179 0.968492796403104
180 0.990112027411394
181 0.935784541458409
182 0.925946057939595
183 0.998541085911260
184 1.063667743354591
185 1.013898463616869
186 0.998733520624203
187 1.018220932652360
188 1.070918458437922
189 1.006353880343411
190 1.010575873199937
191 0.995371477027070
192 1.015766549014607
193 0.997758414856732
194 1.016876035563451
195 1.000747111453578
196 1.014599784384133
197 1.067520690877197
198 1.003287110545034
199 1.044516018796894
200 0.958658533089270
201 0.940688290614101
202 0.989045892918894
203 0.977506316160384
204 0.871024398534701
205 0.977761695729700
206 0.991211379543899
207 1.021542403958984
208 1.008702180819896
209 0.959671872227291
210 0.991387464212629
211 1.042923382327625
212 1.019731790607741
213 0.995650869449806
214 1.008564998500150
215 0.944395095252085
216 1.019701721872470
217 0.977395073613597
218 0.995225429381491
219 0.958188431518734
220 1.019318942892167
221 0.991410955835234
222 0.972772946914060
223 0.993278065638472
224 0.952237943845783
225 1.100412485190778
226 0.985476023248592
227 0.944060725022069
228 1.019993672001618
229 1.005733415853476
230 1.001935559044013
231 0.965130929818050
232 1.082600074567281
233 0.980448966478380
234 0.966461658197291
235 1.005105179877850
236 0.952514887058615
237 1.004399932527766
238 0.975612546832100
239 1.070964490363151
240 1.002975891426950
241 0.994762207372586
242 1.015324077304611
243 1.001237859612452
244 0.928426065755569
245 0.993220697828209
246 1.023787231815774
247 1.041290363514810
248 0.991077252036704
249 1.006642846613373
250 0.954797691344461
