0 4096.000000000000000
1 0.001776659177196
2 0.004235067807010
3 0.006298736126566
4 0.011286245784964
5 0.019885689325848
6 0.029900710874233
7 0.044882239180266
8 0.046251248628563
9 0.062604585138866
10 0.082988690579688
11 0.079317624832625
12 0.112929573942381
13 0.137543076753973
14 0.156882445163752
15 0.167911171753196
16 0.198606051718374
17 0.185344451403185
18 0.251522996947014
19 0.274155897651132
20 0.279484691256690
21 0.293460941998841
22 0.325842488309806
23 0.382169070688758
24 0.414489925915250
25 0.425458769933100
26 0.410421552790683
27 0.478930194916163
28 0.486048325780644
29 0.522523371467465
30 0.527030290406837
31 0.642519042895250
32 0.568087301145521
33 0.611980456541619
34 0.670257640985946
35 0.672074269966471
36 0.647666205392607
37 0.689801617305356
38 0.693000621884218
39 0.766797832402211
40 0.755068910371604
41 0.805982932416121
42 0.817489987544123
43 0.843700392347935
44 0.843554973422653
45 0.895575469411136
46 0.887348001365963
47 0.871687647418159
48 0.909446477303856
49 0.881985415122051
50 0.883459321831967
51 0.959119666858160
52 0.953156852113141
53 1.011938791235740
54 0.970753894553411
55 0.995599288429562
56 1.026789282564591
57 0.959086748759164
58 0.986000888786599
59 0.997028467477013
60 0.953182240610755
61 1.016298853946974
62 0.976224066825230
63 0.970258653160096
64 1.026853772115177
65 0.952430325073098
66 0.977618657385751
67 1.042839129805982
68 0.958221717852334
69 1.037193488188545
70 0.963157878107015
71 1.063171287522685
72 1.006745854647976
73 0.946817866132447
74 0.982270115888858
75 0.958447747871700
76 0.974012966845782
77 0.977317459136125
78 0.967196690533045
79 1.038268131896259
80 0.989847979359422
81 1.004067039727994
82 0.977787408162432
83 0.907672432361105
84 1.008992607512288
85 1.019260074575723
86 1.040554023518192
87 0.937940061773280
88 0.982014002878251
89 0.937695941328412
90 0.965057972216200
91 0.977368558019761
92 0.953135167983954
93 0.961358575963711
94 0.987269426601865
95 1.024045465556560
96 1.033409761563905
97 0.977930164333051
98 1.017019411664596
99 1.002799131717877
100 0.970574594852421
101 0.979391780902662
102 0.965713751626799
103 0.978910152964070
104 0.971554043988250
105 0.974208977139487
106 1.008035286831452
107 1.012202989205863
108 1.011290651761663
109 0.966274460835626
110 0.985840153039568
111 0.961843203753660
112 1.041985582623732
113 0.970300689691010
114 0.955766201210802
115 0.984390538417931
116 0.999951499900071
117 0.962658157403130
118 0.983472072974095
119 1.002863150862020
120 1.025824337979236
121 0.964009870259525
122 1.000846954785230
123 0.985078015263344
124 1.057296597032247
125 1.021708291727371
126 0.993102896819501
127 1.019018984515712
128 0.975852608199148
129 1.009117379188473
130 1.021457024806527
131 0.979370361449258
132 1.012591506406402
133 0.973836011644832
134 1.013773065880341
135 0.969788237821335
136 1.007024830833940
137 0.994365854311947
138 1.033516870027471
139 0.994337689935492
140 1.008452397219724
141 0.991655934693739
142 1.021185246306721
143 0.976756340005197
144 1.024281661281414
145 0.983746731931005
146 0.997100961280711
147 0.996317695515948
148 1.017262112636967
149 0.995055836020584
150 0.979905162886040
151 0.981844372557052
152 0.997605971616163
153 0.992962520846567
154 0.979928515353716
155 0.972218206375247
156 0.984248380197025
157 0.999284236073766
158 0.981698428004785
159 0.989717823604649
160 1.009795647508626
161 1.006384873196190
162 0.983869252082779
163 1.011170381903279
164 1.005522644608501
165 1.004722083963345
166 0.993559414014032
167 1.016251398828274
168 1.019395153475418
169 1.003221447563075
170 0.992769361195014
171 0.975548193642643
172 1.010975733512361
173 0.979527694719948
174 1.022400926761814
175 0.995224325887071
176 0.996736961477985
177 1.017243058109628
178 1.029814551462913
179 1.007022350756690
180 0.998643730426570
181 1.004394088558100
182 1.004362741365869
183 1.012191342835408
184 0.995354391850019
185 0.961429553092743
186 0.985011328652726
187 1.003159656893574
188 1.004482713019270
189 1.039905898691526
190 1.006107813653650
191 0.965686320645172
192 1.003606447303065
193 0.996788303143772
194 1.001573670154219
195 0.980259567289444
196 1.003454323724887
197 0.996202556337792
198 1.035164400233120
199 1.020212247290865
200 1.028235124727637
201 0.984250440532978
202 0.980473367123624
203 0.992542913273018
204 1.010463072748440
205 0.980605208841990
206 0.985277220375108
207 1.030258700106483
208 0.979574462908125
209 0.955674329386168
210 0.994854372309411
211 1.029086827614677
212 1.028747515868846
213 1.018873336581312
214 1.022056182989453
215 1.013371796210918
216 0.990842720922268
217 1.008283989908854
218 1.029821409689093
219 0.973729702313687
220 0.983918998262060
221 0.999561912294455
222 0.998552126794234
223 0.978305756593941
224 0.968420290761282
225 0.956237424644217
226 1.017286848238696
227 1.004225373259330
228 1.003530254203922
229 0.979383034930810
230 0.973597856332504
231 1.011290716776858
232 0.975458964507361
233 0.952682130945932
234 1.002789967681673
235 1.011203194788775
236 1.000610020840157
237 0.989122685633443
238 1.000265850068005
239 1.008320486520383
240 1.003687764811738
241 0.994848693732711
242 1.008571587334240
243 0.995744617978086
244 1.012632890682861
245 0.981962619916255
246 0.981652516582652
247 1.011959886026329
248 1.011996622558382
249 0.985617418644178
250 1.008216828497520
