0 4096.000000000000000
1 0.000938929292563
2 0.004723340116388
3 0.006683934266400
4 0.012158029108557
5 0.020898146153131
6 0.030061783154466
7 0.046200312562507
8 0.046570827199684
9 0.064415455942290
10 0.073692829669502
11 0.082983129239343
12 0.117658967206968
13 0.141628632899546
14 0.155582275464830
15 0.174747943028399
16 0.202964620793298
17 0.195031045860175
18 0.258417170040830
19 0.283574980212085
20 0.281512634448840
21 0.292330487971898
22 0.333974834511301
23 0.374888842506895
24 0.407512847055555
25 0.428102354466187
26 0.393995153580312
27 0.481916627295218
28 0.480057242042350
29 0.508492840265206
30 0.528290003644518
31 0.676362534602938
32 0.582652639964410
33 0.609006375844434
34 0.678423908438903
35 0.660575204918931
36 0.662128267693908
37 0.679549461945110
38 0.672163039190924
39 0.746302258661621
40 0.757517575946018
41 0.794137339543024
42 0.833050200521273
43 0.862386325661892
44 0.845547555478145
45 0.912859707736817
46 0.901291893835680
47 0.856673295813574
48 0.938872045181295
49 0.868164466549651
50 0.873417637786955
51 0.963649139487646
52 0.960061750210926
53 0.989466390600775
54 0.925673452170153
55 0.996800939217711
56 1.034420749784849
57 0.944168820793748
58 0.966139613885164
59 1.003206069502302
60 0.929128664339249
61 1.027858070526226
62 0.973913600009573
63 0.963503417511262
64 1.003236462096466
65 0.961431428473387
66 1.002438475184334
67 1.027575401603319
68 0.959106423120814
69 1.057795015061783
70 0.963662348479323
71 1.079819480902535
72 1.003859829336614
73 0.954620865378003
74 0.998013616024455
75 0.954743496344004
76 0.996098375164586
77 0.980945080932027
78 0.957443637722438
79 1.043716948622549
80 0.990922342671873
81 0.974380430018401
82 0.974275173252521
83 0.906808053376997
84 1.011222797550514
85 1.045643779346012
86 1.042275221439074
87 0.940741393019146
88 0.967623328537907
89 0.929671545365870
90 0.960644704900397
91 0.981169380743407
92 0.953232655730035
93 0.955245927487147
94 1.002062901271382
95 1.012779764067414
96 1.045735389411378
97 0.982145168988445
98 0.996949179601325
99 1.033015700542158
100 0.963382518609934
101 0.994084575215436
102 0.968187389072360
103 0.995997747249716
104 0.971698542999095
105 0.972986198357003
106 1.024591851524651
107 1.020547871484356
108 1.030209163691566
109 0.957213381711181
110 0.960140991994230
111 0.964972093199719
112 1.046123815658890
113 0.971096342884241
114 0.944036688811998
115 0.971868007979462
116 1.000688407707795
117 0.956508001679935
118 0.972196228113997
119 1.006827142467429
120 1.022264656682565
121 0.978357410589652
122 1.003404115647134
123 0.980194789731903
124 1.024970773660072
125 1.012275798338566
126 0.996044045378690
127 1.024682520598446
128 0.970271392166079
129 1.000276051858940
130 1.014608173551092
131 0.973549657868564
132 0.998779882950182
133 0.978363631557186
134 1.022303236347456
135 0.953724989891169
136 1.003268893830283
137 1.011668697120193
138 1.017834446651826
139 0.982747812234996
140 1.020595795238611
141 0.995313087928638
142 1.030551793059236
143 0.983600139469553
144 1.007149593329549
145 0.985459132437760
146 1.002927790770554
147 0.991122166382053
148 1.020281375374064
149 0.984664715432216
150 0.979795183893312
151 0.982765740218133
152 1.004638239839649
153 1.006899815922445
154 0.973706780661544
155 0.972208471427764
156 0.991951304336565
157 0.997678643291530
158 0.996313401019861
159 1.002686233504420
160 1.008801228811472
161 1.032492587678791
162 0.985192955452202
163 1.006763850070674
164 1.005190204109830
165 0.993915844549904
166 0.997774098386223
167 1.025192753125015
168 1.018455415640165
169 0.986673624688872
170 0.989283503603404
171 0.991997913720700
172 1.012580150911626
173 0.981528448508059
174 1.044767794946869
175 0.990044825218987
176 0.977979814766454
177 1.013859479039676
178 1.012104246382992
179 1.005575303197702
180 0.993553477834573
181 1.008161991310187
182 1.001590511312213
183 0.999918412528200
184 0.989939999349754
185 0.955362408596888
186 0.996271724692461
187 1.012887984703255
188 1.011091834676338
189 1.020899523220308
190 1.010342212697318
191 0.976838234561368
192 1.006536774582829
193 1.012074679668451
194 0.994113662419236
195 0.988557417737738
196 0.994001081858849
197 1.000065874078196
198 1.021652729150954
199 1.015689652391661
200 1.033612732695111
201 0.987860828074318
202 0.980257879646289
203 0.988968381672236
204 1.009422578802986
205 0.974722751140613
206 0.997328509738065
207 1.041261960205727
208 0.960570350866932
209 0.941678363621738
210 0.987994840453157
211 1.010762804588778
212 1.022342382991689
213 1.020485951193445
214 1.024441629255981
215 1.005746140402320
216 0.990066740535587
217 1.012399100061074
218 1.038049354563616
219 0.978820450175392
220 0.979053179206913
221 1.000907831460547
222 0.997722203631428
223 0.983665764047520
224 0.974384051222091
225 0.943370681212194
226 1.013645989028844
227 1.006482936070873
228 1.008237216170839
229 0.967742548438548
230 0.982554865663070
231 1.006646331222244
232 0.975444186473193
233 0.945870079424365
234 0.996423617133753
235 1.013739044222904
236 1.005367529421801
237 1.004039885589214
238 0.986790658130781
239 1.015570151308146
240 0.997552632775290
241 0.995514482415103
242 1.004875983454237
243 0.993241613951404
244 1.015488945546320
245 0.975624778629133
246 0.978142751555624
247 1.009081184061192
248 1.020996018788332
249 0.989304386625025
250 1.011859105285468
