0 4096.000000000000000
1 0.000395173690011
2 0.003400837752004
3 0.003262110184094
4 0.018886412895144
5 0.017473283107760
6 0.030224763271970
7 0.044512995079486
8 0.062403844634451
9 0.074373022894457
10 0.074899115661802
11 0.084452041352892
12 0.093698081105636
13 0.138979496929441
14 0.166204962330989
15 0.167598072958553
16 0.200968066580195
17 0.206123825464181
18 0.201167440786203
19 0.231811179797557
20 0.298029170901280
21 0.252884610869935
22 0.357619734087616
23 0.416062169035502
24 0.381622051909957
25 0.404682649629030
26 0.504800392363274
27 0.364252986814051
28 0.536152360556854
29 0.547627133414944
30 0.535287908288606
31 0.581955545114847
32 0.623035462375295
33 0.583924629991210
34 0.599403960933763
35 0.636282698748097
36 0.722434018079283
37 0.794273458997393
38 0.735423119472521
39 0.745484928706611
40 1.051173239742019
41 0.823719248718003
42 0.845171265503054
43 0.827741636184328
44 0.918654666772147
45 0.848755472266049
46 0.670767697163122
47 1.001541793327327
48 0.837544604653251
49 0.747271494631357
50 0.895481033659012
51 0.944176115755353
52 1.000217315767955
53 1.005793681920642
54 0.886949303620552
55 0.938817955045280
56 0.932219582841704
57 0.971974897786951
58 1.053365330982566
59 0.960604588338392
60 1.034749440286951
61 0.982763567327888
62 0.922921739425609
63 0.930900459368592
64 0.950165229902370
65 0.944798439499148
66 1.022245612119882
67 0.935370527184653
68 0.986679510820665
69 0.941857673939769
70 0.849249659954662
71 0.897751650504061
72 1.077280077695790
73 0.998619078141933
74 1.082824136651391
75 0.976484484879727
76 0.984226740547900
77 1.014591773339987
78 0.857026144533824
79 0.902899177627770
80 0.927161364333653
81 0.933066011627390
82 0.897673697373991
83 1.024406437285616
84 0.950063457738923
85 1.013350190859808
86 0.971683219901888
87 1.007517485074899
88 1.012993176698397
89 1.084801992138831
90 1.003731755022491
91 0.971656544032825
92 0.983680790940077
93 0.962066289284486
94 1.043400161109458
95 0.999788564564224
96 0.941453427823495
97 1.072872786000775
98 1.049555361940520
99 1.048211626598419
100 0.923810159912470
101 1.102446654408000
102 0.960477263559499
103 0.993016546417130
104 0.915523301057181
105 0.912412427324836
106 0.958214054632378
107 0.951810306644942
108 0.947803537034784
109 1.066974261740619
110 1.055149190669041
111 0.987424260639490
112 1.056390215559994
113 1.056618352591639
114 0.997114704287323
115 0.938655753294628
116 0.896453049401966
117 1.087768083254225
118 1.005874964043725
119 0.948066475279145
120 1.008592489275897
121 0.955005591907123
122 0.968754834278103
123 1.037422594262310
124 1.050100295049424
125 1.013341134041267
126 1.088539807480591
127 1.091656667960319
128 1.047590316330626
129 0.962681712604879
130 0.989460689175018
131 0.974480572045138
132 1.057900544110552
133 0.991137878487717
134 0.977555045107832
135 1.033573088001158
136 0.957446293575285
137 0.979617883221150
138 1.059734397500153
139 0.939244981940684
140 1.002714291820904
141 1.048650510678312
142 1.099653615699840
143 0.942253743864745
144 0.935176110789610
145 0.965815716910537
146 0.960024796903119
147 0.934741033746474
148 0.981964473567533
149 0.975779478141785
150 0.964252932841030
151 1.072494497361959
152 1.052962446177119
153 1.018282090888938
154 0.873528110594675
155 1.030454440715973
156 1.019382899251494
157 0.980260606933390
158 0.924525067464869
159 0.974397225839944
160 1.019819555448193
161 1.028110516109920
162 1.045207114275466
163 1.003260751455877
164 1.012001593404998
165 1.032273074151780
166 1.038236022799650
167 1.018337363046649
168 0.997212902595253
169 0.961683362632129
170 1.037590187520135
171 1.073787535427753
172 0.969686308695600
173 1.019545868033375
174 0.972976707076865
175 0.978447565789088
176 0.975967881834877
177 1.041889430599642
178 0.996944611266483
179 1.003145414490073
180 0.959053592669084
181 1.006596410071533
182 1.035617277033825
183 1.019309030007908
184 0.955475916737485
185 1.007407766750207
186 1.049501685443831
187 0.958607773513082
188 0.942856943673111
189 0.954623267828416
190 0.978854287001408
191 1.039471941457167
192 0.969506901383854
193 1.020208117132787
194 0.989152782087828
195 0.966235799019700
196 0.907549272554611
197 1.072422247345432
198 1.025751773556048
199 0.972449164183797
200 0.998629737787116
201 0.955664033602093
202 0.991390225959319
203 0.949543388452264
204 1.059730398489980
205 0.968058718218527
206 0.958524688693706
207 1.037681056999475
208 0.951976569469710
209 1.003420505978564
210 0.962530276855883
211 0.950399128930839
212 1.001631744766057
213 1.082998234769483
214 0.976916207035574
215 1.049235000838802
216 1.059131370557257
217 0.994181441221677
218 1.010880373082830
219 0.975378300732905
220 1.040435005837936
221 0.994942700927556
222 1.003501664426990
223 0.955128337132134
224 1.048734916809659
225 0.986617144383934
226 0.993777617838246
227 1.016697786691433
228 0.983351238924685
229 1.009648061402082
230 1.001116708269921
231 1.009521304278237
232 1.004710693343836
233 1.037060149189284
234 1.065880211053881
235 1.031794717585675
236 0.946431550692905
237 0.982803284982315
238 1.018101621369669
239 0.956941589979225
240 0.973839773819840
241 1.008445710654787
242 0.975030673332298
243 1.046004624444008
244 0.979759685992917
245 0.965458036871354
246 0.971153316784413
247 1.024270092673071
248 0.948798565973721
249 0.952910975487672
250 0.987019594363569
