0 4096.000000000000000
1 0.000224411702956
2 0.006478865421511
3 0.008142361273721
4 0.009066844671805
5 0.026462901616738
6 0.045912255396979
7 0.031249826974365
8 0.042406494032042
9 0.076675200877240
10 0.096928841759800
11 0.079104058807779
12 0.095093410878276
13 0.120517643670432
14 0.156153402255354
15 0.154498371165452
16 0.173204504756921
17 0.234760968342412
18 0.247549411507803
19 0.251371942307301
20 0.236037954446070
21 0.308003370878449
22 0.365684756085677
23 0.359746374550306
24 0.395760208861244
25 0.391723291616604
26 0.392315280176656
27 0.427279436681138
28 0.527628104272074
29 0.529266445505835
30 0.470374636761994
31 0.516184789682856
32 0.555745965321734
33 0.533216081262158
34 0.541921828688131
35 0.654580166503752
36 0.651757287882309
37 0.758604787895409
38 0.620774367303885
39 0.745026801969114
40 0.685716135745907
41 0.757276451092088
42 0.858101230313379
43 0.823192800924046
44 0.800297712295377
45 0.844378744588720
46 0.986944964572755
47 0.897218173476334
48 0.877735237272720
49 0.987670230532249
50 0.848577726621945
51 0.917287033633462
52 0.869242109421654
53 0.900692425220559
54 0.882270210103300
55 1.055919415854495
56 0.918467217809261
57 1.053042149425996
58 0.945034905282971
59 0.995930405776456
60 1.034733563264691
61 1.095338314807893
62 1.064707212746110
63 0.909688095196751
64 1.128897789209782
65 0.972803763565281
66 1.073070650754418
67 1.069919775564588
68 0.999596733331234
69 1.029088749557312
70 0.935986706853971
71 0.899788317929395
72 0.892037918185189
73 0.972882956543653
74 0.924512605825793
75 1.042753521176761
76 1.090801055453322
77 0.964124831799402
78 0.869178212756100
79 1.054933533643152
80 0.973529895996387
81 1.149066338068299
82 1.066010284748283
83 1.085193569079120
84 0.943403106920617
85 0.940599530981243
86 1.084102183954345
87 1.050083189429525
88 0.864635745842151
89 1.026309725958570
90 1.056334268690549
91 0.922300501970945
92 1.057157328687621
93 1.041402623482860
94 0.908211652496200
95 1.001548607338945
96 0.990022227289542
97 1.008555896611009
98 1.029139617439937
99 0.928871781312030
100 1.019624020914959
101 0.948189275308041
102 1.019177026241367
103 0.975042488396604
104 0.975953066942127
105 0.956527417127609
106 0.966680931223582
107 1.050899568266420
108 1.016579622954671
109 1.003867447686911
110 0.942869047738969
111 0.974140404876511
112 0.959209641973386
113 0.988430055036020
114 0.887138832630249
115 0.937687022999224
116 1.050565873532663
117 0.997272995115733
118 0.976719879560788
119 0.994536731845233
120 1.065202514529082
121 0.994364013583564
122 0.924036090584191
123 0.921598435353562
124 1.037286597393472
125 0.890689529790986
126 1.023306307782869
127 1.004010088447639
128 1.081720731385699
129 1.022016486027570
130 1.003879232195251
131 0.990933972968843
132 1.020512993650940
133 1.072011802945244
134 0.944593735795480
135 0.942479616308580
136 0.961456550315348
137 1.078795522635905
138 0.961828825371284
139 0.986873022241319
140 1.002530353505724
141 1.012766464564713
142 1.032074365472430
143 1.022678749036920
144 1.100329037423510
145 0.928527556347022
146 1.022791670501132
147 0.955130166832497
148 1.089823832004856
149 0.956638510340370
150 1.015668045304030
151 0.990546168771296
152 0.997568206104305
153 0.979946914752046
154 1.004803434471919
155 0.972593221228123
156 1.059881727379010
157 0.945760957863428
158 0.978209823821126
159 1.063227815716218
160 1.035911243230968
161 0.976733368865716
162 0.970885433388452
163 1.011402874031372
164 1.000457432275859
165 1.043584348649703
166 1.043367615331551
167 1.027252877511514
168 1.049067548121924
169 0.999358432714403
170 0.974211640153890
171 1.061493308923069
172 1.011685159661491
173 0.940537998762159
174 1.025028448934504
175 1.012001360195440
176 0.955076577335584
177 0.935445217100043
178 0.955777890752518
179 1.003352511317298
180 1.003517674271348
181 1.003317715599422
182 0.984201746844078
183 0.997112862633535
184 0.950115341007681
185 0.996348722498636
186 0.967885903143344
187 0.977419350265785
188 0.901047666731532
189 1.067059925173203
190 1.044285856728143
191 1.008312468698180
192 0.974971780984146
193 1.054050929523872
194 0.982585988674092
195 0.961554735660432
196 0.982086972186241
197 1.002703676897839
198 0.962139675386587
199 0.966237074223223
200 0.995381154578338
201 1.043773213217713
202 1.035985619403442
203 1.048569807047626
204 1.067052470473030
205 0.942527088683028
206 1.012986050049343
207 1.082214370166537
208 1.015561704464443
209 1.017716936355939
210 0.965584601061288
211 1.044448154710059
212 1.024197286033338
213 0.997699784130328
214 1.002668339744042
215 0.934017168584121
216 0.975428067093987
217 0.961921544756468
218 0.911861667599586
219 1.000155414724759
220 0.936622787443060
221 1.012065676350789
222 1.025493551891701
223 0.948469827981895
224 1.046765609831193
225 1.084237307325936
226 1.009948273163213
227 1.052346401524624
228 1.007101064491012
229 0.983280435178549
230 1.014078824270497
231 0.980717503874260
232 1.004294912598488
233 0.913656980000050
234 1.002709956887105
235 1.018940002731454
236 0.971051545361109
237 0.975554132351042
238 0.950201952159539
239 0.937627510108239
240 0.998487891636248
241 1.018603358590273
242 0.958441798519675
243 0.992541908882470
244 0.964717154149026
245 1.023676811246437
246 0.966562918708905
247 0.950657917224179
248 1.000546026939352
249 1.002742288999227
250 0.960206897183398
