0 4096.000000000000000
1 0.000604740602801
2 0.002835681552686
3 0.003859839963168
4 0.012821413187745
5 0.023803810568333
6 0.035868961019755
7 0.044587676140219
8 0.053605976417192
9 0.052019227312160
10 0.066064239693291
11 0.057543977297856
12 0.140041819378639
13 0.109345184466243
14 0.122384904566052
15 0.158961142911011
16 0.193718391669254
17 0.188601151525314
18 0.288064378587521
19 0.301214757402386
20 0.254037680352655
21 0.295992575407737
22 0.330463781564966
23 0.396262880391601
24 0.461152297210395
25 0.436012237507724
26 0.396202983924554
27 0.455152663930244
28 0.403887688382442
29 0.484108253886185
30 0.530909006756972
31 0.698466623744253
32 0.639175167181833
33 0.595014454007279
34 0.718425941531107
35 0.637559052227627
36 0.619010575579799
37 0.603570503379898
38 0.617838394792216
39 0.715748926560039
40 0.775850257107076
41 0.709864784873039
42 0.975814346897454
43 0.876996559474320
44 0.771076716610610
45 0.924682432335710
46 0.911990978587683
47 0.910249842803709
48 0.968739682759049
49 0.944424086330424
50 0.821547505229046
51 0.927758689137179
52 1.069268912059411
53 0.981754042995105
54 0.929794249904705
55 1.084382135140794
56 1.067539796789912
57 1.078753713339536
58 0.953809796547194
59 1.039796730658485
60 0.854126868819847
61 0.999625709336994
62 0.940354773266815
63 0.932927642993391
64 1.068462497355701
65 1.020052245096876
66 0.984642941913379
67 0.975015833983302
68 0.925427580027278
69 1.040186398448175
70 0.919267297502781
71 1.047471786784476
72 1.034021470600582
73 0.971004739848537
74 1.008181991311790
75 0.996809483407369
76 0.962881288889914
77 0.983015948215602
78 1.080033543358936
79 1.003906941363618
80 1.022811133009253
81 0.911116447922997
82 0.879972580995851
83 0.862963843060942
84 1.110588343849705
85 1.075032981276460
86 1.090189245553052
87 0.909937371237399
88 0.912086970966420
89 0.904425658559974
90 0.968921456063176
91 1.030360323527883
92 0.952206390725381
93 0.883835058137820
94 0.984361344380559
95 0.992898226339936
96 1.037530102480262
97 1.093235470933160
98 1.064472452209307
99 1.114778085761964
100 0.990275661671847
101 0.965428798106417
102 0.921671873133235
103 1.001542636037569
104 0.919942666416789
105 0.946689788535153
106 0.996366600268319
107 1.074732062479492
108 1.057683224324439
109 0.856089948111089
110 0.930250369947617
111 0.891928004062579
112 1.070843724784891
113 1.034761961869841
114 0.982946354895962
115 1.055233187596026
116 0.946660781765403
117 0.864321470560721
118 1.024749021741827
119 1.073922302809662
120 0.939855802986131
121 1.002069569802976
122 0.993714981544507
123 1.010894726913035
124 1.051829941512711
125 1.008972329523609
126 1.018747387597983
127 1.089629831136272
128 0.942682595581571
129 0.981661640253460
130 1.062194427329429
131 0.928103350835003
132 0.974684130677500
133 0.992729254191803
134 0.953350264894141
135 0.917975105267181
136 1.005127067582213
137 1.064619049131785
138 1.009003578980422
139 0.953495793992932
140 1.062381411316838
141 1.002253385019980
142 0.968756531003626
143 1.037764112033155
144 0.958317112470077
145 0.970899145184033
146 0.990422973253813
147 0.982336988052788
148 1.048145278860027
149 1.047569412921619
150 0.982344524570417
151 1.039442251476283
152 1.049222746668684
153 0.973009649902585
154 0.958578282526553
155 0.947088771602987
156 0.952876571230893
157 0.973180635015738
158 1.041502703071717
159 1.035005314442752
160 1.101166152760883
161 1.103956807233627
162 0.977284117152985
163 0.991741900359861
164 0.984635218193886
165 0.989064033050170
166 0.955587877443366
167 0.973137946199012
168 1.017325603347872
169 0.958105561641114
170 0.941294342828706
171 0.949940225686332
172 0.976383624775102
173 0.955855671810695
174 0.979615842429055
175 0.992306518403507
176 0.961711808456528
177 0.998361534544430
178 1.063605309735580
179 1.010071531754583
180 1.028408362626515
181 1.042712257210767
182 0.986897880466305
183 1.003823729287678
184 1.052769894412349
185 0.930377309585673
186 1.053945868280972
187 1.008836678766850
188 0.983579686736803
189 1.006522329471995
190 1.022624929136371
191 1.008872649808049
192 1.017502763887393
193 1.032076585369473
194 1.007897447822030
195 0.957660595079915
196 0.974576378423945
197 1.022566549363707
198 1.040463680537651
199 1.031992126846691
200 1.027779378695436
201 0.961958960522444
202 1.036167066434996
203 0.947183456754516
204 0.994882293673241
205 0.960241411458445
206 1.013785457276227
207 1.015533332664658
208 0.952469673734789
209 0.997983249538737
210 1.016752838563187
211 1.049826304361728
212 1.091352960938520
213 0.980201785021504
214 1.047970369408126
215 1.071398849952309
216 1.009834874907071
217 0.940303044745118
218 0.978773880490560
219 0.956050009971317
220 1.019529379997677
221 0.975341472988364
222 1.019010726506021
223 1.005875626675737
224 0.992547903399489
225 0.941284643771110
226 1.015499230209619
227 0.944391856495912
228 1.015528876742115
229 0.981374493289179
230 0.999468438648701
231 0.995886110689954
232 0.909219503118676
233 0.895178433780750
234 0.963502431714378
235 1.016915311591162
236 1.019322509265617
237 1.048508613013237
238 0.957641318109764
239 0.965315221030444
240 1.001809965182493
241 0.999156690755093
242 1.003480972790871
243 0.996389366841991
244 1.029920091089293
245 1.024129000872543
246 0.971086953909189
247 0.987977822994319
248 1.047864420408124
249 0.970124901797360
250 0.998449375023580
