0 4096.000000000000000
1 0.001398393269647
2 0.004222053763153
3 0.006782328567756
4 0.011053523016017
5 0.020026626345826
6 0.029743746714291
7 0.042601231234148
8 0.045309518692532
9 0.061024189870934
10 0.083758667236426
11 0.090060927649348
12 0.112645426723341
13 0.136329053170779
14 0.154553770732981
15 0.166889048157922
16 0.204082894714118
17 0.189710233253232
18 0.247339758385888
19 0.272547495192686
20 0.278856637957754
21 0.303361416458085
22 0.330324380236791
23 0.381243693193250
24 0.418776354639686
25 0.416009823906038
26 0.433932143587404
27 0.478417635237370
28 0.482307495202155
29 0.530555073661662
30 0.544138541368372
31 0.605020794107777
32 0.558453487791859
33 0.609282747519186
34 0.661885795620009
35 0.686127655226887
36 0.645775792008927
37 0.695991398755757
38 0.705259138884607
39 0.759694917424841
40 0.768033028988734
41 0.798305474832960
42 0.826784790875240
43 0.839151433456642
44 0.853679797376443
45 0.888719773214495
46 0.888691448404382
47 0.876465872126632
48 0.930864431380481
49 0.872871384743734
50 0.892559384344988
51 0.947136313554513
52 0.960218658114092
53 0.986446507380074
54 0.962911347917370
55 0.981789728400487
56 1.024445517500395
57 0.948355117629030
58 0.969386564718222
59 0.987096009465262
60 0.999771450748496
61 1.013916329952646
62 0.971895237460209
63 0.975825750256577
64 1.019098033591619
65 0.958038128801923
66 0.982760445648862
67 1.036668242013366
68 0.971037430439550
69 1.024514741982421
70 0.965601559230609
71 1.042198975635219
72 1.017351475853142
73 0.943550265023287
74 0.976873356860784
75 0.964871699649977
76 0.973226494314656
77 0.976652441280214
78 0.969036125553392
79 1.017246181138701
80 0.990202799597335
81 1.002045962643608
82 0.973983074274827
83 0.953397859791820
84 1.008522247433667
85 1.016157156283662
86 1.041290777212269
87 0.947188590812969
88 0.993623558641768
89 0.953799893840020
90 0.962455004948205
91 0.959336927327822
92 0.958986278670636
93 0.982954915058528
94 0.975868559067364
95 1.009633756444250
96 1.033203270904325
97 1.004239311254106
98 0.995922328228746
99 1.004231883333155
100 0.975248011589459
101 0.988798869246024
102 0.963096998200329
103 0.965667140530898
104 0.974503990235138
105 0.975181124551777
106 0.992445495359959
107 1.010050680444855
108 1.005766592322101
109 0.965421157617219
110 0.984059078729540
111 0.984625943973792
112 1.026653161066190
113 0.977958129335965
114 0.976044462793192
115 0.975577807847614
116 0.976985001661038
117 0.967965560064965
118 0.985367862512222
119 1.009415596599164
120 1.023642331912599
121 0.976209198411586
122 0.986491961463349
123 0.985249958782903
124 1.046790355263935
125 1.022463135609796
126 0.982277168137742
127 1.011740710087314
128 1.002665459135244
129 1.001523226747885
130 1.012362591256524
131 0.984372585320421
132 1.023898782252192
133 0.997269414276543
134 1.011904887074807
135 0.973074480323242
136 1.001325154931775
137 0.988455632009628
138 1.027073059040778
139 0.994473226173699
140 1.031580827263682
141 0.992021718962850
142 1.017998545428087
143 0.995610896454632
144 1.016034419109341
145 0.989300216017558
146 0.998727296479961
147 0.994271511761485
148 1.011502330168986
149 1.000859347230323
150 0.976497596877938
151 0.993605230426634
152 0.994737223366391
153 0.985342481889845
154 1.005363084811277
155 0.966154227782577
156 0.969477237477108
157 0.994276996394213
158 0.996022221500065
159 0.994219816748339
160 1.005890308560206
161 0.996831670499265
162 0.982202791464438
163 0.996140313822902
164 1.021481346439640
165 1.003343494344693
166 0.999726367067612
167 1.004951378181104
168 1.008678999479617
169 1.002770713385080
170 0.990018170381784
171 0.976485313685285
172 1.018620140677866
173 0.989579613197475
174 1.028385880709556
175 0.993435458342357
176 1.001303936686131
177 1.020503313738837
178 1.013131830969121
179 1.003018370310706
180 0.999838702089931
181 0.992693860155461
182 0.996352791523864
183 1.004888842925836
184 0.999947927773501
185 0.980926176902193
186 1.001344945320097
187 1.009213640556436
188 1.000803730872228
189 1.033494499801332
190 1.009696423529506
191 0.963985087950633
192 1.001104445381865
193 1.004531723752762
194 0.995982722072783
195 0.971607207847725
196 0.999556005394038
197 0.998415528987047
198 1.031492558833388
199 1.020596812507298
200 1.025078170512658
201 0.985110751381629
202 0.981340704662653
203 0.990269671895215
204 1.026573370668001
205 0.992483857201682
206 0.984210387142948
207 1.014538052342568
208 0.969074282008049
209 0.967445718379942
210 0.986891002082566
211 1.033628825568774
212 1.027654657236968
213 1.029865206065914
214 1.021117906950689
215 0.997991098705785
216 0.990698812080467
217 0.984869613821231
218 1.016909816523270
219 0.988949083812534
220 0.982596999748364
221 0.994417494092395
222 0.994238206776365
223 0.975959685390509
224 0.978793667551630
225 0.970912301452365
226 1.017723407151555
227 1.007631820123225
228 1.004291633579137
229 0.980248285473373
230 0.966617076585556
231 0.998471114981852
232 0.965429565272678
233 0.968465719249958
234 0.999679296065658
235 1.014091918014669
236 1.003435773603706
237 0.998114338803668
238 0.987284984297196
239 0.999821967864754
240 1.000140856119956
241 1.001809016374622
242 1.007520609629610
243 1.000071889627939
244 1.023410551159933
245 0.997951735938203
246 0.988664901863389
247 1.013399493722011
248 0.999208515621837
249 0.982978961557534
250 1.010126723643114
