0 4096.000000000000000
1 0.000688646281428
2 0.000873583773999
3 0.008925825989737
4 0.012600686416843
5 0.018228007760926
6 0.028967417191040
7 0.047574261463299
8 0.051848526889451
9 0.058458486790033
10 0.083703247596970
11 0.108018832417371
12 0.130498237194624
13 0.152588195975835
14 0.146880467180279
15 0.161306002560508
16 0.163557002023052
17 0.254393756116693
18 0.218507283173371
19 0.337022875959303
20 0.322489780213485
21 0.286401951036067
22 0.335809272259982
23 0.457909708767245
24 0.357448641923340
25 0.406993431299269
26 0.412031730224160
27 0.510791109550062
28 0.546429191604489
29 0.500247245513698
30 0.509637366509004
31 0.558965722404422
32 0.526250341147540
33 0.647093538794819
34 0.575187667137665
35 0.787472915152613
36 0.700688162953172
37 0.713782392734657
38 0.656215959539895
39 0.906673501927352
40 0.653375964879563
41 0.689754476980670
42 0.885611357047082
43 0.847086746072070
44 0.882526716454473
45 0.859608724628495
46 0.928321259934937
47 0.762507714651559
48 0.843518492082281
49 1.085968218241019
50 0.890024912850613
51 0.865263281250870
52 0.808584373085323
53 0.971749063452344
54 0.914764500926719
55 0.948424170160351
56 0.880292629520676
57 1.076410055658823
58 0.951012910587310
59 1.019281109091924
60 0.950559777383198
61 0.976312470731021
62 1.134842665777970
63 0.966086638178377
64 1.025693642670207
65 1.099881805621929
66 0.931326935924344
67 1.165728131100344
68 1.245407397437883
69 0.909617504569547
70 0.959779890910747
71 0.997319346805932
72 0.969473676862000
73 1.006290515000029
74 0.920086454202375
75 0.959238531365277
76 0.971489757504759
77 0.982627951191295
78 0.998772410942575
79 1.030253419906170
80 1.047094656223028
81 0.971233717960070
82 0.977859364346937
83 0.949202025588693
84 0.903375646433153
85 0.974183212510058
86 0.973073916046197
87 0.940013980400929
88 0.901698824571946
89 0.997807844127738
90 0.941632280217277
91 0.926734959321193
92 0.931695377020086
93 0.950185062963549
94 1.038719235711815
95 1.055400000516994
96 0.973417722783915
97 1.019562574484603
98 0.980929133923391
99 0.961523073068157
100 0.941809493287003
101 0.965003452976755
102 0.928747125797292
103 0.910629272072486
104 0.914299176944508
105 1.027868103344702
106 0.985875226458622
107 0.987688459849833
108 1.068430279266682
109 1.007952233039312
110 0.949304305318556
111 0.967159684317451
112 0.899508524441525
113 0.903313181128953
114 0.995638649164741
115 0.964679522452079
116 0.956233748125706
117 1.020682895871262
118 0.930993422895391
119 0.971328366772183
120 1.056240413913798
121 1.095564630670285
122 0.972893861850904
123 1.013927991782915
124 0.971288782219096
125 0.967730872595106
126 1.015354380988907
127 1.076035455693799
128 0.981631739514731
129 0.965382081056845
130 1.045581914753234
131 0.992575417678628
132 0.955498393302089
133 0.998448342892480
134 1.000655040031926
135 1.035146605503796
136 1.061229373196330
137 0.985409439003769
138 1.026644345399935
139 0.995998039433059
140 0.966672453337996
141 0.933505545623656
142 1.050932988838156
143 1.010220862378532
144 1.056489291814227
145 0.983592587285138
146 1.013257049447062
147 1.050776276197418
148 1.110079747702905
149 0.916782076999154
150 0.983683859181797
151 1.100837477346498
152 1.019015042046687
153 1.014814647097833
154 0.973382370155556
155 0.991990556142079
156 0.926510322207303
157 0.924538800093236
158 0.943607548642720
159 1.047263896732229
160 0.906278538767826
161 1.069354344406606
162 1.013368854252707
163 0.997281838346374
164 0.956552745107292
165 0.970827803346220
166 1.011298914474944
167 1.029013999691050
168 0.986143781979736
169 1.002084837839645
170 1.082157658152370
171 0.978186304967448
172 0.929830494367373
173 1.050091027969664
174 0.950199042106570
175 0.923744723328699
176 1.012944346082723
177 0.962245286469850
178 1.007753669110661
179 0.986100359873643
180 0.954393130007176
181 0.965526056387939
182 0.992560917330818
183 0.940717764823847
184 0.944009842123125
185 0.957066153858783
186 1.007550532844927
187 0.972549111176866
188 1.028901115379713
189 1.001038889181118
190 0.978178195203384
191 0.985290047962132
192 0.935893260920982
193 1.083071467937179
194 0.978272831613957
195 1.041272888571448
196 1.004559547054839
197 0.999412986416629
198 1.036048333453556
199 0.957348620068739
200 1.017179823196601
201 1.034712434977106
202 1.051319486263020
203 1.102310208421419
204 0.975498099173513
205 1.038054344810127
206 1.029253326275601
207 0.994228621468650
208 0.961372253481981
209 0.975942258072961
210 0.948709683700932
211 0.998103485724185
212 1.002798200070969
213 1.039926268783833
214 1.040587786926796
215 0.977682103014650
216 0.984461395453915
217 1.001897797190888
218 0.998106879651015
219 1.013018425869723
220 1.007759989455772
221 0.996218312400964
222 0.953884015255974
223 1.003866231253199
224 1.035087460163554
225 1.030366391576597
226 0.962229168913413
227 0.951457312352075
228 0.980184528406770
229 0.980694002252567
230 1.034400416728092
231 0.987089565978962
232 0.977487179748687
233 0.982791642878622
234 0.982394222051771
235 1.058182017729491
236 1.019388934541424
237 1.039749861991139
238 1.005674013414989
239 1.005431923866254
240 1.070297635272963
241 1.018875830500785
242 1.030664671317045
243 0.952902899699501
244 1.086187762598974
245 1.038585929439029
246 0.983238496989429
247 0.983049360521543
248 1.033060199313828
249 1.007943363204549
250 0.941927442830220
