0 4096.000000000000000
1 0.001593331724265
2 0.004428238214381
3 0.006933971579332
4 0.011251142427296
5 0.019974755533714
6 0.029457967425889
7 0.043377429583479
8 0.044093727568893
9 0.062729355332363
10 0.082814828017085
11 0.087827866016811
12 0.110725518127012
13 0.138154986507914
14 0.151409732011715
15 0.165050601726568
16 0.201463258985931
17 0.189460652516566
18 0.253344331163462
19 0.269338432619333
20 0.278576902447201
21 0.299925512443959
22 0.325654831824396
23 0.384992619018885
24 0.424827677634319
25 0.415012775871927
26 0.436082024269522
27 0.475359998404398
28 0.477522713563487
29 0.530514665546386
30 0.526417632343897
31 0.620051448193379
32 0.559553635638906
33 0.605359534800401
34 0.654679507159986
35 0.678596532749950
36 0.641222214164576
37 0.696495384508200
38 0.700596227588905
39 0.776557770570608
40 0.753204604053373
41 0.798239422715294
42 0.813665418301649
43 0.836798708605932
44 0.852855472225216
45 0.887549287750179
46 0.882344513060350
47 0.875373772043089
48 0.917962798510956
49 0.874578036285981
50 0.894499046068442
51 0.945913885450513
52 0.962759794926547
53 0.999055556824774
54 0.965143087295677
55 0.986722992084122
56 1.013375244894450
57 0.965251181353656
58 0.986025366535138
59 0.978328603393747
60 0.982670313575495
61 1.013422331375143
62 0.986173575952715
63 0.972131061945212
64 1.013863926926775
65 0.949948893534853
66 0.983934609554008
67 1.035470885970869
68 0.950146173812109
69 1.023006479798393
70 0.951858519240370
71 1.065747189631415
72 1.020315315377232
73 0.943166289387578
74 0.992479247430781
75 0.959275689009148
76 0.971383871600401
77 0.978971112369176
78 0.963800178866318
79 1.034131637848203
80 0.994060352095729
81 0.998874425877203
82 0.981631611460197
83 0.925185381226914
84 1.011237140138602
85 1.005708326210287
86 1.038327226403507
87 0.936190622259942
88 0.994798825879632
89 0.957605959607574
90 0.963915215756177
91 0.974056211312521
92 0.970466508659195
93 0.976489019639036
94 0.978741431526519
95 1.014366584791532
96 1.042442678796855
97 1.001908647806049
98 0.997851625068569
99 1.003168788165102
100 0.972247477179795
101 0.997244976141083
102 0.959926242029638
103 0.979612638371917
104 0.964707196319730
105 0.984026990071726
106 0.992818728666386
107 1.007525235784321
108 1.004477372913630
109 0.963632957681825
110 0.985438413941499
111 0.976502695599631
112 1.033331005583030
113 0.978529540199023
114 0.971877639156593
115 0.987943372658334
116 0.985088798252316
117 0.974053685658367
118 0.981115814610418
119 1.011238701758677
120 1.031840819626490
121 0.973292998328264
122 0.977931476380423
123 0.984314561459170
124 1.052412125805751
125 1.030179329582533
126 0.990995288776369
127 1.021613738257520
128 0.994855277555058
129 1.012097465362149
130 1.017508522950398
131 0.973627294626687
132 1.017137075347304
133 0.988765314980564
134 1.003320212385388
135 0.963334703932425
136 1.003005659372568
137 0.981303490287115
138 1.026467921401717
139 0.995234714220823
140 1.022295101617199
141 0.975313555259062
142 1.028668949657774
143 0.995196863452949
144 1.006204707599971
145 0.988492157648510
146 0.997768710862016
147 0.993873977478543
148 1.013046526517932
149 0.999804059545703
150 0.984577554421401
151 0.991251424898137
152 0.996134000531956
153 0.982853321022019
154 1.003395480710045
155 0.961083931989554
156 0.976393226482488
157 0.993439380012570
158 0.988007628177771
159 0.991413626241087
160 1.013058528108950
161 1.001471822138424
162 0.976435045660209
163 0.992708164173980
164 1.005619866845429
165 1.008722985329909
166 0.999006387227144
167 1.013965889274277
168 1.012981827364504
169 0.996449248662527
170 0.990822853107749
171 0.975750962923062
172 1.008549983671500
173 0.980703482353091
174 1.023212207558392
175 0.990456122363479
176 1.008430010676981
177 1.013257956656372
178 1.015125282121797
179 1.005036631518714
180 1.009974420239812
181 0.997954288774634
182 0.995032887862968
183 1.001990271222806
184 1.001893239229504
185 0.968897537644500
186 1.003833537247631
187 1.009495686493228
188 1.006724151660198
189 1.029057347234232
190 1.011873729154696
191 0.965800512872925
192 1.004626562952734
193 1.006623910368092
194 1.004046089823820
195 0.975113412710003
196 1.001974895608449
197 0.984819160264510
198 1.030599671322656
199 1.021311793712130
200 1.026436160767840
201 0.986573290520801
202 0.979024120253527
203 1.000556708050714
204 1.018959946257229
205 0.981775664944073
206 0.981879609804152
207 1.028395740825288
208 0.971826780499921
209 0.959976163897882
210 0.987433915311044
211 1.039628661814749
212 1.029937088635316
213 1.027289165713525
214 1.024780069684353
215 1.008632824133695
216 0.990901128141757
217 0.995600546746401
218 1.017561703102975
219 0.987028576792882
220 0.985497266315943
221 1.001671156177969
222 0.997005050114719
223 0.979598699097576
224 0.970734893991889
225 0.967259641970746
226 1.011687235236992
227 1.002015734165172
228 1.001894401011786
229 0.981417543391192
230 0.966093973400565
231 1.008244363958343
232 0.964665042797697
233 0.962940485646761
234 1.007007345815324
235 1.016823588084671
236 0.997500669445359
237 0.995361929948681
238 0.990750560890726
239 1.011044451774846
240 0.997736199419244
241 1.001383310864464
242 0.998286483114983
243 0.998524322589371
244 1.013261714435534
245 0.993980137409092
246 0.982128975117946
247 1.014758735887356
248 1.001681000519713
249 0.980420191211606
250 1.008619844211942
