0 4096.000000000000000
1 0.001215545472590
2 0.004117513986832
3 0.007824594673613
4 0.011304575200661
5 0.021680209202440
6 0.030597098247428
7 0.041468366683542
8 0.049112190224829
9 0.064131521593111
10 0.082608789160180
11 0.091996479904833
12 0.111456529716592
13 0.136225944765286
14 0.149725541611083
15 0.160544982684953
16 0.194322942734507
17 0.191703160339147
18 0.242260766586565
19 0.271191870808683
20 0.284552233071340
21 0.308907420154292
22 0.322226702599388
23 0.374600124584327
24 0.400791274802702
25 0.425148227238992
26 0.444601852751139
27 0.466903226619585
28 0.484005819596439
29 0.528366304574902
30 0.552005835183873
31 0.583470341712736
32 0.572655394141967
33 0.619861870014704
34 0.650842643783289
35 0.683436656403334
36 0.656471972204526
37 0.700399994246208
38 0.711777789585824
39 0.761206455247608
40 0.761619318085269
41 0.810172346026744
42 0.811862636833788
43 0.839647984342273
44 0.856518915287867
45 0.883880273784656
46 0.878983455029167
47 0.864866304192669
48 0.939595999528973
49 0.869846796747939
50 0.908125124171079
51 0.934839835944552
52 0.945112854374082
53 0.989295410083580
54 0.957133993367303
55 0.961072074951792
56 1.003081737522868
57 0.955022095997887
58 0.973918733640553
59 0.990674970615497
60 0.994601092702104
61 1.020337633679800
62 0.971583046377680
63 0.989706793280318
64 1.003161660573255
65 0.977483280075220
66 0.979435420336040
67 1.042370321001996
68 1.002552110075685
69 1.003710903869720
70 0.978310665151276
71 1.029968354091453
72 1.000930067746363
73 0.961018458577525
74 0.967376835972629
75 0.970649915713296
76 0.981333034919019
77 0.987905971169911
78 0.985635536891708
79 0.996290092488416
80 0.995605662698266
81 0.986723429884990
82 0.980138966075235
83 0.967296373357493
84 0.991789224153945
85 1.018570476000400
86 1.023546950997151
87 0.948998972434527
88 0.989929222692906
89 0.959266774486925
90 0.942213910951779
91 0.967786719771744
92 0.983491348593182
93 0.979767743133126
94 0.972068807291001
95 1.018196324561468
96 1.012710687465010
97 1.014799550726841
98 1.003440469169706
99 1.004731862431258
100 0.974906254705272
101 0.975536372697168
102 0.978729592276422
103 0.967895024776386
104 0.966727641520686
105 0.977844695030108
106 0.986699953665067
107 1.006943665936716
108 1.006784283262246
109 0.962670933650052
110 0.974006829231509
111 0.984445538187107
112 1.011876994780314
113 0.964000614264940
114 0.987444198382559
115 0.982359572790418
116 0.978798156904642
117 0.975759883494893
118 0.989690184014053
119 0.996245653077815
120 1.040688900083691
121 0.983110600492175
122 0.992000565119935
123 0.991744221556277
124 1.048255791592874
125 1.037243574755193
126 0.992430064236409
127 1.000808881351261
128 1.012461202005806
129 1.007223480599046
130 1.013611880151307
131 0.989206670295168
132 1.005174302933480
133 1.003083251585225
134 1.010042418097709
135 0.989262550856479
136 0.997265089639188
137 0.999359432165896
138 1.023630833515235
139 0.988251570926902
140 1.021341820755814
141 0.997199796034190
142 1.016588184382873
143 0.987994181675675
144 1.017978739519028
145 0.980749110579724
146 0.990161527085753
147 0.987167921246954
148 1.003924213913948
149 1.000006422929889
150 0.995043271738526
151 1.008278565018581
152 0.980154044545530
153 0.985627116693483
154 0.995649965453454
155 0.979134642290373
156 0.971389439846184
157 0.982953884429967
158 0.985598558579290
159 0.994227378595230
160 1.012630343187021
161 1.005334115663418
162 0.986066392703049
163 0.996597650700278
164 1.009580876920247
165 0.988788886777615
166 1.007908731444010
167 1.009002219508386
168 1.004336034978575
169 0.999071824565438
170 0.997269835784572
171 0.975535371449168
172 1.004162887098907
173 0.977461236867804
174 1.021716289388775
175 0.991563796939702
176 1.017350927033308
177 1.001680757560936
178 1.012483522445062
179 0.985827317576612
180 0.995679353064146
181 0.990236559954492
182 0.987531575566226
183 1.014772373236846
184 0.994404997656926
185 0.985898570467929
186 1.003982561970274
187 1.008905356268550
188 1.003419726414346
189 1.017827662324832
190 0.992560487168364
191 0.972795028098813
192 1.005465216517520
193 1.008037805215425
194 0.997905584188130
195 0.983733312354453
196 1.007079884716107
197 1.005326157519380
198 1.010394103507757
199 1.009950206676892
200 1.013848426861195
201 0.989177470736962
202 0.993573388473149
203 0.989365286690950
204 1.014794625232047
205 1.006027861549188
206 0.978112298516491
207 1.009113494688219
208 0.977869196125387
209 0.976424163916864
210 0.991372679263893
211 1.015289474619885
212 1.024410922696873
213 1.027999008726000
214 1.009518582206371
215 0.983017382436843
216 1.005973609653299
217 0.984395464674208
218 1.019747221252560
219 1.008152649230723
220 0.990220721709473
221 1.003973720163657
222 0.997793980438439
223 0.998925478737755
224 0.984285074021415
225 0.975683635801734
226 1.014028949562559
227 1.002926041479137
228 0.994527813609697
229 0.979718908844391
230 0.974910849927028
231 1.001957812088778
232 0.978854347747113
233 0.982267998227017
234 1.004742480292807
235 1.008099174695729
236 0.998777712895085
237 0.998068221699764
238 0.993707834334942
239 0.996009562101772
240 0.989815471402607
241 0.999579276722898
242 1.002849317290628
243 1.004471615082791
244 1.016095160432733
245 0.991416617351155
246 0.986458619555515
247 1.000860531174736
248 1.006996994216796
249 0.991785973567554
250 1.015336073313392
