0 1022.960738932291633
1 0.496831661011485
2 0.764345513811422
3 0.795652652670483
4 0.825720388356436
5 0.901458968950189
6 0.891360798828210
7 0.927854065555409
8 0.920993397635133
9 0.941310603694084
10 0.937828605311245
11 0.915912567290697
12 0.946531447305388
13 0.952134655681758
14 0.943879172777636
15 0.966769585420579
16 0.958312231977323
17 0.962564283629356
18 0.970429182010367
19 0.965887608924949
20 0.966918287758047
21 0.962620093810964
22 0.969534243801151
23 0.972498928865460
24 0.981184510654677
25 0.974987779712206
26 0.980964877268342
27 0.979299302950202
28 0.975323553314411
29 0.981260555168786
30 0.968324336643438
31 0.982005932117080
32 0.976834248081957
33 0.976657998684144
34 0.978832596961669
35 0.985986473980641
36 0.982379676496573
37 0.985129955399270
38 0.988218122346201
39 0.980181283778786
40 0.977264562523217
41 0.990438760981863
42 0.995207339388010
43 0.985225257503484
44 0.985394125760355
45 0.982415008751376
46 0.985967415739704
47 0.998444917290839
48 0.986466188805416
49 0.988081027278358
50 0.989796280243897
51 0.986312131909098
52 0.985627484813801
53 0.989979749277487
54 0.983513021524295
55 0.987456399140610
56 0.988372350902384
57 0.984270617325033
58 0.984785031505222
59 0.986342263664719
60 0.985141664305613
61 0.989643040344711
62 0.983600674934811
63 0.987671187943206
64 0.988141216075545
65 0.984920251037920
66 0.990942681681328
67 0.990240516929599
68 0.990945744104051
69 0.995059357932636
70 0.991482133611767
71 0.987483204516785
72 0.992329514558736
73 0.988380050357824
74 0.991836428808433
75 0.991419041036325
76 0.991297837894956
77 0.989992672355514
78 0.991857596041775
79 0.987166067659430
80 0.993018867621856
81 0.995044066905538
82 0.990724060996931
83 0.989549410259654
84 0.991726845203513
85 0.992321109544411
86 0.992669602093831
87 0.989903032528585
88 0.992496590675283
89 0.991518047010343
90 0.993498547541253
91 0.992136491157201
92 0.992064490469788
93 0.991029305963230
94 0.992222140513278
95 0.995447592375779
96 0.996349772971562
97 0.992476626411998
98 0.992418738545523
99 0.996950991924610
100 0.989358813636903
101 0.995007729276628
102 0.993900686351246
103 0.992117203702806
104 0.993119765243686
105 0.989522273511916
106 0.989080665083889
107 0.992254584841626
108 0.991497645389103
109 0.996954848003989
110 0.998599606094977
111 0.996143165704222
112 0.994374929513199
113 0.998752025245066
114 0.994438439395985
115 0.992505638496003
116 0.994086965152658
117 0.993149943958595
118 0.990742270121624
119 0.996607509030569
120 0.997046936248810
121 0.996958076042429
122 0.993600433529768
123 0.994405830326751
124 0.996392779938471
125 0.993924847801731
126 0.991789492836393
127 0.993686310905093
128 0.993920832432087
129 0.992910438622505
130 0.994152139733039
131 0.994463691605594
132 0.993236583618879
133 0.998705972956632
134 0.996358509413347
135 0.994817154730986
136 0.996302681733922
137 0.994256671989278
138 0.998571352617757
139 0.992689521869515
140 0.993227345736990
141 0.994014564841815
142 0.996270477622872
143 0.994441759946784
144 0.996078125470205
145 0.994945072614277
146 0.993738275336171
147 0.993240791780754
148 0.994463735477083
149 0.995000814124259
150 0.994202951047502
151 0.995493670582019
152 0.993211675932385
153 0.994186596636287
154 0.997535925951532
155 0.998506888657769
156 0.994762515961975
157 0.994461662554428
158 0.997070388753533
159 0.997232539717382
160 0.995052483821980
161 0.992825875414040
162 0.993027908731644
163 0.994516148997082
164 0.994092513969042
165 0.994149686745689
166 0.995676509296665
167 0.995747289535458
168 0.995296841298156
169 0.998888473465906
170 0.995133637852249
171 0.996651357620211
172 0.996497872334984
173 0.997800008571946
174 0.996816291446468
175 0.994682845575228
176 0.993705918911100
177 0.996457112929210
178 0.995722525730094
179 0.996658567936728
180 0.995770917751072
181 0.996482227779776
182 0.995666976181946
183 0.997132159506356
184 0.996358973767224
185 0.995656245758755
186 0.996347076500726
187 0.996271586634291
188 0.995844766077949
189 0.993010892436789
190 0.996249507376001
191 0.997876531041930
192 0.994735414701626
193 0.994799718664249
194 0.995383445013130
195 0.996232704981307
196 0.994542987270507
197 0.997483286170905
198 0.996533778056163
199 0.999034934188948
200 0.997837865239773
201 0.995614151853746
202 0.997159650717693
203 0.994909142116272
204 0.993835364520706
205 0.995808895028729
206 0.997042141217796
207 0.995971687321676
208 0.996761597958406
209 0.996560561791284
210 0.995396512944438
211 0.995916985377410
212 0.996605487974808
213 0.999381061403689
214 0.996700395684181
215 0.998416383039088
216 0.995932364669202
217 0.993570997769407
218 0.998108489362295
219 0.995719861390873
220 0.995239706249181
221 0.998004641801995
222 0.997805071460194
223 0.994177292987567
224 0.997255566324591
225 0.995101194437680
226 0.996074421354477
227 0.998430186764548
228 0.995763627512076
229 0.995421207544267
230 0.996593461015597
231 0.997313670385945
232 0.997554660188444
233 0.996341288357635
234 0.998714452424937
235 0.999753461898275
236 0.999892931432287
237 0.996586558878220
238 0.995376761280067
239 0.994036968726650
240 0.999990571592193
241 0.996204780496335
242 0.998466518963865
243 0.996172343102415
244 0.998923510922112
245 0.997440454232965
246 0.996169558894262
247 0.995423759347052
248 0.996373016897905
249 0.997029032477157
250 0.999108391517767
251 0.997221925613453
252 0.998126604777764
253 0.997653004315883
254 0.995468655555971
255 0.898079025165453
