0 1022.000976562500000
1 0.110154666006565
2 0.542284909635782
3 0.916183080943301
4 0.715610278770328
5 0.730961083574221
6 0.645318863396015
7 0.956572182166080
8 0.571487055293151
9 1.102586000359484
10 1.042471393997617
11 1.039265308529139
12 1.080920957191847
13 0.935831232522817
14 0.844402725723657
15 0.984532160243058
16 0.917811452915582
17 0.894824985380622
18 1.426204325724393
19 1.051874696581702
20 1.040295533926016
21 0.990713028909845
22 0.764341213466490
23 0.964750397351703
24 0.971835694226779
25 0.814153062484582
26 0.913075899303129
27 0.937663376385278
28 0.840548768218252
29 0.940023034741292
30 0.928333771157455
31 0.909794378622722
32 0.883054957780987
33 1.026397918870386
34 1.098698726855218
35 0.982634549870944
36 1.054165876695308
37 0.880403302054395
38 1.110480451350668
39 1.011325081821621
40 1.083700492740332
41 1.003131495295640
42 0.971125979034696
43 0.989934848446056
44 1.078928443998017
45 0.961365053704118
46 1.090925252842214
47 1.131272788267991
48 1.046408079445171
49 0.943936606195118
50 0.963209898144539
51 0.937675549740685
52 0.841044467682831
53 1.033004996707923
54 1.045294881531003
55 0.964573188483553
56 0.932900937718101
57 0.892969259050571
58 1.004709391222735
59 1.056603443912615
60 1.004362510230953
61 0.908282711312232
62 0.916885223232533
63 0.988943417834817
64 0.990005070590846
65 1.003413136276692
66 1.104529323935276
67 0.908665108274809
68 0.959660867019840
69 0.939554210096293
70 0.974271232821983
71 1.112932036663993
72 1.004137360824582
73 1.149664082153447
74 1.013428018711901
75 0.950901776145236
76 0.997732261260292
77 1.059174142505189
78 1.108825381970456
79 1.071460106291793
80 0.986428583238068
81 1.010945101151709
82 0.984757720755149
83 0.968562405567527
84 1.038511370551953
85 0.903015513039350
86 1.014921329601373
87 0.983632990359025
88 1.018769283787852
89 0.888190800944188
90 1.046204058082261
91 1.003643102761190
92 0.901761628661690
93 0.971273014785392
94 0.987457303861064
95 0.945709296376926
96 0.883163525496299
97 0.906083666244257
98 1.027909542101138
99 0.958555281348093
100 0.951451385160908
101 0.978607601063264
102 0.994769933355845
103 0.988767643383397
104 1.023727028346565
105 0.957192092966173
106 0.961181859981146
107 1.033943639368295
108 1.017191481639081
109 1.010264993920291
110 0.976892372210365
111 0.879858596429565
112 0.961925710377816
113 1.082936773881096
114 0.930964350774546
115 0.950759335430080
116 1.002003000322053
117 0.937886826626946
118 0.976352765962997
119 0.959820198814173
120 0.959631545756488
121 1.010942369814549
122 1.040709954109212
123 0.912391331762724
124 1.025241921017562
125 0.991492462745150
126 1.003145137262191
127 1.035934820504718
128 1.073939757757861
129 0.933794189766309
130 0.947219074342865
131 1.015632091827188
132 1.073569388433329
133 1.096412554078722
134 1.000610307186580
135 0.962590386520870
136 0.957301265922454
137 0.984214577230052
138 0.966079711749814
139 1.032308151958042
140 1.017488005854957
141 0.953381500707794
142 1.008390041904428
143 0.947128421871651
144 0.996724747839994
145 0.962243118811248
146 0.989980564804005
147 0.993089799452144
148 1.101711697045405
149 1.025914935960673
150 0.974422597432684
151 1.021436787659363
152 1.040558435707964
153 0.934944405133506
154 0.970522219910053
155 1.036881672732610
156 0.994329534411277
157 1.015558597896312
158 1.058979394575484
159 0.941249891954474
160 0.995019501732478
161 0.992495038443849
162 0.922195576262993
163 1.024259496602720
164 0.953112805265314
165 1.038166433519638
166 0.969123130551695
167 1.071355136857886
168 0.992255275451726
169 0.945498651763497
170 1.013691800371999
171 1.005426545741028
172 1.000856152058166
173 0.943794364472700
174 0.950673847199778
175 0.972938018922556
176 1.039498580402775
177 1.002816156282715
178 0.990286140176775
179 0.900438322291118
180 1.007357363039812
181 1.021230916177587
182 0.972442330004550
183 0.944496977836730
184 1.039848993384702
185 0.973565691530271
186 0.993414778046814
187 0.940620405183380
188 0.986237353139684
189 1.002771281451440
190 1.061188042624822
191 1.071639561562659
192 1.005104647330040
193 0.915051911201982
194 0.997444013053050
195 0.960523383396764
196 0.948346744211449
197 1.016117176766130
198 0.989964426522714
199 0.998527589947282
200 0.968390189541749
201 0.947634390063712
202 0.996735446199384
203 0.976642148838250
204 1.012448219214647
205 0.975335718128322
206 1.050567376298918
207 0.998822132954688
208 1.030104362849604
209 0.994433448239275
210 1.003819088825300
211 1.008067117778388
212 1.002583391546525
213 1.005093557413364
214 0.998696886009947
215 0.996815413052499
216 0.900768153272694
217 0.928881638348515
218 0.965706456677970
219 0.997465343151149
220 0.992374704262426
221 1.001899489089756
222 0.999293828663907
223 0.983992452086335
224 1.032654435557246
225 0.910807840486993
226 1.048438266702597
227 1.027629307261282
228 1.051803906891558
229 0.993428629258695
230 0.967966219833221
231 0.993409168323867
232 1.047768402633645
233 1.010605194594657
234 0.995919293707793
235 0.950068748757708
236 1.025594468565179
237 0.989363561725967
238 1.011662400972878
239 0.933263231805389
240 1.037045184258547
241 1.013523375558699
242 1.050826704901919
243 1.004727344923633
244 0.989720651046922
245 0.990604449865592
246 0.942736719687042
247 1.011477750361964
248 1.027569093657365
249 1.078775092068574
250 1.058935772257437
251 1.024885723023035
252 1.033933715521405
253 0.984774410663836
254 1.009541957395089
255 0.764828392847752
