0 1022.960625000000050
1 0.500856670986577
2 0.816858503916738
3 0.797141191825879
4 0.805775582959517
5 0.839096611029192
6 0.876836729979049
7 0.920611398203349
8 0.933513512308455
9 0.966859514245178
10 0.926401848012427
11 0.901698483178442
12 0.959351978758425
13 0.942886351538371
14 0.940754828996550
15 0.962959905206240
16 0.987931289657917
17 0.953401233565989
18 0.955284421638460
19 0.965794908704685
20 0.968457906251636
21 0.963030696735064
22 0.959585562137525
23 0.970144297622999
24 0.995048118176994
25 0.981646018847264
26 0.970855647392823
27 0.974036377817245
28 0.971374287372903
29 0.978669939554927
30 0.966573577382913
31 0.998894619271119
32 0.999137786350144
33 0.980706021827310
34 0.981194382390068
35 1.000825683108040
36 0.979692062371033
37 0.989649649432344
38 0.986755842815545
39 0.997731072937863
40 0.979047177690438
41 0.992321706486964
42 0.981889985055512
43 0.979262489948046
44 0.977339605578586
45 0.969965882415964
46 0.984412676910534
47 0.997927131386956
48 0.978276131272970
49 0.985979146373759
50 1.004245141209421
51 0.989338536193106
52 0.985592162682589
53 0.982651700866611
54 0.980885560331696
55 0.995170363772389
56 0.974522140760358
57 0.991144081937557
58 0.982757740353034
59 0.987153011685565
60 0.990081957642758
61 0.980106005776245
62 0.972440140415607
63 0.989926942160238
64 0.990535007953572
65 0.992381591629039
66 0.997939623688934
67 0.997779670391982
68 0.986596433861636
69 0.999792067579856
70 0.982441447425577
71 0.979583643389800
72 0.986177405738887
73 0.986206170882052
74 0.986494120391651
75 0.992058638690261
76 0.990768759929839
77 0.990112390894661
78 0.992285082355578
79 0.978368782597395
80 0.997285135349678
81 0.996234863005433
82 0.992156263014440
83 0.992395514494166
84 1.007417692873731
85 0.987833396125379
86 1.002329188396993
87 0.997052817562952
88 0.996711818128886
89 0.997223937054789
90 0.994241267591630
91 0.990399614694617
92 0.990333682750503
93 0.983449124733474
94 0.992293735152815
95 0.994183838561878
96 1.004500807310581
97 0.984023706484247
98 0.990946144422439
99 1.002336947301557
100 0.988846726029601
101 0.994926688613599
102 0.995252476500322
103 0.983366214201280
104 0.993162798963765
105 0.986297798162620
106 0.990150076961153
107 0.993457304452119
108 0.996530587209716
109 1.000572190900074
110 0.996769331442649
111 1.000440335349781
112 0.987820160166278
113 1.002892807400472
114 0.995740971870520
115 0.994596539319212
116 0.997850247627899
117 0.988061177040842
118 0.995651476860970
119 1.001957628948122
120 0.992901585676900
121 1.000715388224211
122 0.995342675397116
123 0.999202155846185
124 1.007029246782488
125 0.981124184168945
126 0.990878255100369
127 0.994237133189968
128 0.989321205702049
129 0.989321080091658
130 0.992232427643873
131 0.994542071939360
132 0.997027345810041
133 0.998961194243764
134 0.995304570619690
135 0.992612826510353
136 0.997253092890493
137 0.991289210693682
138 0.999440990980558
139 0.998549957400257
140 0.993963666446464
141 0.990277265104711
142 1.001363271264676
143 1.001093223016651
144 0.993303393999065
145 0.992272536552752
146 0.989431184672867
147 0.989184691720487
148 0.997026676028563
149 0.999698928403671
150 0.993217778264094
151 0.991618487703023
152 0.997338187515912
153 0.988708584314722
154 0.998301120370168
155 1.002320154185332
156 0.998832386677422
157 0.987811098509241
158 0.996385543257032
159 1.000152398297697
160 0.995043834880279
161 0.993312665822049
162 0.994916640507067
163 0.993736708157468
164 0.987097141593959
165 0.994188279631884
166 0.999190083139761
167 0.997293797311713
168 0.993575339997473
169 0.998893768152985
170 0.992021010896002
171 0.999757421846379
172 0.994502911737599
173 0.999012552157889
174 0.989739656944149
175 0.991987422101644
176 0.991568461547755
177 0.986333125231835
178 0.995603460697361
179 0.994326985752372
180 0.991858161902444
181 0.998192057038788
182 0.993155056201536
183 0.996291155064437
184 0.996656344084155
185 1.002768274912464
186 0.992471985131434
187 0.996979965965838
188 0.994654288552240
189 0.990619805998018
190 0.996480310788312
191 1.005072951645037
192 0.987691627477477
193 0.989164598754994
194 0.993913340917464
195 0.991862619274160
196 0.991896378570672
197 0.998001119993067
198 0.993140452599597
199 0.997043574817245
200 0.996481051471424
201 0.993876675286223
202 1.002327207395604
203 0.993049210032269
204 0.991376014123034
205 0.998077277073151
206 0.991363470533862
207 0.990615279369337
208 0.991920281642878
209 0.997893008194028
210 1.001457782820470
211 0.999054688450549
212 1.000126139203367
213 0.995639867871795
214 1.000815202620924
215 1.001499540333160
216 1.003519549193380
217 0.993893077675295
218 0.998474940845186
219 0.990662498267615
220 0.991626462948869
221 0.993674483587909
222 0.995243873888595
223 0.997682105587181
224 0.993642889455390
225 0.993930264360533
226 0.993153823077625
227 0.998996199395351
228 0.996523694655025
229 0.991138997706810
230 0.997148521400838
231 0.998567518423528
232 1.001810110491388
233 0.994523803639126
234 1.004432806384983
235 0.993694449012558
236 0.997571013704543
237 0.994534846887454
238 0.996926891887250
239 0.999364810393088
240 0.998054007134298
241 0.997556895041070
242 0.996474731007253
243 0.998073804193924
244 0.997319703173941
245 0.999395893525759
246 0.992758127183998
247 0.992501224577000
248 1.001354885138399
249 0.999735601291110
250 0.994408185237759
251 0.998543092385017
252 1.001754240198473
253 0.994105048155720
254 0.992770095311217
255 0.918835952632602
