0 1022.955754394531255
1 0.509918581043845
2 0.777331783277340
3 0.801116980542859
4 0.818665053136530
5 0.894275709527279
6 0.884970501432988
7 0.929993251146450
8 0.916085928819018
9 0.942550912163816
10 0.938283476686135
11 0.914695909657406
12 0.949701992999613
13 0.947705497052212
14 0.951860255472857
15 0.968895255771773
16 0.966343835388418
17 0.957883296675602
18 0.970128020080193
19 0.970274636282162
20 0.959601086561061
21 0.964635055555722
22 0.975412830233612
23 0.968261731441452
24 0.980831073481190
25 0.972549638830456
26 0.983102029093953
27 0.977580020971656
28 0.978934037530404
29 0.982697346365051
30 0.972600501932182
31 0.985598261006604
32 0.973931950482319
33 0.974275565107211
34 0.977663441613633
35 0.984498476895311
36 0.982337996992992
37 0.986860244766552
38 0.986890529152003
39 0.983899580262050
40 0.978563674500593
41 0.990099078060760
42 0.995551131135452
43 0.986331775893249
44 0.986629636778682
45 0.976913659778753
46 0.983974363208415
47 1.003630476376046
48 0.982973916110314
49 0.990095007709273
50 0.990251680186853
51 0.984613177757287
52 0.985705158793749
53 0.989263476253695
54 0.983189784606726
55 0.990975939040499
56 0.987364777693182
57 0.982797611761040
58 0.986801283244664
59 0.989528205878790
60 0.985911279504443
61 0.986817924004698
62 0.981916705047233
63 0.986320943222609
64 0.987519907372582
65 0.986432007138414
66 0.991011165333429
67 0.992627349499402
68 0.990996653705424
69 0.997324101629521
70 0.988482344465696
71 0.986929899085521
72 0.990576692105805
73 0.988951422361302
74 0.991321168341503
75 0.992425189246949
76 0.993547373809691
77 0.992000479723612
78 0.989424730070526
79 0.986253075387124
80 0.989795550162165
81 0.996189503734315
82 0.988180290867895
83 0.988857613962766
84 0.991438399309400
85 0.990582199449096
86 0.996631200902190
87 0.988193561952397
88 0.991577908502180
89 0.990780755713314
90 0.991550143509921
91 0.989860518433339
92 0.988585430477857
93 0.990503213694313
94 0.992789120665485
95 0.995714355898073
96 0.996808528942573
97 0.993642809850085
98 0.992314013985749
99 0.997543211996379
100 0.988051448327079
101 0.992043521024238
102 0.996453040744322
103 0.991855585393686
104 0.994150374507214
105 0.990906912791735
106 0.990116037615521
107 0.991029879986417
108 0.993576163059565
109 0.997035674484476
110 0.998245579938763
111 0.997250351728085
112 0.993422647437013
113 0.997124009667830
114 0.992788482968224
115 0.992556062850921
116 0.994585981978863
117 0.993615262732001
118 0.992115040137991
119 0.998581751657279
120 0.998715516694823
121 0.995068964755591
122 0.993149715027291
123 0.994936162036471
124 0.997265447842984
125 0.990833601795242
126 0.991625137848700
127 0.993300182737037
128 0.992661393721874
129 0.991822389694697
130 0.992271470728515
131 0.995787042653912
132 0.996229177512788
133 0.998232749253819
134 0.994629479387641
135 0.992997791557915
136 0.993967514373869
137 0.993430746373977
138 0.998538397065959
139 0.994058787720797
140 0.994761983342773
141 0.994245020383630
142 0.995262443242867
143 0.993251331204130
144 0.997248572180957
145 0.993885302218763
146 0.993236640748793
147 0.994729127178238
148 0.995359063274350
149 0.997198230554925
150 0.995350573168542
151 0.994883052935106
152 0.993121395636120
153 0.995602093204263
154 0.996928442024691
155 0.998402929217492
156 0.996316250582379
157 0.993903110793461
158 0.995417176773914
159 0.995640113582077
160 0.995308629167436
161 0.991657281836471
162 0.996189809543097
163 0.993856589693927
164 0.991943688121396
165 0.993003220398630
166 0.995594522996574
167 0.997873094890340
168 0.995866987589830
169 0.999608211665148
170 0.995175959887661
171 0.995365644348869
172 0.994758324047819
173 0.997740330531729
174 0.996283930217605
175 0.993811052566283
176 0.992588886995397
177 0.996039778302630
178 0.995352774287974
179 0.997728637151064
180 0.996872125478835
181 0.996412628897684
182 0.996596332601176
183 0.997200151405492
184 0.998658850055926
185 0.997218794402997
186 0.995275081716507
187 0.997159843173803
188 0.995356822020017
189 0.992909295309193
190 0.997130562818838
191 0.997913397875798
192 0.992405379076165
193 0.994705199410775
194 0.996516134286263
195 0.996365678395765
196 0.995760464547088
197 0.994808000939436
198 0.995841049860713
199 1.000695539948991
200 0.997130187391131
201 0.995167417205691
202 0.998091007292906
203 0.992422440081925
204 0.995296563567926
205 0.995156615226515
206 0.995434155365408
207 0.996562280156120
208 0.997915577707126
209 0.996849353388842
210 0.997018421549591
211 0.996467802833745
212 0.997897290210584
213 0.999476258267754
214 0.997722305755619
215 0.999363834596759
216 0.996192605346354
217 0.993840425080909
218 0.995883590144003
219 0.995217901738789
220 0.995840851549989
221 1.000344009770908
222 0.998369982359537
223 0.993553920555530
224 0.995590283746153
225 0.994295249585118
226 0.995804888032730
227 0.998853434538428
228 0.996185841826553
229 0.994294682258884
230 0.996283379931301
231 0.996879538564645
232 0.995498818249421
233 0.994971290552262
234 0.999414726437651
235 0.998940525679063
236 1.000864126690824
237 0.996921458292400
238 0.996707270866496
239 0.994615706626241
240 1.001612015377265
241 0.995048988489962
242 0.998906805025256
243 0.995902076558832
244 1.000439979895722
245 0.997871207904846
246 0.996705351447264
247 0.994320721376042
248 0.996283156232545
249 0.996687701359258
250 0.997663330764237
251 0.997202178737162
252 0.997352347015752
253 0.996267488648282
254 0.996173250642252
255 0.899924676801342
