0 1023.025129123263923
1 0.506265448889117
2 0.759485131329395
3 0.798443228524469
4 0.830046710892014
5 0.900428023667450
6 0.883657200682652
7 0.928293544976074
8 0.920794236337425
9 0.936459093993392
10 0.936862277991723
11 0.927791454573264
12 0.947347428965978
13 0.951715938306796
14 0.945757800557884
15 0.960685499213958
16 0.958635249011822
17 0.964650005710908
18 0.966601448039696
19 0.961022334286584
20 0.963850268257891
21 0.968239606708937
22 0.969457919062740
23 0.974580953052547
24 0.980123511348109
25 0.976221345837025
26 0.976328159501970
27 0.980495940128333
28 0.976526702528151
29 0.978650406207963
30 0.974361382025858
31 0.980786577367845
32 0.978920426713446
33 0.975592469274765
34 0.981436709838567
35 0.984039383355474
36 0.982939347966694
37 0.984684891387628
38 0.987164233369658
39 0.980275842160475
40 0.979591141012635
41 0.986017420825948
42 0.990349806187730
43 0.982847654037601
44 0.985535982252549
45 0.986712544995116
46 0.985906422935184
47 0.995658179263498
48 0.986189437306284
49 0.991650480836248
50 0.986080292714866
51 0.987977818807630
52 0.986452339593578
53 0.987573895213378
54 0.983606710563653
55 0.987922023868010
56 0.990298188987934
57 0.989835004043143
58 0.985713020395833
59 0.989752024331766
60 0.986953233499607
61 0.990277098592508
62 0.984906755088283
63 0.989426215126643
64 0.988886190423968
65 0.986746601424071
66 0.992998272296345
67 0.988465267945240
68 0.992201125993514
69 0.993803601644771
70 0.991746388825791
71 0.989087243622661
72 0.993887014406511
73 0.988674718557350
74 0.988147627252156
75 0.991002330144642
76 0.991412642926952
77 0.990067398963388
78 0.990808231273961
79 0.989418923086251
80 0.994289915314330
81 0.993894819262727
82 0.990710244400614
83 0.991533957945984
84 0.990033559363489
85 0.990912151270193
86 0.990554912984336
87 0.991397735650768
88 0.991411414286387
89 0.995059264688404
90 0.993650456691827
91 0.993435687519666
92 0.990912030053833
93 0.992048483609089
94 0.992682991296253
95 0.992638973885718
96 0.995848254705590
97 0.992397446746773
98 0.992144015518922
99 0.996326635165717
100 0.988044277102733
101 0.993580138511361
102 0.994419790534025
103 0.994076355971711
104 0.993557956530820
105 0.991612712786249
106 0.990727185343544
107 0.992984653044682
108 0.990327622140188
109 0.995344424645733
110 0.995855458408793
111 0.996514884480955
112 0.993760668548601
113 0.998493031622559
114 0.994004399271370
115 0.993351154769215
116 0.994322849304942
117 0.993371074174597
118 0.991060965820897
119 0.996494307304644
120 0.996596881426555
121 0.996004989275058
122 0.993797961799181
123 0.995197387509558
124 0.996163885076744
125 0.993471998027861
126 0.991808498755298
127 0.993943316969507
128 0.994178340696578
129 0.992857331208460
130 0.993891067176359
131 0.993933641936089
132 0.993506503651238
133 0.996644534449322
134 0.997233131761754
135 0.996688487814043
136 0.995422550516253
137 0.995033954991481
138 0.996974107521883
139 0.992528290564786
140 0.992908998220755
141 0.993759448036208
142 0.995642550471736
143 0.993919080235342
144 0.994598846106087
145 0.994220786000694
146 0.994518027340770
147 0.993801444141793
148 0.994435509594453
149 0.995212469673421
150 0.995006043765465
151 0.995804987361179
152 0.993651490085914
153 0.993260324477114
154 0.996808637721462
155 0.996332400320433
156 0.994512929127604
157 0.994746657593536
158 0.997035879661189
159 0.996674123302662
160 0.994043219974487
161 0.994000386893987
162 0.994392050944992
163 0.995230711251717
164 0.993978607631184
165 0.994688183999501
166 0.996651506414735
167 0.997012436298919
168 0.995315119660668
169 0.998788294683128
170 0.994577638561317
171 0.996960131380261
172 0.997345560816329
173 0.997929032039784
174 0.996372617928945
175 0.995774353574389
176 0.993033481544757
177 0.996870645227043
178 0.995488275839803
179 0.995038270635087
180 0.993756967473762
181 0.996970284255517
182 0.995563527999636
183 0.997519960822893
184 0.996966967713257
185 0.997051569403276
186 0.996945722129946
187 0.996820267356962
188 0.994216075263133
189 0.992885840691375
190 0.996333226660881
191 0.997525812896716
192 0.995315463064200
193 0.995758539210705
194 0.996525185096456
195 0.994953868752594
196 0.994106419512020
197 0.997423945728754
198 0.996450212237830
199 0.998827963230236
200 0.996997717674884
201 0.996917762000806
202 0.997211107645770
203 0.994927821507911
204 0.994216219774381
205 0.996504923431596
206 0.997430843715645
207 0.995778530826802
208 0.996038332248336
209 0.997277079521880
210 0.995227566903028
211 0.995197686919822
212 0.996498147178650
213 0.999136832002026
214 0.995902035983484
215 0.998379562107404
216 0.996919714489278
217 0.995628257764074
218 0.998669823580211
219 0.995113556051204
220 0.998061817501207
221 0.997784199221227
222 0.998762816691464
223 0.995548627671085
224 0.995768879121037
225 0.994199269946268
226 0.995993403276727
227 0.998778126657943
228 0.995512098941347
229 0.996005551198922
230 0.996333561403766
231 0.997844306360898
232 0.996272795021922
233 0.998101191219739
234 0.998756895696107
235 0.998042769890854
236 0.998545865664710
237 0.997169589933260
238 0.995808552208252
239 0.994393860411274
240 0.999522904497209
241 0.996443025746544
242 0.997595453811529
243 0.995799720108186
244 0.997313643644222
245 0.996991975262011
246 0.996795331564970
247 0.995942124179222
248 0.997733528310671
249 0.998502107006635
250 0.998215399740410
251 0.997117139174099
252 0.998045408076301
253 0.998092184598082
254 0.995579496263065
255 0.892222752429528
