0 1023.013197021484416
1 0.499138663175489
2 0.762922612784801
3 0.793286221856963
4 0.826266975203324
5 0.901290495855106
6 0.885501535108175
7 0.926827492784879
8 0.918721578388976
9 0.938844835583042
10 0.938674703950963
11 0.922786554709418
12 0.948576274443796
13 0.952114213151982
14 0.946207376797762
15 0.961461859129409
16 0.958051097068515
17 0.965063260542832
18 0.967728823767834
19 0.962089618341617
20 0.965022910889824
21 0.966603520817231
22 0.968549312808282
23 0.973543574132395
24 0.982116797643779
25 0.978421618317086
26 0.980527267047993
27 0.980457625103470
28 0.978542754981900
29 0.979993718258724
30 0.971630842459288
31 0.981462351409830
32 0.979399059753779
33 0.976673445849497
34 0.980585266862432
35 0.985261909570472
36 0.982349089324347
37 0.986432990764581
38 0.988252654898224
39 0.979113738644865
40 0.978221341906767
41 0.986384494631920
42 0.992549578531987
43 0.980997787623078
44 0.988325331512305
45 0.985635845622194
46 0.986020261232573
47 0.996722508236401
48 0.987110709353962
49 0.991355428227108
50 0.986469091904565
51 0.988181036268026
52 0.987318398846889
53 0.987964047535324
54 0.985299419724300
55 0.987932549106934
56 0.989858996733573
57 0.988609127168892
58 0.985626195124043
59 0.989365589302226
60 0.985914767688517
61 0.989151146263705
62 0.984494294294418
63 0.988565995558564
64 0.988063191503857
65 0.986697979861441
66 0.993221925427851
67 0.988164916308969
68 0.991451907732709
69 0.994013898362297
70 0.990680325121519
71 0.988584990446847
72 0.994113430689920
73 0.987916480984674
74 0.990386855549881
75 0.990480995087646
76 0.990688029874604
77 0.990569648814558
78 0.991097480191939
79 0.988290587415680
80 0.994034509607737
81 0.994139988929715
82 0.991046959639937
83 0.990822763345263
84 0.990459741365542
85 0.991313871235722
86 0.991622215010440
87 0.990512635202503
88 0.992487526526886
89 0.993971691270652
90 0.993377323021341
91 0.993311538195579
92 0.989887122713941
93 0.991228587135883
94 0.993433555930141
95 0.994028985343898
96 0.995843964521794
97 0.992660250388764
98 0.992248611483339
99 0.996129847033253
100 0.988404739225625
101 0.993666864998318
102 0.994642206644823
103 0.993151299358912
104 0.993959033751920
105 0.991885723657304
106 0.991172052010771
107 0.992122708023736
108 0.990419850701585
109 0.995630266080849
110 0.997178683915818
111 0.995647532954686
112 0.994462555732007
113 0.997949672775278
114 0.994825995660309
115 0.993715669710897
116 0.994702404091300
117 0.992261090550293
118 0.991057821617039
119 0.996831758019282
120 0.997198739744909
121 0.996426734379900
122 0.993026957859376
123 0.994825157238778
124 0.996549788004136
125 0.993886770558433
126 0.992167052312727
127 0.993271880378126
128 0.993754480183121
129 0.993110599528393
130 0.993893931764391
131 0.994825642925267
132 0.992901842788139
133 0.997446213895883
134 0.997234277901758
135 0.996812207204248
136 0.995408004719066
137 0.994785270376927
138 0.996897405306512
139 0.992386562623778
140 0.993471479860375
141 0.993730573648814
142 0.995631381235824
143 0.993887835616740
144 0.994831265740233
145 0.994058237231500
146 0.993381892213987
147 0.993929929321217
148 0.994699066058305
149 0.995876226636642
150 0.994692802178371
151 0.995901851377943
152 0.993197855841135
153 0.993091217844282
154 0.998178465761121
155 0.996825663147661
156 0.994212753688997
157 0.994558863530564
158 0.997118003729124
159 0.997666371941456
160 0.994448995867347
161 0.994257579698390
162 0.993396005053858
163 0.994792183287602
164 0.994483904666099
165 0.993601727402716
166 0.995718447606340
167 0.996942700998885
168 0.996129763621595
169 0.999033011366322
170 0.994839226012660
171 0.996444645358981
172 0.996788605548262
173 0.997733772503823
174 0.995944234194087
175 0.994856670891322
176 0.993485278805063
177 0.997342503689650
178 0.995471946221200
179 0.995140322653374
180 0.994699565495858
181 0.996812268201906
182 0.995755298622093
183 0.997869033108782
184 0.996967205848475
185 0.996727330811924
186 0.996788499060709
187 0.997250353475006
188 0.995193829405534
189 0.992164382124065
190 0.996245740201472
191 0.996979745026157
192 0.995477409338659
193 0.994675213672700
194 0.995934544153432
195 0.995733324055383
196 0.994204886461927
197 0.997436465504192
198 0.996326638817806
199 0.998764829125127
200 0.997045637447366
201 0.996773289011452
202 0.997399169667845
203 0.994914489470289
204 0.994327299798065
205 0.995936635798896
206 0.996885246925896
207 0.995966945635916
208 0.996503172690446
209 0.997715430105986
210 0.994558805901965
211 0.995624369132321
212 0.996375377594766
213 0.998571845925246
214 0.996507849677411
215 0.998513883251618
216 0.997083432766717
217 0.995086915893611
218 0.998207050428768
219 0.995183474648947
220 0.997386352431076
221 0.997725216307129
222 0.998222630040546
223 0.996003927305337
224 0.995500279249010
225 0.993975536181511
226 0.995660829421740
227 0.998545226559440
228 0.995318959306435
229 0.996361093222514
230 0.996622123420949
231 0.998240160781862
232 0.996710001067890
233 0.998067098814462
234 0.998628185994690
235 0.998228255480691
236 0.998993842473977
237 0.996183613143682
238 0.995433496438258
239 0.994083715374495
240 0.999267723285257
241 0.996596871777369
242 0.996879094661306
243 0.996472959898622
244 0.997995398900222
245 0.997560320436600
246 0.996487145564636
247 0.995423152197174
248 0.997954898772193
249 0.998227696848972
250 0.998336297606465
251 0.996974499790558
252 0.997790331148245
253 0.997559315102572
254 0.995362491106693
255 0.890117439607401
