0 1022.996708984375005
1 0.511910239343455
2 0.757234318349761
3 0.797896740918574
4 0.829991102174855
5 0.896264956090498
6 0.879059647167912
7 0.928457984426118
8 0.921659524545939
9 0.934492748044375
10 0.938421774793770
11 0.930744810217995
12 0.945656868479141
13 0.952546756322888
14 0.946854503442751
15 0.961245391975301
16 0.956954730991666
17 0.962092046816635
18 0.966451146274866
19 0.962322994978360
20 0.963853943186580
21 0.970981468732214
22 0.969574849865869
23 0.973031244995600
24 0.981453338187764
25 0.974146968271144
26 0.975397712977997
27 0.981655691340477
28 0.974913737934426
29 0.977889805827328
30 0.974426677197035
31 0.983354684488957
32 0.979741337555172
33 0.974880505734595
34 0.982737288548658
35 0.984068818137141
36 0.983236279921529
37 0.984329979158900
38 0.986447495528095
39 0.981132956463105
40 0.979024354879058
41 0.984824994267970
42 0.989193249071762
43 0.982263343648089
44 0.984450078198881
45 0.985317151215447
46 0.985632399609466
47 0.993430326085966
48 0.986130665656861
49 0.990682315679353
50 0.986912844736291
51 0.987975639296259
52 0.986279343897675
53 0.986143779714510
54 0.984708193476813
55 0.987401594954067
56 0.990266003791203
57 0.988739924935125
58 0.985817370123942
59 0.990234148057057
60 0.987163280672874
61 0.988789045255118
62 0.986663388473417
63 0.989490832600540
64 0.988429335303029
65 0.986827090826230
66 0.992401977446844
67 0.988440271912256
68 0.992259377476581
69 0.994553987643145
70 0.992219163915313
71 0.988663845113708
72 0.993521573172972
73 0.989710000195715
74 0.989656481604010
75 0.991183887876278
76 0.991724675435583
77 0.990955840814683
78 0.990739056062362
79 0.989783492903729
80 0.993246876225265
81 0.993811881255334
82 0.990843673512874
83 0.992074335195480
84 0.990738487035670
85 0.990756330773811
86 0.989798963126273
87 0.991028082252717
88 0.992198295609221
89 0.994937659732234
90 0.993181558693809
91 0.993669014097354
92 0.991782386409352
93 0.992588764828454
94 0.991779486879244
95 0.993011943782975
96 0.995547747751538
97 0.992141760385781
98 0.992639422573122
99 0.995856141059436
100 0.986763679053483
101 0.992772251147662
102 0.994467180935282
103 0.994099833979819
104 0.993205541471543
105 0.992124739544138
106 0.991245048591435
107 0.993849247948435
108 0.990371800732061
109 0.995769457942141
110 0.995505593280272
111 0.996895263032870
112 0.993003578025165
113 0.998770626571857
114 0.994321843709558
115 0.993056433797413
116 0.994171377463624
117 0.993903511002269
118 0.990851278885963
119 0.996091388482396
120 0.996162650492761
121 0.996386287329727
122 0.993779502799848
123 0.995075107937015
124 0.996321196131266
125 0.994093982170084
126 0.993442561518207
127 0.993454487894664
128 0.993350577150529
129 0.993182861531131
130 0.994568213188382
131 0.993937425527808
132 0.993093083495866
133 0.996155023708029
134 0.997212476227116
135 0.995824617829725
136 0.995690380617944
137 0.995112019538482
138 0.995545439307456
139 0.992146830983792
140 0.992347497130578
141 0.993478523866194
142 0.995057593566218
143 0.993925877436578
144 0.994697707952435
145 0.994227763844119
146 0.994620429456936
147 0.994146043414801
148 0.994593529246957
149 0.995512950809179
150 0.994700492766832
151 0.995721836827790
152 0.994634550145022
153 0.993156998364260
154 0.996148512278749
155 0.996285811053076
156 0.994536530489981
157 0.995244445558752
158 0.996723949320963
159 0.996570728350785
160 0.993868606904664
161 0.995261722587647
162 0.994077257141766
163 0.995151924873498
164 0.993463068023985
165 0.995049717003522
166 0.996565107324227
167 0.997631997476076
168 0.996358631765182
169 0.997929887512408
170 0.995076787591933
171 0.996635758996265
172 0.997914699002151
173 0.998229766403184
174 0.996443381774159
175 0.995348346445801
176 0.993144781832617
177 0.996976687088220
178 0.996093736184380
179 0.995093455674249
180 0.993292811238985
181 0.996924121980294
182 0.994999148047282
183 0.997583379893172
184 0.997124424112290
185 0.996708407236835
186 0.997298986203383
187 0.996570878056177
188 0.994610663828446
189 0.992761440546344
190 0.996190069221245
191 0.998055784508685
192 0.995300514109626
193 0.996198623878543
194 0.996180248056753
195 0.994794954652227
196 0.993918672633202
197 0.997495202021812
198 0.996834229195985
199 0.999121313842565
200 0.996711271007545
201 0.996778340487790
202 0.997357563344059
203 0.994395934435170
204 0.995225278452397
205 0.996572901504227
206 0.997054504506879
207 0.995972298508607
208 0.995650122335864
209 0.998009705804895
210 0.995177276525879
211 0.995191879467827
212 0.996566890089868
213 0.998900620512595
214 0.995895500758434
215 0.997817841446040
216 0.997604534365865
217 0.995729622796560
218 0.998430252577532
219 0.996221601086609
220 0.998150970353763
221 0.997709390346866
222 0.998019425508459
223 0.996172632634506
224 0.995765857741583
225 0.994657210411679
226 0.996222703026172
227 0.998456459551702
228 0.995341950562266
229 0.996128754845355
230 0.995996925118883
231 0.997584114357443
232 0.996084072388741
233 0.998174984990330
234 0.997873496633549
235 0.997659620953951
236 0.998277278537613
237 0.997051523223111
238 0.996123203000900
239 0.994047460709803
240 0.999668379940233
241 0.996422752260816
242 0.997198474180507
243 0.996099169671532
244 0.997412535415562
245 0.997393899795348
246 0.997089896011393
247 0.996832511030874
248 0.997425130818731
249 0.998277952897860
250 0.998175310285537
251 0.997123027210902
252 0.998029270537507
253 0.997447328741815
254 0.996783508546706
255 0.887038956350836
