0 1023.020693359374945
1 0.499981940938517
2 0.762537086245720
3 0.796214058973984
4 0.826118689248493
5 0.897037883299002
6 0.890668004432463
7 0.928395097689228
8 0.917385115624631
9 0.940473621908286
10 0.934279011708445
11 0.920016266437799
12 0.944597849014413
13 0.952271484228040
14 0.947261457288560
15 0.963257189141868
16 0.959008178514487
17 0.963701397719221
18 0.969168149625276
19 0.961378907188774
20 0.963980842548165
21 0.964435183837084
22 0.969825151766856
23 0.972452905675060
24 0.982521359362658
25 0.976459008588634
26 0.981019550687656
27 0.980464044163272
28 0.977907834343861
29 0.979353427268066
30 0.970619263760949
31 0.982707114343408
32 0.977474717116608
33 0.975974444943098
34 0.981023020350620
35 0.985790910703772
36 0.981777354186574
37 0.987888780934601
38 0.989158240317580
39 0.980036467075026
40 0.978654995401044
41 0.987930022930475
42 0.994205523328241
43 0.983169677430095
44 0.986595077462834
45 0.982845665991419
46 0.986153828035032
47 0.997432568892673
48 0.986536639520369
49 0.989135959506408
50 0.987319360899898
51 0.987924026565227
52 0.987166961149550
53 0.989351255487883
54 0.985271089287119
55 0.987903756741493
56 0.989438324344382
57 0.986162943675219
58 0.984399710479989
59 0.987917143380682
60 0.986949748742220
61 0.989884588063471
62 0.983943997749828
63 0.987210962755566
64 0.988771697130133
65 0.986073118543338
66 0.992163496101991
67 0.988520310561712
68 0.991333309248224
69 0.994550898137065
70 0.991742465601185
71 0.988001916103306
72 0.992561608641567
73 0.987727494812826
74 0.990680007077174
75 0.988783960919618
76 0.991611162481814
77 0.990162338764050
78 0.991252840448343
79 0.987621798596935
80 0.993613466644689
81 0.994905510798740
82 0.990328917441683
83 0.990332704740875
84 0.991077074584487
85 0.990541058441486
86 0.991839810279083
87 0.989658797561986
88 0.991442823020988
89 0.993548121419894
90 0.992784944145601
91 0.993050131508151
92 0.990412436610840
93 0.991324706461370
94 0.993291955454408
95 0.994945342689742
96 0.996202983546741
97 0.992151522321755
98 0.993050709010651
99 0.995543029986825
100 0.989576352845734
101 0.994314073567057
102 0.994359351889001
103 0.993298250620092
104 0.994035916481249
105 0.990959865470829
106 0.990876919292745
107 0.990967363573041
108 0.990394260358863
109 0.996128335801489
110 0.997050637777117
111 0.996054634977453
112 0.995103872659052
113 0.998366772661740
114 0.994988603611193
115 0.993147752932655
116 0.994555395293761
117 0.992861350522919
118 0.991105055882492
119 0.996581073689229
120 0.996416081741658
121 0.996163009485676
122 0.993422006130313
123 0.995424290857286
124 0.996370465574618
125 0.993442556473164
126 0.991468571894630
127 0.993676872851315
128 0.994278107896903
129 0.993027963662724
130 0.994205603493047
131 0.995076686891741
132 0.992978394846840
133 0.998073160781708
134 0.997490567378722
135 0.996677141103445
136 0.995434284893093
137 0.993845810436119
138 0.997466485042283
139 0.992607776411097
140 0.994067978417088
141 0.994552308718459
142 0.995926929075198
143 0.993342181151667
144 0.995579885692639
145 0.994818831639019
146 0.994013949347766
147 0.993284268519762
148 0.994696256886246
149 0.995756212515655
150 0.994249723301071
151 0.995329628334914
152 0.992399753538350
153 0.993434066329588
154 0.997963913501735
155 0.998002281044377
156 0.994329123923257
157 0.995137547057072
158 0.997571855519842
159 0.997427237014501
160 0.994478083420781
161 0.993492089614440
162 0.993680274954510
163 0.994700600496207
164 0.993880575852611
165 0.994090746666430
166 0.995817039679569
167 0.996017934089120
168 0.995839565854325
169 0.999393943640942
170 0.995692520394017
171 0.996561323112281
172 0.996679490666967
173 0.997681985613497
174 0.997294166742651
175 0.995105682477445
176 0.994057197458840
177 0.997009181422265
178 0.994990005314034
179 0.995550075392670
180 0.994809487009927
181 0.996564061937270
182 0.996309020317087
183 0.998063358086424
184 0.996490749291708
185 0.996122553742672
186 0.996327592223668
187 0.997106209523310
188 0.995094331048763
189 0.992425001188806
190 0.996287768095766
191 0.997792762958101
192 0.995684332248259
193 0.994864930638405
194 0.995492816054386
195 0.996173140519223
196 0.994487768292416
197 0.997669571654604
198 0.996168578803366
199 0.999330229876750
200 0.996795552914817
201 0.996860458964058
202 0.997066852465720
203 0.993598523569961
204 0.994321135221220
205 0.995663657536945
206 0.996839193147910
207 0.996236930003252
208 0.996712099350221
209 0.997857014283492
210 0.994501273119003
211 0.996086971369049
212 0.996193933666827
213 0.999457183966023
214 0.996163178895444
215 0.998255455226930
216 0.996083627910803
217 0.994279282958765
218 0.997995294818554
219 0.995240989007812
220 0.996475471383652
221 0.997871267705344
222 0.997926881051468
223 0.995529931580168
224 0.996325549731320
225 0.994306693836394
226 0.996124308101504
227 0.998385072461427
228 0.995449316680552
229 0.995863501071870
230 0.996841471625000
231 0.997346811375323
232 0.996987458930339
233 0.997578526443590
234 0.998959240537447
235 0.998824812270845
236 0.999841898853506
237 0.996754864330211
238 0.995354822256672
239 0.994212316313111
240 0.999405195298902
241 0.996038944969070
242 0.997853243466543
243 0.996470262640050
244 0.998729050024085
245 0.997496268047721
246 0.996389667344262
247 0.995373168704299
248 0.997477580217898
249 0.997472711417131
250 0.998281939446146
251 0.997298895646014
252 0.998413859417240
253 0.997528572070241
254 0.995580449920987
255 0.896602207521288
