0 1022.974055989583348
1 0.513944211139904
2 0.772726537521503
3 0.796278763811658
4 0.810988246987872
5 0.885440575212107
6 0.893944294924389
7 0.927613373909022
8 0.921836882569411
9 0.945661111846752
10 0.938276881882865
11 0.918336307104306
12 0.954659861455285
13 0.949868103343616
14 0.947273002537059
15 0.968208271001502
16 0.971578249021061
17 0.957601608241658
18 0.971778047067711
19 0.963898180944797
20 0.963735822605887
21 0.961991075003242
22 0.969081909048686
23 0.965376140128402
24 0.983847449471737
25 0.969967321774935
26 0.983263240046370
27 0.978935862017018
28 0.979758918406780
29 0.991239652280319
30 0.969753138815261
31 0.990504650050532
32 0.979146009113160
33 0.972461495258367
34 0.978853545085315
35 0.990133739398225
36 0.983942844543007
37 0.984790591553618
38 0.985453336595584
39 0.982941691148638
40 0.978369642312981
41 0.991145834089421
42 0.990556661538386
43 0.986330867274808
44 0.982581279925233
45 0.976575438608922
46 0.982671605135148
47 1.001845449994265
48 0.983023632276150
49 0.984502804800309
50 0.994842599349334
51 0.983382271501099
52 0.986016964006080
53 0.987842827814111
54 0.984986236571200
55 0.993111618422769
56 0.986994489310062
57 0.982670604739784
58 0.987118707460812
59 0.990480623239612
60 0.985867165185961
61 0.986551574524166
62 0.984683254409194
63 0.986632436420094
64 0.988941325585139
65 0.985944289379812
66 0.991870047555732
67 0.995698441989540
68 0.990101512606884
69 1.001163604983378
70 0.986749815376863
71 0.986741471708325
72 0.991428983137992
73 0.990864467123320
74 0.989809054198335
75 0.993602794380125
76 0.994814652349096
77 0.992046612765814
78 0.989207968031610
79 0.985955808041143
80 0.991563770046795
81 0.997191554840457
82 0.989271798959556
83 0.988543648938847
84 0.992814983486498
85 0.989054240452284
86 0.998021299731493
87 0.987421688118364
88 0.990905796677762
89 0.992554669628963
90 0.991654821635643
91 0.989851695436836
92 0.988875497119949
93 0.987888577610918
94 0.994525132836149
95 0.993506285896113
96 0.999316841517648
97 0.992533573069523
98 0.989861987197169
99 0.999378789595769
100 0.987592568970911
101 0.989797819484528
102 0.996886218226380
103 0.991923135802285
104 0.993118562723999
105 0.990284573806780
106 0.989516326190881
107 0.989767802252642
108 0.991543647945771
109 0.995704096593252
110 0.999386484674742
111 0.999190805546816
112 0.993733812461117
113 0.997172877165070
114 0.993953451708869
115 0.991179903124124
116 0.994879371848256
117 0.994338920863913
118 0.992811660503966
119 1.001033732478545
120 0.995984462547777
121 0.994861804335202
122 0.992576083501661
123 0.994683543365034
124 0.997979841898381
125 0.987416159329611
126 0.992863348273155
127 0.995080687806856
128 0.990451665021912
129 0.992701399824208
130 0.992675989784528
131 0.993982444357016
132 0.996460868340103
133 0.999507430690100
134 0.994670374949865
135 0.990665377282966
136 0.995379453209738
137 0.994161025198637
138 0.998889324607639
139 0.994331332196805
140 0.995422690386113
141 0.994440271428343
142 0.998053473889526
143 0.994784368280115
144 0.997190035067561
145 0.993321765258699
146 0.993930854585532
147 0.992136595027253
148 0.998919733409125
149 0.998183793951760
150 0.994708808738322
151 0.994425268803407
152 0.993780209753045
153 0.993939336917270
154 0.997967110808544
155 0.997997995275517
156 0.999070893870337
157 0.991920834820920
158 0.994419801329519
159 0.998217407535469
160 0.996241306716872
161 0.991368956599416
162 0.996814507051187
163 0.992964081813484
164 0.990827296827903
165 0.993139756759653
166 0.997550323684780
167 0.999197805157018
168 0.996855472495645
169 0.999446014140268
170 0.994168608236688
171 0.996256425362231
172 0.994856169421158
173 0.999521047554356
174 0.997544507334040
175 0.991779947817897
176 0.992076948515390
177 0.996737124750380
178 0.995323079592160
179 0.997385534355163
180 0.996354595848876
181 0.995252457936094
182 0.996574283314116
183 0.997037115139165
184 0.998981809755844
185 0.997982107395839
186 0.994705692078702
187 0.997710105675580
188 0.993541509878307
189 0.993894355726199
190 0.996972444074390
191 0.997961521349281
192 0.991094860512646
193 0.993819666622571
194 0.995429554196320
195 0.995105427094464
196 0.994682019299748
197 0.993380875202665
198 0.994493282879472
199 1.000473864508890
200 0.995917383211872
201 0.996099984968581
202 0.999276520886503
203 0.991449757814876
204 0.993812367556735
205 0.996089100553659
206 0.995472859211562
207 0.994906131156052
208 0.998946812691243
209 0.995328026502463
210 0.998228186277491
211 0.997244664725794
212 0.996602613801215
213 0.999155910501024
214 0.998169354838904
215 0.998626363550410
216 0.995704389485746
217 0.992951076712134
218 0.997053033303560
219 0.993548483183093
220 0.997154487980826
221 1.000121095179971
222 0.997384620075377
223 0.995336356284780
224 0.996330042076591
225 0.994481260346796
226 0.994881633842599
227 0.997299457114622
228 0.996893879739007
229 0.993598777817416
230 0.994749658323879
231 0.998594257501223
232 0.994952228224229
233 0.996147337655494
234 1.001540942686901
235 0.998364366015221
236 0.999441544695224
237 0.997173906693542
238 0.996694360534203
239 0.994263246878599
240 1.000442427523220
241 0.996378382917536
242 0.999046235419893
243 0.995018289462928
244 0.999610030440589
245 0.999419860027618
246 0.997167060953996
247 0.994596421498466
248 0.996841848242143
249 0.995364586509536
250 0.997751962812787
251 0.996995986235171
252 0.995623716107157
253 0.994571564834990
254 0.993712391418388
255 0.904111901778501
