0 1022.992710937499965
1 0.501034106022450
2 0.769006314479240
3 0.806130879034605
4 0.824054170002802
5 0.894345588828380
6 0.888495390430141
7 0.929685899262666
8 0.919116254144657
9 0.943932230483638
10 0.945435160728035
11 0.913431896752842
12 0.948458372943030
13 0.948869761443854
14 0.945691756810919
15 0.969884128435639
16 0.963702588057730
17 0.959072018359139
18 0.971027151402533
19 0.966194083659204
20 0.963624014318936
21 0.966133315184472
22 0.973134512940539
23 0.973610755077300
24 0.978953561700054
25 0.974071009505612
26 0.982175068307596
27 0.977497253272896
28 0.979082973636871
29 0.981434869169203
30 0.971213112438055
31 0.982621599013785
32 0.975434798777330
33 0.974622974638868
34 0.979326159326589
35 0.987855896945220
36 0.982170635705193
37 0.984147875573929
38 0.990153293521445
39 0.983052658420772
40 0.977330150490013
41 0.991628804761457
42 0.992894818675824
43 0.986124388291295
44 0.986706523632857
45 0.979588009728029
46 0.984628007068307
47 0.999380126073217
48 0.984349138690455
49 0.990922382787680
50 0.989850911172385
51 0.986772117120120
52 0.986084869109806
53 0.988905272612631
54 0.984044960530567
55 0.987471299220217
56 0.988255637672230
57 0.983106843873091
58 0.985614154896435
59 0.987286015835361
60 0.985895053282797
61 0.989182717679543
62 0.983506678946168
63 0.986870554879042
64 0.986440999764913
65 0.986135887627358
66 0.990822569226363
67 0.991501929793875
68 0.990420208331659
69 0.996851842954706
70 0.990382573348746
71 0.987915681025473
72 0.990459752200059
73 0.989004046161436
74 0.991223309300830
75 0.992227359436651
76 0.990793915631586
77 0.991317631497052
78 0.990903151670323
79 0.987151772105016
80 0.991622334029575
81 0.995721132138361
82 0.988816331139964
83 0.988147329788725
84 0.991604031573973
85 0.990606806432398
86 0.993574646446916
87 0.988444780088354
88 0.992325483503497
89 0.992569363436478
90 0.991597143237139
91 0.991488806686280
92 0.989957865164202
93 0.991463313977664
94 0.993186001113760
95 0.996101214398471
96 0.994706251440127
97 0.992153558547318
98 0.991327354816202
99 0.998130093660077
100 0.989269032886117
101 0.993482470280951
102 0.993962805267362
103 0.992894613045977
104 0.993099253125592
105 0.991418125550183
106 0.989817530225646
107 0.991020711111449
108 0.993573829086032
109 0.995801061376412
110 0.998314783653063
111 0.997740639040447
112 0.994584762009642
113 0.998603453049925
114 0.994335860251316
115 0.993386920557316
116 0.996012592816526
117 0.992950988261751
118 0.991652935321875
119 0.997529494579033
120 0.999099407242735
121 0.994919777153651
122 0.993801157741322
123 0.995419150505097
124 0.997431853501875
125 0.992367171133085
126 0.992232185575911
127 0.993353308733443
128 0.993767306105519
129 0.993420628105336
130 0.993205428330121
131 0.995020036583256
132 0.993709338000151
133 0.998260306754861
134 0.995477115833051
135 0.994363722442575
136 0.995773857122894
137 0.994455217401968
138 0.998926052858277
139 0.993487778892399
140 0.993613688005215
141 0.994330486934185
142 0.995020546559375
143 0.994911112472948
144 0.995477565415086
145 0.994669029204471
146 0.993603219010642
147 0.993015149608401
148 0.994306893339722
149 0.996156994073219
150 0.995046811142639
151 0.994825528186651
152 0.993042870600815
153 0.994961407942714
154 0.997399544807324
155 0.998029383305169
156 0.995716439810723
157 0.994356265555091
158 0.995821197373607
159 0.996410316529605
160 0.995471762279165
161 0.992824958938627
162 0.993615246678607
163 0.995236537149488
164 0.993499611359258
165 0.994014623528019
166 0.995369950863725
167 0.997132783488715
168 0.994994206909702
169 0.997701780726777
170 0.994760031715392
171 0.996687713080892
172 0.995672317916091
173 0.996741200297315
174 0.997170747144478
175 0.994395357951138
176 0.994319422387469
177 0.996024868700909
178 0.995143662459339
179 0.997578375727291
180 0.995206293655256
181 0.997035622230439
182 0.995975868255998
183 0.996187866542922
184 0.998363159963999
185 0.996437999939948
186 0.995575503128535
187 0.997708047933330
188 0.995826985290370
189 0.992526550309050
190 0.996378015354694
191 0.997715666549140
192 0.994356468793261
193 0.994972344050253
194 0.995361576055188
195 0.996022060332863
196 0.995020512976328
197 0.996522742521505
198 0.995664223245933
199 1.000015541752001
200 0.997537054971389
201 0.995688913040018
202 0.997110628162945
203 0.994466975616184
204 0.995219299003501
205 0.995601576857404
206 0.996149907609269
207 0.996087471587464
208 0.997112323807588
209 0.996676158358468
210 0.996729962855270
211 0.995694909578765
212 0.997966202418676
213 0.998942685369527
214 0.997418056785875
215 0.999362739104994
216 0.995452806353820
217 0.993503551077415
218 0.996076721793609
219 0.995501154134021
220 0.995893297843682
221 0.999633797042122
222 0.998002328489732
223 0.994353610388593
224 0.996579858071494
225 0.994448247938324
226 0.996906966942395
227 0.998996824074529
228 0.996165674284413
229 0.995276622893200
230 0.996316578101286
231 0.996753935568194
232 0.997610716467060
233 0.996644406857824
234 0.998512034281305
235 0.999898426026397
236 1.000319186955676
237 0.997162802391577
238 0.995433406714646
239 0.994878946009506
240 0.999834728359780
241 0.995381485074230
242 0.997605203878728
243 0.995667502982060
244 0.998843815838876
245 0.996481600648752
246 0.996387410073282
247 0.994771162489421
248 0.996030604845244
249 0.996494702064836
250 0.998418285518841
251 0.997313197285077
252 0.997942901011612
253 0.996508780797021
254 0.995916567522286
255 0.899507077120785
