0 1022.970698242187495
1 0.497111848348188
2 0.765738038766658
3 0.810356353294199
4 0.811138036228613
5 0.873779464213815
6 0.874520521961865
7 0.927666783600496
8 0.933287985626065
9 0.951413401396172
10 0.934241516662199
11 0.922172003912692
12 0.948665385841697
13 0.941137787627143
14 0.941828857008914
15 0.976810632134378
16 0.971413368357872
17 0.952167481794581
18 0.974914835449440
19 0.961925416154188
20 0.969226050604382
21 0.966193772872233
22 0.961065469054137
23 0.961468723087399
24 0.984222690779486
25 0.968952774481692
26 0.983131525118980
27 0.972259026586490
28 0.979966947047781
29 0.987723560830734
30 0.973581347857228
31 0.988610548420797
32 0.987447122514601
33 0.976213178357909
34 0.981208067199552
35 0.991011869570925
36 0.985298672006748
37 0.985050819971804
38 0.990709061100764
39 0.987536278987635
40 0.979422430519145
41 0.990440793744339
42 0.986550052153674
43 0.983314391163593
44 0.980801165796465
45 0.976114875704268
46 0.987642762614236
47 1.005848903853740
48 0.981297193566319
49 0.985784254465626
50 0.994288566641958
51 0.987041969329688
52 0.984558055709058
53 0.986274940757877
54 0.978462428984072
55 0.991337121763529
56 0.987742254843434
57 0.985013805243260
58 0.984298900736490
59 0.992847341164965
60 0.981863108677521
61 0.984524039028263
62 0.979754534809836
63 0.987084260287020
64 0.987781794638593
65 0.983975121670346
66 0.997644495776254
67 1.000282637934673
68 0.988261965177743
69 1.002846558481987
70 0.987518080247017
71 0.984144929583639
72 0.988922413984033
73 0.992595482150619
74 0.988787196676456
75 0.993414773403471
76 0.993678379617619
77 0.992390363566762
78 0.992553481698978
79 0.982959456559138
80 0.994772972430663
81 0.997235826960615
82 0.993041909747181
83 0.990867634499745
84 0.997568874842636
85 0.987845183400295
86 1.002745276058967
87 0.992184826289029
88 0.992783607998521
89 0.992717903118743
90 0.996356445066738
91 0.988510681201590
92 0.988855829582386
93 0.986937211576160
94 0.989883090740186
95 0.991244384439542
96 0.999360443848949
97 0.988699652260347
98 0.992361664122544
99 0.997575406056751
100 0.986551651753352
101 0.990013524828568
102 0.997255692487336
103 0.990188539800340
104 0.990809344743836
105 0.987185234544042
106 0.987454105084343
107 0.990694963505961
108 0.997415754745090
109 0.998938054147319
110 1.000511288081123
111 0.997254245079996
112 0.992552180848766
113 0.995852047169467
114 0.993276803815571
115 0.992029617191312
116 0.998790053426353
117 0.992747679152467
118 0.997074809650162
119 1.000967755467478
120 0.994205455479402
121 0.999792179616901
122 0.992991836640495
123 0.998015261775887
124 0.998100889855154
125 0.987010135829599
126 0.992859880472083
127 0.996226352919191
128 0.991679838621416
129 0.990658719376406
130 0.989066265366628
131 0.997215663309612
132 0.995305323804258
133 0.999953118766520
134 0.996188931294253
135 0.988805859462825
136 0.995686573503973
137 0.991948815065765
138 0.998862149406055
139 0.992735559295555
140 0.994861003455948
141 0.994759692582669
142 0.996703719266862
143 0.993732740152990
144 0.994207270342287
145 0.994793486134355
146 0.996164421184683
147 0.989548954657957
148 0.995360190007543
149 0.999277958157988
150 0.994352512832079
151 0.989666340385065
152 0.993846919454866
153 0.993825584703164
154 0.998021357242546
155 1.000226452863033
156 0.999567037917472
157 0.991279290924273
158 0.994383802866673
159 0.997767011600582
160 0.995561026482515
161 0.994520483086143
162 0.999478546514198
163 0.993720607438773
164 0.989150024445243
165 0.993718785935710
166 0.996843036686409
167 1.000569747676689
168 0.997901319696604
169 0.999535845588257
170 0.992226345769944
171 0.996309229040533
172 0.995018273962379
173 0.998860067062542
174 0.993775550631691
175 0.995309020166480
176 0.991093604105082
177 0.994060657961386
178 0.994400165779278
179 0.996423755228519
180 0.996088634637118
181 0.996669461038557
182 0.994890668196545
183 0.997231386670491
184 0.997095816153833
185 1.000711333955598
186 0.996673929985077
187 0.998349249388809
188 0.992450614868764
189 0.994882760654297
190 0.994912853251801
191 0.999488271840807
192 0.989802367219981
193 0.994092590290253
194 0.993930843207542
195 0.992052388179394
196 0.993201739637782
197 0.996217157086627
198 0.994529868449809
199 0.999241334798825
200 0.995673844348590
201 0.995327622346905
202 0.998075766378534
203 0.991678439838695
204 0.993276329788794
205 0.996973975469221
206 0.996633187760983
207 0.996395827024046
208 0.996469124302943
209 0.996344072347343
210 0.998941659265169
211 0.997323962106749
212 0.996726102016819
213 0.999342432686630
214 1.000062515298773
215 0.999033741455469
216 0.997351821701767
217 0.994283523891339
218 0.998484881406975
219 0.991438924678879
220 0.994073635514675
221 0.999839099835062
222 0.997357650881358
223 0.996513303069780
224 0.993926266854806
225 0.994912241137593
226 0.991585199704231
227 0.998642765574806
228 0.995942322171963
229 0.992554670741525
230 0.993107239887695
231 0.999549077316139
232 0.995404923321824
233 0.995037151839792
234 1.002301977109022
235 0.995871997119876
236 1.000792308921807
237 0.995685825193174
238 0.994973095401355
239 0.994882392577222
240 0.998794464572150
241 0.997057100105897
242 0.998335992325757
243 0.994411569711050
244 1.000969346445130
245 0.998061067440981
246 0.995788054069091
247 0.993381619115445
248 0.998251509041459
249 0.997182478586702
250 0.998833187611060
251 0.998236873010843
252 0.997276887333429
253 0.992969005562238
254 0.994995198530385
255 0.907603991246038
