0 16.000000000000000
1 0.088256541504950
2 0.727309119141900
3 0.561583273630245
4 0.848116743993284
5 1.298930807974187
6 0.704011823347558
7 1.298414136514812
8 0.975922553435725
9 0.838778515241123
10 0.903781184764759
11 1.037709973419503
12 1.161472245725470
13 0.887820276415295
14 0.988108433323581
15 0.966220719789907
16 1.246285471101190
17 0.867421668216325
18 0.945835020834344
19 1.098273074594854
20 1.035114361828755
21 1.053657254676775
22 0.632560887548825
23 1.156196336486155
24 0.940340207941659
25 1.239303180762439
26 1.033435466259654
27 0.850963605318178
28 0.939305821075813
29 0.766806618270514
30 1.310156221545816
31 1.106154626264349
32 0.808507028732372
33 1.096501700091230
34 0.889668336609297
35 1.067636621566535
36 1.105189867937520
37 0.904112741957130
38 0.987498946663061
39 1.164663605641965
40 0.764160333022843
41 1.188503844846637
42 0.804580930500526
43 1.166460931949820
44 0.851737851546216
45 1.054803223657155
46 1.025540899197851
47 0.886777559299912
48 1.114215738403982
49 0.960235286846598
50 1.005136003097176
51 1.071856736312001
52 0.909858645549579
53 0.919555326339738
54 0.920590115045130
55 1.137745117875874
56 1.067295199234009
57 0.897340868255824
58 1.010126542973850
59 1.059406608962655
60 0.964520821111842
61 0.977167265565174
62 1.021609870522258
63 1.086617562414513
64 0.954482541471680
65 0.927219621572009
66 1.109075494644124
67 0.952238723328623
68 0.932342462353623
69 1.155635140551094
70 0.881238048491117
71 1.100000030465554
72 0.966119549743143
73 0.898502595024586
74 1.084383941803002
75 1.094376948049208
76 0.972115036101402
77 0.891693115999905
78 0.942754275771215
79 1.071468464211478
80 1.138959544421628
81 0.844848808529276
82 1.007465939357866
83 0.942886414668740
84 1.188768778189881
85 0.840239505217475
86 1.032623528580560
87 0.984460346560538
88 1.026017934034859
89 1.112306857289593
90 0.882944760571514
91 1.060235456615657
92 0.893843748988508
93 0.999671473765399
94 1.001664624784744
95 1.132084735978697
96 1.008459286059346
97 0.833343223682964
98 1.064571987745476
99 1.102102382420574
100 0.893137246755592
101 1.020905309505283
102 0.992359603386791
103 0.993832793056682
104 0.908227318866953
105 1.181753167294973
106 0.974573670221851
107 0.918754464995180
108 0.918771857319836
109 1.002146492102204
110 1.233143270275210
111 0.856591605334698
112 0.977025010439281
113 1.091246685206158
114 0.907608554287384
115 1.063306877098797
116 0.947978107068887
117 0.986537776588701
118 1.068979207963179
119 1.001568505120683
120 0.982794803757222
121 1.042231788527118
122 0.977840815062976
123 0.940577826406746
124 0.959853819817789
125 1.161092938683788
126 1.003948202380092
127 0.820635926182054
128 1.077973443997142
129 1.032983678589490
130 1.056053224237300
131 0.886981245449907
132 1.031394301478081
133 0.995895290801038
134 1.018436691426056
135 1.053920661692194
136 0.939733556030967
137 0.925102808622452
138 1.155381475454420
139 0.931573006345317
140 1.018988181581575
141 0.968775055290977
142 0.956718754602081
143 1.087093385441136
144 1.000615854601340
145 0.957326393920643
146 1.053570990501446
147 0.897315835319594
148 1.021309223369942
149 1.075139296153447
150 0.896614833278575
151 1.157610136066015
152 0.864683113089825
153 1.078834460860399
154 0.939389945837402
155 1.051757291113560
156 0.992315910356360
157 0.935669184982903
158 1.139189212742860
159 0.933086026854355
160 0.974608525968368
161 1.002213915711341
162 0.950815222423946
163 1.053915635135192
164 1.024691901787374
165 1.022070052827981
166 0.867783948883583
167 1.055812685895709
168 1.142177022633799
169 0.952247366353298
170 0.953414020047551
171 0.997680067468546
172 0.914823376598787
173 1.068875198421812
174 1.010352277121203
175 1.072003392221845
176 0.963582292961569
177 0.923582706343225
178 0.962798433634876
179 1.112655412463459
180 0.934912538507398
181 1.073159703734627
182 0.987131866612779
183 0.863646002572827
184 1.114760433704864
185 1.003560813483169
186 0.978498518932866
187 0.939842091681155
188 1.104483424242916
189 1.025329455209083
190 0.949200199077138
191 0.962042111442414
192 1.006707873428267
193 1.044222313678535
194 1.010595906930011
195 0.958852621793996
196 0.946527756366236
197 1.054085687339263
198 1.005850898179341
199 1.046884857210445
200 0.988566520918468
201 0.953419574958912
202 0.985834660610727
203 0.924976757809343
204 1.179058072917648
205 0.978939810976434
206 0.967819417137562
207 0.957023637120419
208 1.012459933653276
209 1.094874441546304
210 0.890895155836776
211 1.027038520565862
212 1.049648088019912
213 0.914662601374732
214 1.103016427741412
215 0.902189914796510
216 1.056636825847915
217 0.887612716492861
218 1.101234147297722
219 1.000606763234607
220 1.015308136860467
221 0.980888722882177
222 0.919362825340503
223 1.072968503490282
224 1.014130469854990
225 1.009116313102596
226 0.927782346527327
227 1.062365282532643
228 0.978043936455914
229 0.962290044846580
230 1.067939873895496
231 1.028496173728062
232 0.924270821387673
233 0.980020515206581
234 1.052873133412310
235 1.005884461002783
236 1.003900229734172
237 0.978582911488255
238 1.008525141396855
239 1.023759553192386
240 0.936261363554962
241 1.014211389860823
242 1.037830185025533
243 1.007611293146430
244 1.016039100517520
245 0.958782458016170
246 0.984373272668804
247 1.012254916529665
248 1.100861660800689
249 0.849313914416524
250 1.016514229546240
