0.075377 0.0275381
0.24431 0.040157
0.300116 0.0917801
0.411545 0.109366
0.572692 0.00622929
0.680236 0.0710889
0.833938 0.0476487
0.993261 0.118135
0.112909 0.155628
0.204027 0.237299
0.33417 0.134804
0.459327 0.162917
0.511344 0.207963
0.740277 0.231732
0.805167 0.193372
0.895062 0.184976
0.0987422 0.285073
0.185579 0.259898
0.367431 0.343596
0.389311 0.374986
0.540217 0.353514
0.707938 0.302689
0.76569 0.321997
0.923432 0.272006
0.00686467 0.37508
0.232198 0.452879
0.271891 0.410326
0.405056 0.390678
0.53075 0.475932
0.664206 0.459993
0.787003 0.42774
0.944612 0.498424
0.0540472 0.573452
0.189544 0.582208
0.347218 0.560571
0.433575 0.509922
0.60882 0.617958
0.729973 0.538964
0.753289 0.526256
0.962882 0.606746
0.0443644 0.746696
0.133966 0.672341
0.314626 0.711832
0.489173 0.663846
0.612659 0.688581
0.633719 0.732878
0.819489 0.651984
0.918455 0.633769
0.0921024 0.855371
0.15684 0.760958
0.263174 0.78094
0.47554 0.784501
0.582576 0.801802
0.698785 0.822119
0.849938 0.841516
0.875969 0.868506
0.0161703 0.974918
0.15152 0.919374
0.281667 0.992555
0.442621 0.951699
0.559907 0.901922
0.649697 0.960915
0.868247 0.93741
0.980729 0.884988
