0 4070.400000000000091
1 0.055028198791115
2 0.063738365647077
3 0.060224129014969
4 0.063308739917981
5 0.062669920249537
6 0.062985275533735
7 0.064824143177475
8 0.064206284926019
9 0.063206679070104
10 0.066031663151294
11 0.062039626074011
12 0.068354743891068
13 0.068378597114790
14 0.067722722410723
15 0.066937500798338
16 0.066308172693099
17 0.071089108938756
18 0.072550078990556
19 0.073445200681448
20 0.077847703931630
21 0.075196851926191
22 0.085083245311504
23 0.082908823894951
24 0.088019569311044
25 0.086532199194690
26 0.092567682554335
27 0.095557587292178
28 0.097087869585189
29 0.099103169875273
30 0.106799167938615
31 0.108549917978122
32 0.113383445702661
33 0.119597126021036
34 0.125540794616842
35 0.132237855717556
36 0.142772004213133
37 0.144137236605592
38 0.156507124638711
39 0.170638871109377
40 0.180273529780315
41 0.197991078382345
42 0.214553374519980
43 0.230945452099610
44 0.253838688979748
45 0.276396834804367
46 0.304654042207921
47 0.336896573327636
48 0.367308945733133
49 0.418200382404841
50 0.468773523015765
51 0.504539951774078
52 0.572241145924113
53 0.626197670197279
54 0.671049706685207
55 0.765816393667487
56 0.833744175727834
57 0.902555488406726
58 0.995769397599039
59 1.027846229269902
60 1.136199589177164
61 1.201087757026175
62 1.263272499146413
63 1.341988836983276
64 1.383252413641331
65 1.503089264761095
66 1.504629499528185
67 1.537257834413440
68 1.594457658705707
69 1.626120498956676
70 1.643743283823641
71 1.646770893330603
72 1.683281203785328
73 1.671782850647537
74 1.650565982650198
75 1.668285644503043
76 1.614227992250938
77 1.577698459530298
78 1.543069852473770
79 1.514872086867699
80 1.480803569743252
81 1.414572170846168
82 1.380703732305230
83 1.373424192744082
84 1.319951205824716
85 1.272506984632216
86 1.249337229899534
87 1.164626028735133
88 1.152525944233499
89 1.102601148343451
90 1.049953671488286
91 1.031576507506038
92 0.974818998931500
93 0.957837047414999
94 0.944061073139873
95 0.902626208646844
96 0.868613304885257
97 0.849463229083655
98 0.838782673160849
99 0.842140953666024
100 0.822350519654651
101 0.779445318595205
102 0.754440920241383
103 0.764373107297240
104 0.763505235403888
105 0.728084037975943
106 0.736974390937318
107 0.729965019182862
108 0.721956695982939
109 0.730343969648601
110 0.721145264560526
111 0.703776755196128
112 0.723987324093327
113 0.729680450087374
114 0.724414980395786
115 0.737178337777070
116 0.743572508985785
117 0.746544345446908
118 0.760730912552422
119 0.753223927905576
120 0.774273311723975
121 0.794302903901634
122 0.823142280731354
123 0.820541026654309
124 0.851227277731663
125 0.862891600797355
126 0.867050496010112
127 0.892200812223607
128 0.910657692572590
129 0.927202006314488
130 0.948563418564698
131 0.957816361045942
132 0.970487274287261
133 1.013350937860326
134 1.031529565031819
135 1.040997947830720
136 1.084090649423265
137 1.073363990206887
138 1.112130655059458
139 1.133886493622883
140 1.119217250941625
141 1.143623561022089
142 1.163889828349393
143 1.158006848222991
144 1.206096848128867
145 1.176577732536640
146 1.195380233888197
147 1.199734932308908
148 1.197953009145945
149 1.217654156184775
150 1.210021881587089
151 1.203627388310858
152 1.191438325233507
153 1.195195483622319
154 1.165198328030878
155 1.185201951382157
156 1.169875663979697
157 1.162841258660030
158 1.141830033680774
159 1.142699760181820
160 1.107664080220966
161 1.097906299979364
162 1.090695252419706
163 1.074546474776590
164 1.069300071771187
165 1.080041260401788
166 1.031225808507727
167 1.036778550374659
168 1.026828837784145
169 1.008990893236714
170 0.978150021242282
171 0.974173717073779
172 0.961128773648736
173 0.952705819798668
174 0.958513506167393
175 0.929448351297641
176 0.915115186107422
177 0.925397319145026
178 0.919599771691944
179 0.917995298008025
180 0.895028556042089
181 0.897119022872037
182 0.885399065406480
183 0.893876355874712
184 0.898906830692484
185 0.874397849457165
186 0.885436178126116
187 0.880011603194018
188 0.888216873039244
189 0.880198234085623
190 0.892200660745140
191 0.889298905764527
192 0.896661232581982
193 0.891585196939022
194 0.899948026687849
195 0.899527756573856
196 0.902133561737138
197 0.918242716843822
198 0.916558294273145
199 0.929442639527460
200 0.941527727019892
201 0.941485500662763
202 0.939245184786190
203 0.959740954237868
204 0.958127700957492
205 0.972126654265057
206 0.972692170220385
207 0.989873606901250
208 1.013594088520150
209 0.994700606054942
210 1.013156043960325
211 1.019075372519750
212 1.021803518679322
213 1.023677384489330
214 1.049734356900774
215 1.045167252074580
216 1.063204904722135
217 1.068686980780570
218 1.065857981001479
219 1.073875904846026
220 1.091625453207335
221 1.077783007393416
222 1.072138312500104
223 1.073937295739720
224 1.076455557006177
225 1.094338364917584
226 1.074008562484569
227 1.081044977031106
228 1.089681736278730
229 1.078070739784668
230 1.069281114367295
231 1.078232562637937
232 1.054964518387165
233 1.062394225624014
234 1.075441239648850
235 1.070009614888840
236 1.045277602120366
237 1.057905929075468
238 1.033667811824368
239 1.026921816767255
240 1.011852048761067
241 1.030275938473783
242 1.018740323581900
243 1.019882932561964
244 0.998824571638318
245 0.988032804496098
246 1.006435710784937
247 0.992817846397936
248 0.999473591861396
249 0.975632710493007
250 0.968208672093767
251 0.964282127734649
252 0.962111592006523
253 0.962475824065585
254 0.957874594983499
255 0.873047805208221
