0 4071.066666666666606
1 0.054722400568911
2 0.061796876756853
3 0.057927869610236
4 0.063248352063010
5 0.061819545360469
6 0.059914188198292
7 0.064097726549688
8 0.064267190185876
9 0.063995221038896
10 0.065121762996369
11 0.062978428161796
12 0.066354125600046
13 0.066319420308903
14 0.068191383988244
15 0.066773516832526
16 0.068454811885188
17 0.072848374993039
18 0.072570963859144
19 0.073319945227377
20 0.079222117005976
21 0.077550847245616
22 0.084200611616445
23 0.085234427992607
24 0.086987888959466
25 0.088043551560909
26 0.095345408209654
27 0.094358551815183
28 0.098317324270616
29 0.100014482658757
30 0.105650009938210
31 0.109516889050442
32 0.113312587327166
33 0.118127318565899
34 0.124640449996048
35 0.131669942453476
36 0.142518207829936
37 0.143368407294382
38 0.154539710548192
39 0.172690040271033
40 0.182839930169994
41 0.200248671970099
42 0.213731804815303
43 0.231347782302532
44 0.253461941169726
45 0.275031141662790
46 0.303446504592680
47 0.340268375590591
48 0.372688075983104
49 0.411146012128702
50 0.464035197184560
51 0.504753647520950
52 0.582308901477145
53 0.620441716847061
54 0.670788324241806
55 0.765371885488022
56 0.816161752176546
57 0.905462023544777
58 0.975524020815425
59 1.047273473633667
60 1.141291079678902
61 1.196408822300116
62 1.254476244173597
63 1.344026549935360
64 1.402197971749735
65 1.476196086024095
66 1.516246175594580
67 1.535075591842698
68 1.585565263430880
69 1.628267320356321
70 1.642504647725861
71 1.658810752708125
72 1.679331964477273
73 1.679752807441936
74 1.654358286928363
75 1.653029270348540
76 1.622278750894623
77 1.585365266571656
78 1.566834402049726
79 1.510263796990578
80 1.483013993636537
81 1.417468785706438
82 1.366619577983853
83 1.379875962827900
84 1.327731846592521
85 1.263493885839870
86 1.227671441176566
87 1.163233715510342
88 1.152806747136154
89 1.102506530563672
90 1.069357891737914
91 1.033058843569283
92 0.975741332305747
93 0.956358439205111
94 0.951408668934876
95 0.898095371599849
96 0.873244923516296
97 0.858754834531515
98 0.842152684710629
99 0.826564179902397
100 0.815326012649720
101 0.783400458620320
102 0.757174437891869
103 0.764190666851874
104 0.758793398842414
105 0.728103969432013
106 0.738738045417192
107 0.722412425774738
108 0.718317990377265
109 0.724301886468819
110 0.720076463780732
111 0.714452212100236
112 0.723179636668336
113 0.727978049121558
114 0.726126606261556
115 0.735248773711824
116 0.738551575786286
117 0.749410161645480
118 0.756940826768814
119 0.749767777013740
120 0.779788479698827
121 0.799450488246550
122 0.819015960668912
123 0.832752210295005
124 0.847270689574198
125 0.857979108325890
126 0.872626443378173
127 0.888133212345712
128 0.906990685725221
129 0.933077583204862
130 0.954547462235148
131 0.963024470910646
132 0.970896179497015
133 1.008859583767339
134 1.029350597649962
135 1.038288934918015
136 1.073287656072704
137 1.081662702552133
138 1.105113153736368
139 1.128859582077881
140 1.127578626906327
141 1.155367906030384
142 1.153913931615707
143 1.160180255095859
144 1.197791848253898
145 1.182426788933756
146 1.191669178822177
147 1.199927117073620
148 1.194818973515384
149 1.224237476483655
150 1.210205997428356
151 1.199147671348269
152 1.198297671031579
153 1.183529652574515
154 1.163584226126380
155 1.181752366682270
156 1.171566448027439
157 1.168716494666961
158 1.145187003864466
159 1.138637285777320
160 1.111540955048242
161 1.099967598102498
162 1.079646005231803
163 1.070738826635395
164 1.077200888945226
165 1.078589301827289
166 1.033089245005837
167 1.034206991483116
168 1.024476044890790
169 1.005686141227437
170 0.989114683765217
171 0.971586270373684
172 0.968346826577281
173 0.953796938195251
174 0.961137011094914
175 0.935082197828697
176 0.922867589436780
177 0.924558475293175
178 0.921646109557480
179 0.910668252827523
180 0.896066561728662
181 0.892518117675726
182 0.892460224468092
183 0.896962425465600
184 0.890371448453586
185 0.878045486031825
186 0.885814201406932
187 0.881484567873918
188 0.883443241557300
189 0.877242685101548
190 0.887343403968761
191 0.888043630753023
192 0.895111680212825
193 0.892690869399445
194 0.895810218584955
195 0.904016080335585
196 0.902208983832490
197 0.913105153329029
198 0.920991712576960
199 0.925640294867281
200 0.946593326161383
201 0.937127213048958
202 0.942766920418617
203 0.956308670239145
204 0.962165556916385
205 0.973511546660360
206 0.977956473771992
207 0.986694922780134
208 1.010578759596739
209 0.992407735501632
210 1.013184933762165
211 1.019992202479210
212 1.025245087415758
213 1.026519520216723
214 1.042146915511077
215 1.039094257545705
216 1.057507250966157
217 1.060945410540729
218 1.070872221713281
219 1.071686724367928
220 1.085267360675375
221 1.077556371269009
222 1.081798281814763
223 1.072860154740807
224 1.074278797759377
225 1.094240966183499
226 1.082665240731959
227 1.081721894633627
228 1.087680007092234
229 1.081185156178299
230 1.068217210651531
231 1.077092042244448
232 1.062801015585728
233 1.073107994370152
234 1.066997473771173
235 1.068199107744308
236 1.045577064813255
237 1.058402230986695
238 1.033187976061069
239 1.025233950595639
240 1.024609357171527
241 1.031477231217300
242 1.015293363606116
243 1.010298237415502
244 1.001517145518999
245 0.989692853942250
246 1.005930153689571
247 0.991986950382322
248 0.998749304381159
249 0.982434262016334
250 0.971872616568676
251 0.963622193227689
252 0.962717606191169
253 0.965193633644321
254 0.960699884426337
255 0.916426596341706
