0 4071.510000000000218
1 0.055703105615248
2 0.060585665701277
3 0.056828076839833
4 0.059855798245715
5 0.062790254179518
6 0.061805903676161
7 0.062553927893361
8 0.063374528978167
9 0.062859994175643
10 0.065601791336761
11 0.063749719993954
12 0.065131925669798
13 0.066459000908629
14 0.067750444982624
15 0.068233979818104
16 0.069997212490240
17 0.073050863633739
18 0.072177967635179
19 0.074678862226695
20 0.076175443473549
21 0.078150202189308
22 0.082365329226947
23 0.082674306120516
24 0.084601162582286
25 0.088585435731306
26 0.092815133414932
27 0.094952167615194
28 0.097234768226102
29 0.100474971685949
30 0.105524957230057
31 0.108680956180302
32 0.114049914116288
33 0.121380607542719
34 0.124271148605337
35 0.131510842444752
36 0.140540808822155
37 0.147457294116419
38 0.156156757946766
39 0.170209539237839
40 0.182655625645487
41 0.196605634211500
42 0.210657044741984
43 0.232602713062440
44 0.251467751017497
45 0.275868447530200
46 0.303053009335417
47 0.342404858344358
48 0.374003498468218
49 0.412670315443024
50 0.461849442756292
51 0.508026942144411
52 0.573714038128978
53 0.620282609951893
54 0.683707766734751
55 0.756695721791558
56 0.827122229975479
57 0.902368747897846
58 0.973822682613072
59 1.047777849015866
60 1.132424020677326
61 1.216969605736811
62 1.271355004341696
63 1.343697008377609
64 1.390852488036782
65 1.474419381336934
66 1.518875743556019
67 1.546837355952460
68 1.588165315405357
69 1.623195237201293
70 1.641803725462652
71 1.651299304273926
72 1.678026514281826
73 1.664292941384324
74 1.660662013457265
75 1.639099083639798
76 1.604718144262674
77 1.596901088850650
78 1.547922933356531
79 1.510035813000087
80 1.478303542821381
81 1.443167329137977
82 1.384071405192689
83 1.362477712486015
84 1.316546117028746
85 1.268387719620419
86 1.232502933394520
87 1.173065034912899
88 1.138603579834263
89 1.102805854855679
90 1.072297701568633
91 1.021127102927059
92 0.981248903070513
93 0.963899040386894
94 0.943099367765595
95 0.920001164419263
96 0.872056984936909
97 0.864915601688873
98 0.843473036434644
99 0.819747592679249
100 0.807394688166118
101 0.781919709041347
102 0.772222456764841
103 0.763993603314446
104 0.753335730119219
105 0.735160635237528
106 0.732656201781437
107 0.721649340683614
108 0.722906260205619
109 0.722838698281530
110 0.720845890184034
111 0.715268284488363
112 0.723015852443768
113 0.716655475097410
114 0.730562961561007
115 0.735685935639896
116 0.744209287067914
117 0.750609075055592
118 0.760839726327805
119 0.761108523846982
120 0.777963653997769
121 0.796908316074607
122 0.808195542134839
123 0.826388952996145
124 0.842240205272269
125 0.854257643978991
126 0.867147648101761
127 0.895607598738429
128 0.905487826796021
129 0.928822510092827
130 0.946630051899754
131 0.964299746366390
132 0.982069568098207
133 1.008605847078196
134 1.033554367169119
135 1.045035376524483
136 1.065215940785192
137 1.089327466824631
138 1.099404947453551
139 1.124390201082427
140 1.127827371185848
141 1.154765407073994
142 1.164856936216304
143 1.165651331993040
144 1.185827509017884
145 1.190801655072919
146 1.189881778761246
147 1.199451071347222
148 1.204346735320888
149 1.208683187118918
150 1.202365353592020
151 1.193316587287491
152 1.203100778560436
153 1.193761367045207
154 1.176135743819253
155 1.170720633475425
156 1.157314238406134
157 1.164992681862612
158 1.145340178849148
159 1.142116091063455
160 1.122403295905065
161 1.105308710286003
162 1.095036340636218
163 1.074853588083709
164 1.074253767295667
165 1.066329135372774
166 1.042455395000262
167 1.032853476017012
168 1.017467926959689
169 1.003072959748760
170 0.987132384010969
171 0.973146834035801
172 0.973015213127498
173 0.951415187692883
174 0.943050815511869
175 0.936448419375437
176 0.934454685358717
177 0.919921822106990
178 0.911303684685650
179 0.909586355060610
180 0.901983222443637
181 0.895585334958507
182 0.896562524236790
183 0.889582851460425
184 0.886068962092886
185 0.882236890658083
186 0.878406890172742
187 0.883641779310722
188 0.884338410374164
189 0.883953136872639
190 0.890714247624850
191 0.884118741369857
192 0.888798237685087
193 0.900482809625815
194 0.890293963676329
195 0.902483666932576
196 0.906200857198469
197 0.915036806161346
198 0.921134601828591
199 0.923508981386266
200 0.945169464382157
201 0.942875195311246
202 0.947408051849106
203 0.948411710579213
204 0.962905907478234
205 0.974967202573147
206 0.980911182369836
207 0.986209660899146
208 1.000635354577829
209 1.004082744696078
210 1.016658541070721
211 1.018660827002366
212 1.023439009925249
213 1.035762824754547
214 1.042838733346641
215 1.044442994799775
216 1.056969761114004
217 1.059841900663617
218 1.067607326091778
219 1.065537076595380
220 1.075497967715568
221 1.083522731989796
222 1.085969586374342
223 1.077684094298679
224 1.082381305389778
225 1.092816637955773
226 1.083643475358130
227 1.074315353637754
228 1.083396914964150
229 1.071723813591987
230 1.073569609488755
231 1.071617845688434
232 1.067697779364092
233 1.072892327065857
234 1.067353513809062
235 1.057807112030292
236 1.049187446265165
237 1.050851236061275
238 1.041488496350668
239 1.032854965401703
240 1.029007222557039
241 1.030077681152934
242 1.013231641023103
243 1.014286719247059
244 1.001960563099687
245 0.998625911116626
246 0.997899595235180
247 0.990406342000733
248 0.988902689916612
249 0.981933296169397
250 0.972028015242557
251 0.968176382936048
252 0.968365600849290
253 0.965728492170235
254 0.961979340034474
255 0.942851628445981
