0 4070.871428571428623
1 0.052451268903470
2 0.060912277514269
3 0.058574491976230
4 0.059974510066715
5 0.063355116847480
6 0.061175331687799
7 0.062106938005065
8 0.065076476348739
9 0.063602980870323
10 0.064850604846379
11 0.063597405294844
12 0.065556206288205
13 0.066274895675315
14 0.068061398969487
15 0.068564472199089
16 0.069729215702082
17 0.073382517301840
18 0.071963591486532
19 0.074486746250724
20 0.076164399439361
21 0.077733077501473
22 0.082331415745353
23 0.084156533137289
24 0.085821720152430
25 0.087699142312415
26 0.093417221882653
27 0.094164769420666
28 0.096418754527821
29 0.100268075567805
30 0.104785386645846
31 0.108121810739251
32 0.113768162555850
33 0.120528624146805
34 0.124425990926528
35 0.133471764876046
36 0.140486596976608
37 0.146760573482418
38 0.156219934098367
39 0.171045963357918
40 0.182213125947754
41 0.197255756288172
42 0.211280640037531
43 0.231842280672387
44 0.248637215272972
45 0.273922097213839
46 0.305664563007674
47 0.339122222859245
48 0.372135208714908
49 0.414835530633627
50 0.464864277498288
51 0.505105170597087
52 0.575661432985812
53 0.621112493386504
54 0.679838433031577
55 0.762720628624125
56 0.817935907640546
57 0.911157183797761
58 0.973342516099307
59 1.052104505582961
60 1.136911404507634
61 1.215289758940077
62 1.263859829028464
63 1.343951646473987
64 1.385075006029090
65 1.488147584902124
66 1.521163989016823
67 1.550669977541629
68 1.599359340558283
69 1.618294687987756
70 1.646620990623522
71 1.656705279017986
72 1.676521808066375
73 1.664286638327196
74 1.659603964250703
75 1.628501293989235
76 1.609654083451244
77 1.582862553826409
78 1.550300555408157
79 1.509884090670948
80 1.482512910325786
81 1.432408145968887
82 1.386482799459585
83 1.366398684791650
84 1.306522520769171
85 1.267969613781720
86 1.223249938279966
87 1.167363006223299
88 1.137233395326426
89 1.104126442109604
90 1.069694851167514
91 1.020790377567521
92 0.979396432325259
93 0.961540029661328
94 0.948497409989147
95 0.920127153642287
96 0.869732520861544
97 0.867740389662903
98 0.840834476386999
99 0.823224431908604
100 0.811181261815514
101 0.779613438788427
102 0.772436341339319
103 0.766482993587282
104 0.755754807392288
105 0.737471895866431
106 0.735695893896083
107 0.723088508878391
108 0.724920832362111
109 0.723893968104227
110 0.724826287624265
111 0.716587833502918
112 0.724352940271684
113 0.719512126108752
114 0.729183414378812
115 0.738311786116386
116 0.742124990058660
117 0.752979066968156
118 0.757855655321844
119 0.755969320199375
120 0.778727123027461
121 0.795381260762142
122 0.811153270063420
123 0.827173490807018
124 0.845152469251456
125 0.855644434831967
126 0.870100695758151
127 0.894134480454175
128 0.904989547845371
129 0.927680360795542
130 0.948314425049692
131 0.963111067809173
132 0.978327102508138
133 1.004834166119591
134 1.034433872171828
135 1.044838991484979
136 1.060948265794034
137 1.092283099269371
138 1.100842593965897
139 1.125750014829895
140 1.127337501065411
141 1.157611585752655
142 1.159461261299134
143 1.164661106044615
144 1.187295932097068
145 1.187168400869562
146 1.192236883336274
147 1.193634159949625
148 1.204812674245370
149 1.206725170092658
150 1.203270331358400
151 1.195206308745609
152 1.199212210777239
153 1.188711459847301
154 1.173759243240635
155 1.176874460752272
156 1.162757366321542
157 1.170039844740775
158 1.146961299089727
159 1.140909121613041
160 1.120964339602876
161 1.103168641130468
162 1.097169338334682
163 1.069977925842653
164 1.075451085802990
165 1.073299264345725
166 1.037108185210423
167 1.030785018497362
168 1.015225515492867
169 1.002813862376903
170 0.985946779067888
171 0.973415472152631
172 0.970172237930235
173 0.950848223838756
174 0.943163387125072
175 0.937357709882771
176 0.938266706521331
177 0.923405363927089
178 0.915238255221087
179 0.910104661098875
180 0.903623055300081
181 0.895164905641622
182 0.893381915944851
183 0.892806034139345
184 0.886628155597247
185 0.880927115338174
186 0.876682899115489
187 0.882596315405272
188 0.888959394403413
189 0.883121125812773
190 0.888790352602009
191 0.885440385583774
192 0.890937805179085
193 0.898415152027838
194 0.888073686853815
195 0.904664233888571
196 0.904788617463955
197 0.914986655102022
198 0.923611106299465
199 0.921823458633339
200 0.940310688579373
201 0.942918467139233
202 0.948826519878561
203 0.950400843357585
204 0.963678132807292
205 0.972012174402932
206 0.982829372444589
207 0.987351335943852
208 1.004486961803674
209 1.003416188352463
210 1.016047813356695
211 1.018069762149821
212 1.020468054287266
213 1.032388622480779
214 1.043115646168820
215 1.044425620962063
216 1.062612222501199
217 1.056900523584154
218 1.069784748647421
219 1.066018330220862
220 1.075840230514824
221 1.082641136526592
222 1.083447704020969
223 1.080493586199782
224 1.082487202497208
225 1.094148316915232
226 1.083716235301202
227 1.073469992882704
228 1.084244958451081
229 1.072561013744118
230 1.070474500609812
231 1.073791569571593
232 1.066187267777774
233 1.070979686142642
234 1.063535445958511
235 1.061087780869669
236 1.045916550585269
237 1.050531924746837
238 1.041319669729684
239 1.031774175526264
240 1.025523805802159
241 1.029241016513984
242 1.016061290931343
243 1.012426095450654
244 1.002632742851183
245 0.990680543422476
246 1.003516303982411
247 0.987923067021813
248 0.992341246025598
249 0.982972327667344
250 0.973665340738516
251 0.966002005513899
252 0.968836565565123
253 0.967540872493930
254 0.960675187193946
255 0.944306262111705
