0 4069.199999999999818
1 0.053904173016417
2 0.062210189555481
3 0.058817641434653
4 0.063502478903998
5 0.064755560676591
6 0.060845654298957
7 0.062184911568133
8 0.066099250632653
9 0.064026418398141
10 0.065136523112479
11 0.063390652792850
12 0.065920643635352
13 0.066817135476397
14 0.068934768161915
15 0.067628122725267
16 0.068754795622351
17 0.073517031633854
18 0.072295118800056
19 0.074447238081099
20 0.078032122913200
21 0.077673333983596
22 0.082785575118701
23 0.084095134021008
24 0.085555256841261
25 0.088406816957895
26 0.093903235599115
27 0.095788264224254
28 0.098144920495136
29 0.099888958268149
30 0.105218206344993
31 0.108585175175647
32 0.113580416109738
33 0.119218428762586
34 0.125106531438874
35 0.132697654182303
36 0.141478925252273
37 0.141451965320423
38 0.156680906540276
39 0.172002902006168
40 0.181311279554961
41 0.198993919836675
42 0.212815930574759
43 0.230407768787344
44 0.251048034869071
45 0.273554417614247
46 0.303213343623912
47 0.342579355488887
48 0.373802481387519
49 0.413535153091642
50 0.464323389303705
51 0.510708956392218
52 0.584047733730413
53 0.623987551984822
54 0.672224586381353
55 0.761103152094492
56 0.832361069637889
57 0.906500983347826
58 0.974621174725409
59 1.048200258600028
60 1.140847471909068
61 1.200106947906764
62 1.268456237795964
63 1.350120298348624
64 1.393661183315976
65 1.477771722476060
66 1.517617151282032
67 1.537485588711012
68 1.594234961448633
69 1.616876531806064
70 1.638140064149746
71 1.656295444249676
72 1.674617998990027
73 1.674041627709415
74 1.662252646576384
75 1.641921446027457
76 1.614963852735142
77 1.583426142534272
78 1.550201856264064
79 1.506738703767996
80 1.492970497374407
81 1.425666744117074
82 1.367455750132952
83 1.370325293667991
84 1.310815097228596
85 1.273357484461880
86 1.228641760529181
87 1.165307577555252
88 1.142724903048872
89 1.103643974516708
90 1.072872346095971
91 1.017202341891791
92 0.976701667092439
93 0.961865187647977
94 0.954534501027304
95 0.910269173704138
96 0.868841692966948
97 0.858189976377436
98 0.841183599340959
99 0.832561887638003
100 0.809188732369056
101 0.783282396323609
102 0.765280291788597
103 0.762820294364439
104 0.762125399871724
105 0.732305753874358
106 0.742272789182878
107 0.721298936439975
108 0.722979556108255
109 0.721153109087710
110 0.727471070637389
111 0.716575587256165
112 0.728915268001610
113 0.723535582013723
114 0.725652625847563
115 0.734772864265168
116 0.739937181147790
117 0.748462458417784
118 0.758439385175091
119 0.751139076002676
120 0.779088129821244
121 0.793513904847444
122 0.816841614729454
123 0.828641053914977
124 0.842540745511013
125 0.858466982555183
126 0.874059522180751
127 0.886217740627906
128 0.911437201121663
129 0.932347249414467
130 0.950290384110748
131 0.968384266128918
132 0.970334524855655
133 1.007853674732474
134 1.031774235429423
135 1.042076911677553
136 1.069112199613857
137 1.091918456700924
138 1.099422473689328
139 1.127641872590312
140 1.132932839369773
141 1.157141683621532
142 1.155968580103935
143 1.160692869721274
144 1.187146406029797
145 1.187247381148428
146 1.189408212336967
147 1.201179193386641
148 1.196470279427432
149 1.211263674512478
150 1.205736633519090
151 1.196965046198629
152 1.196782797503286
153 1.187797029359732
154 1.162145449088213
155 1.177849950684537
156 1.164442790953648
157 1.165924685396044
158 1.152456143549977
159 1.142023540616975
160 1.113000177598648
161 1.104069867643537
162 1.089179362345411
163 1.073619223586050
164 1.079142864643538
165 1.077690508077356
166 1.036720784625838
167 1.034287688703333
168 1.017851861623881
169 1.005375118877535
170 0.985133716426832
171 0.966421507047892
172 0.966803899451038
173 0.954826033687117
174 0.952271764267484
175 0.935097844799626
176 0.932252302156483
177 0.922999925927462
178 0.920528484267479
179 0.911309143369340
180 0.896440226667471
181 0.896191807112839
182 0.892158148371764
183 0.895585096054458
184 0.888917955166682
185 0.880933826678477
186 0.881852835501305
187 0.885034938854931
188 0.881709950526986
189 0.878831513949245
190 0.886677656381101
191 0.890571239927653
192 0.894979453275834
193 0.891322868011793
194 0.890815528058929
195 0.908062804783199
196 0.907257640243674
197 0.912742840977630
198 0.923471436128268
199 0.924785215968386
200 0.944284718470179
201 0.940241359748084
202 0.948397589096769
203 0.954050720458375
204 0.964678227259119
205 0.973340551368812
206 0.978262697750735
207 0.982792808486905
208 1.007590854389652
209 0.996241592544174
210 1.014871922979352
211 1.017853790901153
212 1.024203823156804
213 1.031283052173189
214 1.045195869084427
215 1.043836818041061
216 1.058941688729053
217 1.054736281487745
218 1.073664569073309
219 1.067715209028779
220 1.080987286476623
221 1.075822756735194
222 1.079582522182723
223 1.072316740756342
224 1.078342022459592
225 1.095158319983290
226 1.082362719228109
227 1.077886559490499
228 1.086126401831010
229 1.075105483337118
230 1.078040062885371
231 1.070012982249214
232 1.063557321478014
233 1.067946008212241
234 1.065802679622579
235 1.065288011187493
236 1.043124379344122
237 1.053245181756622
238 1.036088595051317
239 1.027773973500385
240 1.024413278802532
241 1.030542566095110
242 1.017153741434025
243 1.012989952221793
244 1.003479449251126
245 0.993016713176153
246 1.002576448633612
247 0.988500355261407
248 0.996124180296432
249 0.987227309998231
250 0.974037620605117
251 0.966706449612134
252 0.965032234865745
253 0.965525840973014
254 0.961023183362593
255 0.917228945186879
