0 4070.283333333333303
1 0.051530954345556
2 0.060507939563953
3 0.058901789105415
4 0.061199493879624
5 0.063398498377420
6 0.061600640530895
7 0.062214046218844
8 0.064992027629720
9 0.063524098060801
10 0.065275157722271
11 0.063810346477339
12 0.066071078429050
13 0.066428484334370
14 0.068605762434828
15 0.068027130503493
16 0.069331779739286
17 0.073298253452296
18 0.071897422110360
19 0.074559853797254
20 0.076374071955058
21 0.077685909067873
22 0.082300524202492
23 0.083895488972859
24 0.086201372420640
25 0.087580457680576
26 0.094137666923009
27 0.094811123887400
28 0.096224974111832
29 0.100378445937207
30 0.104815875028904
31 0.107515869423072
32 0.114024480389493
33 0.120618666383263
34 0.124571566211179
35 0.133195344768929
36 0.140792708753324
37 0.145698394094022
38 0.156318952936644
39 0.171581998615272
40 0.181579981239595
41 0.196528526773889
42 0.211806279110918
43 0.231732060385494
44 0.250180645420091
45 0.274618197621485
46 0.302391730059422
47 0.339411116376981
48 0.372512256062805
49 0.415420404431692
50 0.462981144211739
51 0.503592917408015
52 0.580388012094436
53 0.625378625570059
54 0.677428459074204
55 0.759242689012680
56 0.825681034622895
57 0.912654360436637
58 0.979048501022201
59 1.053933621322660
60 1.141508375983618
61 1.205245125178718
62 1.264976302742602
63 1.343173947195895
64 1.389941598593007
65 1.486231316157773
66 1.525073445677316
67 1.543335187169741
68 1.597614819818345
69 1.606347155439660
70 1.642886394365448
71 1.661997360763081
72 1.674061804821170
73 1.665739876153756
74 1.662274038758022
75 1.631887694510514
76 1.605145531130073
77 1.585694947592943
78 1.551010937154792
79 1.509130890905168
80 1.483224179703631
81 1.434919523258289
82 1.380797168445703
83 1.362835506538537
84 1.309076967449573
85 1.273823822850082
86 1.220718521674518
87 1.169302725087143
88 1.140005354924565
89 1.104576332496667
90 1.071091989926991
91 1.017675156866324
92 0.975778191182256
93 0.960003591809499
94 0.949753128560274
95 0.917843727738609
96 0.866280956650398
97 0.864263110618934
98 0.840634857827190
99 0.828168078357539
100 0.811426893848071
101 0.781765996928235
102 0.774011926396688
103 0.767347793767796
104 0.757292115399600
105 0.734360208219776
106 0.737791261631030
107 0.724549674319503
108 0.722964830710231
109 0.725304632490120
110 0.723870401015047
111 0.716773925473161
112 0.727809481280465
113 0.720930839345790
114 0.728791512364758
115 0.736654156806044
116 0.740805713446278
117 0.753517722551738
118 0.758587092265194
119 0.755907380551448
120 0.783250026620533
121 0.794536201227243
122 0.811883529077107
123 0.826441798667053
124 0.843928095135775
125 0.855968405398984
126 0.868754945038421
127 0.890621031340731
128 0.903202806962675
129 0.928503223112994
130 0.953853524152038
131 0.966912413343805
132 0.973627028146836
133 1.002347975448957
134 1.032964705649595
135 1.041227862111484
136 1.063514445025927
137 1.095472308744695
138 1.097678004865282
139 1.128756974170747
140 1.129665447551970
141 1.158538418271330
142 1.158497287305460
143 1.158206436553233
144 1.191128619089118
145 1.191784459970240
146 1.190415797299240
147 1.194221639531562
148 1.197998541536903
149 1.204785386644525
150 1.201974026005535
151 1.194221353656706
152 1.199331884819186
153 1.185635069487779
154 1.174108463421640
155 1.180508195255007
156 1.164107980110033
157 1.169897768543561
158 1.147581554396610
159 1.145416435652759
160 1.119485714508325
161 1.103479091714742
162 1.094682221900668
163 1.071724568077171
164 1.077218284639593
165 1.075836122140389
166 1.033298598492920
167 1.030544133822602
168 1.012989129505120
169 1.004737825953026
170 0.986848355471798
171 0.970680721508864
172 0.970490191573946
173 0.947843730662779
174 0.945156211067373
175 0.936154295988655
176 0.939811183980798
177 0.924184526741288
178 0.917634984781105
179 0.911166693522576
180 0.904357856754355
181 0.896037240044963
182 0.893668823387815
183 0.892996442901798
184 0.884358562505398
185 0.880669563006165
186 0.880926585515245
187 0.881048839692907
188 0.887246585103489
189 0.880493031564670
190 0.888138098854546
191 0.887145368287506
192 0.893106575877241
193 0.897657240150451
194 0.888205693641793
195 0.905674671480516
196 0.905533828710877
197 0.914407800614604
198 0.923340153409712
199 0.920040249488998
200 0.943192862280324
201 0.940995132674845
202 0.949351494980084
203 0.951180344667142
204 0.963530082400862
205 0.973520161191169
206 0.982116743254556
207 0.986876691037151
208 1.005485731142728
209 1.000972613541388
210 1.014079001770007
211 1.021136252026514
212 1.018466488322890
213 1.033385782145202
214 1.043676124578539
215 1.044182787280582
216 1.063009664457573
217 1.057227008439414
218 1.070318362040848
219 1.066885226453285
220 1.073472942106111
221 1.082440073125737
222 1.083284182855363
223 1.078000061002163
224 1.080772730013539
225 1.094705682959052
226 1.083930371773553
227 1.070500665443370
228 1.082399807207294
229 1.071709465065410
230 1.074318439846960
231 1.071193528451502
232 1.066119620782529
233 1.067644816943183
234 1.064098488950262
235 1.064198590282467
236 1.043800067615583
237 1.052709913554985
238 1.039698248351071
239 1.034613310384980
240 1.025176619304830
241 1.027557049902077
242 1.017712480571184
243 1.016131912673332
244 1.003372185588137
245 0.992286040820883
246 1.003123687302718
247 0.988489540680074
248 0.990765167694619
249 0.982282185982355
250 0.974155011622300
251 0.967829438267575
252 0.967590149345534
253 0.964091316900359
254 0.959126795267821
255 0.941299805060219
