0 4096.000000000000000
1 0.039608363062143
2 0.050211628054967
3 0.045609773788601
4 0.086914392964294
5 0.069786195480265
6 0.079285107436590
7 0.058320899433359
8 0.055291046606726
9 0.061671330535319
10 0.075038610079312
11 0.066362747811581
12 0.072339205705066
13 0.065415319329907
14 0.056164810801750
15 0.061380201899738
16 0.071559058691491
17 0.069169979518408
18 0.054975843146288
19 0.092224370362237
20 0.087452284143036
21 0.073338079426321
22 0.076515267396805
23 0.086252591299957
24 0.092026443272756
25 0.098782983992091
26 0.080196055730829
27 0.093387167419345
28 0.082747659779021
29 0.091922622123093
30 0.114978594071370
31 0.099267782314340
32 0.118291490114061
33 0.131030699860555
34 0.134363221920355
35 0.124447521690924
36 0.158744882246287
37 0.174231424597868
38 0.146847108273278
39 0.185699415837506
40 0.162469920980492
41 0.190969582669341
42 0.202182794690033
43 0.211593270767480
44 0.249695912654768
45 0.272184025120463
46 0.307421652357506
47 0.312722601991606
48 0.383874352031387
49 0.418504052879287
50 0.394771684591043
51 0.445316172354383
52 0.501907996485571
53 0.666636472213255
54 0.595878612247215
55 0.758357959487376
56 0.885339529636630
57 0.802294824696663
58 1.075667833436055
59 1.039594066770919
60 1.062944064900393
61 1.142428440994766
62 1.221568102544478
63 1.239305199850351
64 1.353615326752896
65 1.425014597534081
66 1.441348723806441
67 1.719394623003197
68 1.688175715881078
69 1.647819860706267
70 1.891765436968334
71 1.667326492636038
72 1.837095285734783
73 1.827542515808781
74 1.509793609297927
75 1.778838851629999
76 1.328380021712898
77 1.530753564247261
78 1.516427149421911
79 1.644405840978687
80 1.564835302737769
81 1.468632401939481
82 1.259443045032572
83 1.320573648800039
84 1.326279575964297
85 1.286436782997840
86 1.227648178391118
87 1.246445890937626
88 1.110215254767819
89 1.100119242261474
90 0.995476661895341
91 1.037894298196483
92 0.967137228743703
93 1.012245005109086
94 0.836791512270314
95 0.902187800272127
96 0.854531952244385
97 0.838915864646522
98 0.814952839923008
99 0.853138129344092
100 0.871908198165520
101 0.780184583167590
102 0.786991181448232
103 0.745429751393087
104 0.858069188977381
105 0.652478164345350
106 0.729944276165293
107 0.775788080058625
108 0.701487033280588
109 0.649178800478098
110 0.696581740069357
111 0.712635258062639
112 0.775624456846022
113 0.714520647173834
114 0.781529139872013
115 0.690298511112794
116 0.746243309524878
117 0.800793266114298
118 0.790195455076173
119 0.713108810655916
120 0.838787978761173
121 0.741881168205747
122 0.790864785161736
123 0.804781466155246
124 0.812924341437502
125 0.913657989959178
126 0.844651942369565
127 0.909203448267505
128 0.946535988338970
129 0.935881185398389
130 0.904422761218268
131 0.939765378465345
132 1.004948628299947
133 1.009037924182857
134 0.991648159852048
135 1.022949048777280
136 1.062875209769186
137 1.038472387346935
138 1.092879040872514
139 1.122314247432039
140 1.056386134783041
141 1.263292840273982
142 1.199594588183247
143 1.150201713392097
144 1.249793029112513
145 1.185201486361683
146 1.153732888265164
147 1.304958096659424
148 1.146116245434299
149 1.292041940920911
150 1.123733061415886
151 1.073861501850795
152 1.196125092372283
153 1.268291064018859
154 1.149134053978138
155 1.211114492694226
156 1.090935863965748
157 1.112820906255237
158 1.150765984639293
159 1.182794361403212
160 1.163988607577549
161 1.119482823368867
162 1.121995889188838
163 1.081168420585345
164 1.109751121316535
165 1.088597930259502
166 1.093078099890974
167 1.054092985738236
168 1.037073799778000
169 1.023083858917013
170 0.904358870041692
171 0.986127794000721
172 1.012585947360744
173 0.941214492155399
174 0.884613193087230
175 0.926129148991485
176 0.922733097515578
177 0.926364465435362
178 0.820426688753753
179 0.844680833190632
180 0.884996770226333
181 0.865776835974563
182 0.895118864514699
183 0.938750073565154
184 0.945320394327534
185 0.886354429027774
186 0.954713891161373
187 0.915668955210681
188 0.861156470697244
189 0.872862677345525
190 0.906116145062917
191 0.874700516790147
192 0.907139821492238
193 0.878487231445690
194 0.862063792783356
195 0.946354614375405
196 0.942370568728597
197 0.847668774365874
198 0.910942972653651
199 0.891519210243510
200 0.908462987697459
201 0.897822002316971
202 0.900805905082774
203 0.976250191461449
204 0.952160641569380
205 0.965536064058401
206 0.992475383898797
207 1.080964256341546
208 1.046206149866513
209 1.027243825185264
210 1.021559556135688
211 1.007985146093743
212 1.027200965483361
213 1.036421659056768
214 1.056806318380820
215 1.054610991033126
216 1.091068015348923
217 1.033041925176973
218 1.003899329899814
219 1.093016765699143
220 1.072953137874047
221 1.057988939150805
222 1.061568891215787
223 1.119765972326382
224 1.033311253548184
225 1.080724195875247
226 1.068321890913599
227 1.081427052835270
228 1.079999121749124
229 1.039206708141020
230 1.105268942283500
231 1.181202920688277
232 1.085392008994972
233 1.090387959505639
234 1.046304170011171
235 1.046863953308834
236 1.096320677117281
237 1.042062427051362
238 0.993230924136313
239 1.061963742830509
240 0.989830315885432
241 1.018163651514665
242 0.998098467184951
243 1.018242202659147
244 1.068631328559557
245 0.935075007200687
246 0.980598135840482
247 1.048669528196218
248 0.940449546400053
249 0.966449377725891
250 0.942248776340833
251 0.979623608684233
252 0.998508779441531
253 0.961269409618348
254 0.899871983309579
255 0.983062181518310
