0 4071.849999999999909
1 0.052337500964313
2 0.059493681837193
3 0.058125720518265
4 0.059969917143150
5 0.062916284030610
6 0.061604756077980
7 0.062765833470362
8 0.064438707474537
9 0.063526075633149
10 0.065102402657821
11 0.063442058564421
12 0.065333612898194
13 0.066531113926493
14 0.068175974076828
15 0.068467176995806
16 0.069950943839323
17 0.073205293610001
18 0.071074763470972
19 0.074896502330499
20 0.075771836323356
21 0.077972957267372
22 0.082215316440398
23 0.083824435563141
24 0.085284935656610
25 0.088496871538471
26 0.093179796630820
27 0.094187338246219
28 0.096038330724635
29 0.099993171524138
30 0.105275792029514
31 0.108291497392877
32 0.114644136238260
33 0.121009829996137
34 0.124192790409438
35 0.132941454558221
36 0.140918074207816
37 0.146309697352332
38 0.156044852621088
39 0.170195535508955
40 0.182503209035953
41 0.197223387238236
42 0.210602291926756
43 0.231942417560719
44 0.250363379857483
45 0.275528344682480
46 0.304034827324538
47 0.340297367996581
48 0.371435532253845
49 0.413564778028692
50 0.461700647457398
51 0.506222481776463
52 0.575106402237005
53 0.617077924995761
54 0.683129039795094
55 0.759695399598436
56 0.821410683674919
57 0.904028556661175
58 0.973402629890690
59 1.052595369934000
60 1.136180209717943
61 1.220564131164949
62 1.268034736005240
63 1.341999729630154
64 1.390085069454325
65 1.480608834968719
66 1.517147261752833
67 1.553622900139278
68 1.593782628203923
69 1.618213437472562
70 1.643297553747902
71 1.652381076834367
72 1.678094985153376
73 1.663334578982132
74 1.655628356437876
75 1.635904624305745
76 1.607282919538666
77 1.586997512790004
78 1.552600067580277
79 1.512109893897531
80 1.485847639345051
81 1.435404230670689
82 1.388384299222154
83 1.361640526343897
84 1.309502388143488
85 1.270800216886345
86 1.227598500642658
87 1.170305248079470
88 1.132892866601954
89 1.104110440808957
90 1.075585417925836
91 1.017819298485394
92 0.981519104285124
93 0.964354674622729
94 0.945232276059118
95 0.918602777377120
96 0.869959452901614
97 0.864388440702395
98 0.840399977620959
99 0.822991712905212
100 0.811683054808585
101 0.778611555363096
102 0.773132478504585
103 0.766431092034447
104 0.755133548773206
105 0.735146146149100
106 0.734699586052384
107 0.722798705695454
108 0.724601391908371
109 0.722416175082140
110 0.723763796656108
111 0.717046284793726
112 0.722189027058448
113 0.720729719679104
114 0.729425911515229
115 0.737428197922409
116 0.742307729184532
117 0.751795497455863
118 0.757322246616540
119 0.758978422564109
120 0.781328440816508
121 0.796126137069339
122 0.811569808112499
123 0.824142061367034
124 0.843488790193765
125 0.854076304573389
126 0.870691789485351
127 0.894455614713430
128 0.905406922024552
129 0.925653731591060
130 0.947298958678307
131 0.962568816686442
132 0.982129559520053
133 1.004199610967718
134 1.033374959135976
135 1.045349166374947
136 1.064611583863176
137 1.093180650795604
138 1.096719520392239
139 1.124891135762154
140 1.129984451390040
141 1.158002126624684
142 1.162117946966952
143 1.162464931420624
144 1.185438014021577
145 1.189616262311508
146 1.190869803801521
147 1.193755926725892
148 1.207227376481586
149 1.207120142699674
150 1.201753943782484
151 1.193748503730775
152 1.200700628722621
153 1.192108356114348
154 1.172728859364782
155 1.173909970893722
156 1.160282123191384
157 1.169367434373566
158 1.146952045532629
159 1.140792224262772
160 1.121967544341365
161 1.103424287069296
162 1.097009185657096
163 1.073494692248476
164 1.074023267063402
165 1.068916857791148
166 1.039709132227646
167 1.033155944382937
168 1.015681360047741
169 1.003814204073489
170 0.985513793316878
171 0.974289848437343
172 0.971184689682608
173 0.951204784028372
174 0.942499816090004
175 0.936128458295115
176 0.937897819975455
177 0.922666736002942
178 0.914671652507938
179 0.909586860432990
180 0.903451762179660
181 0.895757034752126
182 0.896505854541813
183 0.889784906779650
184 0.886277313962105
185 0.881675189886336
186 0.876958054837060
187 0.882762616586672
188 0.886859827653595
189 0.884189936832523
190 0.890597919605259
191 0.884013986554095
192 0.890674286518181
193 0.899294157216959
194 0.888035546579134
195 0.903947192373310
196 0.903291528186453
197 0.915471303404745
198 0.922966402661263
199 0.923291949077371
200 0.943701519765802
201 0.942670186239817
202 0.946923377467218
203 0.950935137795178
204 0.962788194212696
205 0.973614419168930
206 0.983252570391002
207 0.987225390414568
208 1.003973425737841
209 1.002237161095825
210 1.016055263662521
211 1.017416908673284
212 1.022347495843606
213 1.033432707372836
214 1.040393301668967
215 1.044791356585583
216 1.059292650045311
217 1.054543173905287
218 1.069143757575992
219 1.066528142088925
220 1.075151527024155
221 1.083014260550486
222 1.082180177099759
223 1.079067354289465
224 1.083468956944973
225 1.093635974201146
226 1.082034720864725
227 1.075807055310443
228 1.082935051605957
229 1.073848175780283
230 1.072765192983217
231 1.073151435801903
232 1.068041713739158
233 1.071857434218911
234 1.066892871113269
235 1.057751183343593
236 1.047432123562841
237 1.052207509728031
238 1.041376598426262
239 1.032734493245191
240 1.025448753522988
241 1.029932227830225
242 1.015878311843235
243 1.012408834162082
244 1.003525564170616
245 0.993757574111971
246 1.001584272660529
247 0.988921614315463
248 0.989734379404163
249 0.984000803805253
250 0.972318967714105
251 0.966825953355838
252 0.969915464227105
253 0.967076664368874
254 0.960649785817946
255 0.949963208153996
