0 4071.777777777777828
1 0.055746205790557
2 0.060118422026507
3 0.057623945011073
4 0.059696466470165
5 0.062829750287199
6 0.061860462653841
7 0.062679215584500
8 0.063908738115233
9 0.063546091098498
10 0.065720050564709
11 0.063792286834578
12 0.065408441112895
13 0.066528635101102
14 0.067632940911180
15 0.068404981287303
16 0.069996593153613
17 0.073060194859401
18 0.071875447760895
19 0.074662113293641
20 0.075950512183121
21 0.078173698773452
22 0.082629409373730
23 0.083074506788190
24 0.085024151824700
25 0.088668575805193
26 0.092959733806560
27 0.094390508859819
28 0.096431256385366
29 0.100142816309828
30 0.105251794213228
31 0.108281081864527
32 0.114127572818503
33 0.121860176106581
34 0.123799909117878
35 0.132708554971762
36 0.140192194777316
37 0.146539315811536
38 0.156186601492679
39 0.170374273006440
40 0.182491391935909
41 0.197739576597857
42 0.210173100646304
43 0.232416999158169
44 0.250753233794035
45 0.275163637935686
46 0.302136109422546
47 0.341594977318647
48 0.373874602701510
49 0.413563647531116
50 0.461686839759645
51 0.505519120525293
52 0.576334173151127
53 0.617700313847111
54 0.682468285221441
55 0.759673540453233
56 0.826085439422898
57 0.902309194040186
58 0.973116005338493
59 1.049079747918379
60 1.132599727409555
61 1.215994984916699
62 1.271856536128775
63 1.340965758919266
64 1.392485026309260
65 1.480743007986776
66 1.519143169636096
67 1.552241564531687
68 1.585912953449254
69 1.617695664911688
70 1.644664382973360
71 1.649815804080302
72 1.678791062325465
73 1.666886583408103
74 1.656760878340978
75 1.639841554209214
76 1.605629212171525
77 1.591041679786981
78 1.550661507245555
79 1.512620305268936
80 1.478273123804973
81 1.441370805705067
82 1.386586139920732
83 1.356599931233891
84 1.314304090612034
85 1.269942673670733
86 1.231832340833161
87 1.172891717183482
88 1.136394671572148
89 1.104005469842338
90 1.076469921539805
91 1.019917511260594
92 0.980952177044140
93 0.966711153052609
94 0.943535337674019
95 0.917778613770226
96 0.869048810394579
97 0.867345862219881
98 0.841748896536522
99 0.819341225551347
100 0.808342295152043
101 0.781594323991455
102 0.773727453952584
103 0.765022648766437
104 0.754654921816452
105 0.735219037623529
106 0.732964646418501
107 0.722994261340993
108 0.723880063138719
109 0.722782524573268
110 0.720633088109011
111 0.715586024440789
112 0.720404723877943
113 0.717444276643172
114 0.730520993296372
115 0.735385722861754
116 0.743816994560417
117 0.749264082468417
118 0.758113724080882
119 0.760819727647629
120 0.779687720728107
121 0.794596311877614
122 0.809944742828250
123 0.824708821208137
124 0.843783814640878
125 0.856368380071202
126 0.869830583191692
127 0.896786316601259
128 0.906138280722828
129 0.927633226122186
130 0.948118104606773
131 0.963129659577384
132 0.982615052166420
133 1.005609972719960
134 1.033271512344187
135 1.044653036672145
136 1.064751322199319
137 1.088352584632471
138 1.097930730012604
139 1.123563781120918
140 1.131379847769539
141 1.158486202469446
142 1.162993969362417
143 1.164279223915702
144 1.187420091075605
145 1.189826454623119
146 1.190430310996500
147 1.198697914909970
148 1.202522248395417
149 1.205498391412635
150 1.200434921125676
151 1.194043148701204
152 1.202782481021264
153 1.193055865004389
154 1.176443160947705
155 1.170362882688755
156 1.159364927072302
157 1.166036199442168
158 1.147946156192571
159 1.140233821706824
160 1.123068242634279
161 1.107179376449856
162 1.097538740097414
163 1.073620642325089
164 1.073924804419794
165 1.067798135203397
166 1.041510108498905
167 1.034455762971663
168 1.015348377798227
169 1.005012777002889
170 0.985947318461558
171 0.973991203015178
172 0.972396562684992
173 0.950818468361154
174 0.941642059913872
175 0.938081844119066
176 0.934269522308992
177 0.921096748959826
178 0.912048217085507
179 0.907196515808930
180 0.903713083445635
181 0.893481892975985
182 0.895764443540633
183 0.890203825973132
184 0.884177280578652
185 0.882091300205271
186 0.877909803415025
187 0.882521474398280
188 0.886049709524827
189 0.882969709915579
190 0.892241978455326
191 0.884503682853682
192 0.890068308481530
193 0.900088688368443
194 0.889180627738992
195 0.902270516873681
196 0.904021898467489
197 0.915153556343751
198 0.921530739679723
199 0.923265739216522
200 0.945060266609031
201 0.943343947109171
202 0.946078850302569
203 0.950754165064779
204 0.961457199218185
205 0.975091268023262
206 0.982028092117051
207 0.986192439971225
208 1.002257879635699
209 1.004787441616946
210 1.018620872345938
211 1.019104013304527
212 1.023076579714246
213 1.033903033017151
214 1.044225922162457
215 1.046238334312820
216 1.056647388443222
217 1.056424097307120
218 1.068128462132551
219 1.065686608766992
220 1.075194338985908
221 1.083817026816160
222 1.083609624553799
223 1.078943374697132
224 1.082047970903398
225 1.093250732753695
226 1.082662638625291
227 1.076036447860451
228 1.085157992505547
229 1.071157903391182
230 1.073135179969099
231 1.072868859388115
232 1.068223026310075
233 1.071897166367585
234 1.068435916415735
235 1.058116312867649
236 1.045810914337525
237 1.050608869114022
238 1.041441931409767
239 1.032974505279173
240 1.027038683479328
241 1.030492639820016
242 1.015139612770339
243 1.011873438243180
244 1.001577864394490
245 0.997322596631791
246 0.999311535350256
247 0.989878751761767
248 0.988623020397128
249 0.983531913048956
250 0.972063394234774
251 0.967395230254178
252 0.969194011067446
253 0.965496127896192
254 0.960299708617680
255 0.932660547494357
