0 4071.800000000000182
1 0.045310376223642
2 0.062766081489099
3 0.057838547401479
4 0.061881117140850
5 0.059023004560877
6 0.065478540855949
7 0.062245347934337
8 0.061735239715095
9 0.069356884120602
10 0.062050396535094
11 0.063377638391466
12 0.066141133517012
13 0.065521803967125
14 0.070873969803374
15 0.069841694865105
16 0.064311295287856
17 0.066009261709327
18 0.069992455867814
19 0.075979505417126
20 0.077668827150915
21 0.075667032114370
22 0.085203959524025
23 0.084706974970489
24 0.088363892701933
25 0.084801397588845
26 0.095966946546551
27 0.097215203810875
28 0.097711544361597
29 0.094668874389981
30 0.107213296675098
31 0.102758404168876
32 0.116444720204279
33 0.121825019437361
34 0.127673549802472
35 0.132233889435789
36 0.147903306242451
37 0.144521006085163
38 0.153954385418024
39 0.176581217907360
40 0.181319154136469
41 0.197414077154100
42 0.213943011191397
43 0.237570975678885
44 0.260612536167141
45 0.274402258804445
46 0.302473606331856
47 0.336094814549657
48 0.366086646379653
49 0.415971988111907
50 0.450454681995087
51 0.508769494028560
52 0.566741603968974
53 0.617760951077866
54 0.658555224501254
55 0.771279397488731
56 0.825114859599870
57 0.894144875716161
58 1.013803943544925
59 1.039826126825432
60 1.127393087295035
61 1.179235755678893
62 1.270734327442832
63 1.343079800383247
64 1.414047994973443
65 1.481447379814441
66 1.512667604179820
67 1.544903781503314
68 1.610111104594224
69 1.622985266353205
70 1.669231653238448
71 1.632404228230577
72 1.693476765097555
73 1.684846438625567
74 1.660923758638216
75 1.679431579407354
76 1.576432003484879
77 1.551447172393982
78 1.527280938736125
79 1.515299242806308
80 1.482311710853545
81 1.432967868064180
82 1.362996754066599
83 1.381246438365206
84 1.322637202993292
85 1.282446810453830
86 1.223201583983086
87 1.181370140420704
88 1.159733964588079
89 1.077259872077110
90 1.046847539095334
91 1.032773456720265
92 0.979231384388715
93 0.933179155349662
94 0.935538145915551
95 0.912022418632942
96 0.887516408284287
97 0.849977516954565
98 0.828333683984975
99 0.844906596663563
100 0.823463761334066
101 0.776936093077669
102 0.774098172851754
103 0.774237216202113
104 0.766794471719414
105 0.731511884732293
106 0.738458806371042
107 0.731312498308084
108 0.712456646806671
109 0.736669775363602
110 0.724906216377856
111 0.713151956656858
112 0.743481856315870
113 0.726323429036245
114 0.719894590926208
115 0.747489696156602
116 0.738011091058747
117 0.743775730371238
118 0.762184366002592
119 0.759200318799258
120 0.773086494102309
121 0.769850612559558
122 0.818952084831179
123 0.819652295048341
124 0.837802031518804
125 0.874843829269172
126 0.885352738551542
127 0.894003651033288
128 0.920107081147457
129 0.917249259619724
130 0.943267223580800
131 0.960761980766526
132 0.968950184466285
133 1.007108080137601
134 1.024130136864254
135 1.035553335390683
136 1.077691117655588
137 1.059448075243675
138 1.110129591582324
139 1.129502571898149
140 1.124317536849942
141 1.136131681139810
142 1.164543832906546
143 1.172966831553602
144 1.206816362280182
145 1.183805838466895
146 1.207989387427169
147 1.206788446125296
148 1.194169724546567
149 1.221692352777457
150 1.199484239756214
151 1.186780986307152
152 1.184205218676225
153 1.204167781527886
154 1.152440123284021
155 1.172682059790690
156 1.168122287416428
157 1.143546263551340
158 1.142972008838306
159 1.148227724046071
160 1.109098768555105
161 1.099483738770812
162 1.105561612042669
163 1.080835753079258
164 1.083931556652592
165 1.079151261348177
166 1.052898059582609
167 1.013908875876777
168 1.040044799928766
169 1.019642633669427
170 0.969549503617481
171 0.970837087542550
172 0.959806091598404
173 0.969400867149110
174 0.949551311975843
175 0.925856498649938
176 0.909507184290008
177 0.931167798212329
178 0.922152107154673
179 0.933583219029801
180 0.882714076679158
181 0.905661783183013
182 0.888873807679307
183 0.889637751044899
184 0.905656326596578
185 0.875727055159149
186 0.883469557781476
187 0.877967446186857
188 0.892074216285972
189 0.873244125838687
190 0.894417731856299
191 0.890212159624206
192 0.900743311490937
193 0.886236778662992
194 0.895555277151382
195 0.904778049467963
196 0.908270136462597
197 0.902873136715905
198 0.910117830465973
199 0.919316731327768
200 0.941092674301099
201 0.941599952054231
202 0.930339933163047
203 0.962860774518519
204 0.957697089138013
205 0.965706523640585
206 0.974665662169650
207 0.992327543825575
208 1.018893730938397
209 0.999660781947605
210 1.019842498001561
211 0.996391208361088
212 1.018620959325082
213 1.027812799947958
214 1.051939571521904
215 1.061884190310162
216 1.063978602205966
217 1.057776138664463
218 1.058987164668680
219 1.080610150290693
220 1.096188841978050
221 1.079325910703779
222 1.071826700676525
223 1.074388268170061
224 1.088811042275993
225 1.097523739319430
226 1.074240242183435
227 1.074416231731105
228 1.093650247657422
229 1.085539211298379
230 1.062462007577327
231 1.090254570829497
232 1.063106737165982
233 1.062416734479351
234 1.059721010310563
235 1.053028850895331
236 1.046272559360939
237 1.051689238121363
238 1.020167380477164
239 1.027517735669529
240 1.008249125493079
241 1.021680847289089
242 1.014108502261721
243 1.020332960754525
244 1.002805547920601
245 0.982726641706560
246 1.016050621294424
247 0.989622238075013
248 1.013918061647419
249 0.989777409182959
250 0.958118493801102
251 0.968653681164769
252 0.969592469175349
253 0.969170095507545
254 0.953656538486699
255 0.930409022663824
