0 4071.159999999999854
1 0.051284523803042
2 0.060778962102340
3 0.057851198842225
4 0.061975528948227
5 0.064378083243723
6 0.060835823650581
7 0.061686658319269
8 0.066167948080232
9 0.064236554898842
10 0.065928736969140
11 0.062523157486939
12 0.065746451692275
13 0.067076628442816
14 0.067499622539092
15 0.068051559604314
16 0.069512166636253
17 0.073446119167233
18 0.071700534983724
19 0.074719428518452
20 0.077081181672303
21 0.077491438144238
22 0.082966480135050
23 0.083905495499534
24 0.085611593110983
25 0.087422588452607
26 0.094258967072188
27 0.094585797271958
28 0.095861332223476
29 0.100028479357172
30 0.105232050721753
31 0.107563597190902
32 0.114740540808129
33 0.121311154533603
34 0.125529142889838
35 0.132317560281661
36 0.139747129787235
37 0.144415080692327
38 0.156351974467223
39 0.170580295445235
40 0.181340500617179
41 0.197523794821058
42 0.213055767348597
43 0.229232727811513
44 0.252710491946093
45 0.275073567833829
46 0.300397616590469
47 0.338781505612747
48 0.370037732255874
49 0.415299784197647
50 0.461859030303337
51 0.508582852007923
52 0.582426939036749
53 0.625494871752095
54 0.675722350843545
55 0.761923900170158
56 0.827939748332627
57 0.903893248362287
58 0.978711533581934
59 1.047602826584993
60 1.143342431725211
61 1.194977552495605
62 1.266468582908649
63 1.342964444645142
64 1.393223470780610
65 1.479031608241057
66 1.527323234410020
67 1.538520042019530
68 1.603901963263090
69 1.609062542856758
70 1.627468264221228
71 1.666897677939899
72 1.679150559542971
73 1.666212307916405
74 1.668928388501567
75 1.640079649204307
76 1.610030088700919
77 1.580722011161388
78 1.553934204813572
79 1.508411498143925
80 1.485235507313162
81 1.432405256622092
82 1.376305572192819
83 1.365455792189576
84 1.308737705340882
85 1.276917472934457
86 1.226129026279471
87 1.172880183713906
88 1.143512422653140
89 1.105078553611164
90 1.071579447680992
91 1.017047936135877
92 0.980270397718404
93 0.962150933935626
94 0.952520836693341
95 0.917153535680684
96 0.867429463617774
97 0.858809790700946
98 0.841737835242343
99 0.825311025290324
100 0.810832025852013
101 0.778554000698533
102 0.765983902230214
103 0.763128237881973
104 0.757438731862165
105 0.735118593676643
106 0.738247007279103
107 0.720819930611294
108 0.724539101902634
109 0.723981660853061
110 0.721904832375017
111 0.715093446298602
112 0.729453776308240
113 0.719113587614106
114 0.726804183508977
115 0.736549929827302
116 0.741310296228175
117 0.752894903840147
118 0.760837893306875
119 0.754931884142915
120 0.782137692508775
121 0.793445599675979
122 0.815507817555323
123 0.826091319995555
124 0.842772738205835
125 0.854558209792330
126 0.868370238788179
127 0.889910734714658
128 0.907437870264214
129 0.931747801047534
130 0.954187279576152
131 0.967954708907032
132 0.974872075618627
133 1.001268041591127
134 1.033065222158851
135 1.039874615164104
136 1.065362516800372
137 1.088882509331683
138 1.095021178616926
139 1.130696362779107
140 1.132372778122980
141 1.158870330044230
142 1.161486194807080
143 1.159637304029428
144 1.191083736833854
145 1.185339330900554
146 1.191221070287737
147 1.201794202563738
148 1.200085637989336
149 1.209664316380836
150 1.204049847746239
151 1.194097964171183
152 1.198749630448759
153 1.184115856305202
154 1.169318636562483
155 1.177819090530150
156 1.162799159726797
157 1.170089114073858
158 1.152873324425173
159 1.144147921936157
160 1.117423788555306
161 1.105164196695676
162 1.090444171300206
163 1.070698734752018
164 1.080319034219152
165 1.078511966568996
166 1.034620668388010
167 1.033103158222588
168 1.013814076943713
169 1.001828019426041
170 0.984939032361724
171 0.968812650524935
172 0.969317464548489
173 0.950942865942550
174 0.945807522308843
175 0.935195615860240
176 0.934762658237025
177 0.924701168905469
178 0.920112688310720
179 0.914313774049673
180 0.898394815830866
181 0.894294320216296
182 0.892753710536631
183 0.895530863422165
184 0.885092619006485
185 0.877193843412423
186 0.882934579409202
187 0.880020891084832
188 0.885236291187652
189 0.881459482549509
190 0.888209406864304
191 0.891147535595476
192 0.893295073458379
193 0.892960130553164
194 0.892054205238785
195 0.905172968884394
196 0.906478726708028
197 0.914657042422751
198 0.922485287372817
199 0.919784830296965
200 0.944112400756248
201 0.943309052928205
202 0.947934806462118
203 0.949610264424336
204 0.964389896415974
205 0.975867621471693
206 0.980854019216233
207 0.985483672088837
208 1.006806894668193
209 1.001407189075689
210 1.013379240748269
211 1.019804248664646
212 1.019947139043685
213 1.034541670010793
214 1.044459528132406
215 1.042082551524921
216 1.063114659761891
217 1.053824410870295
218 1.071455973742026
219 1.070298862674953
220 1.076181660699855
221 1.079389306570871
222 1.083411700077650
223 1.073595288997741
224 1.080803000759214
225 1.098358626767028
226 1.079512733138614
227 1.069957331846238
228 1.084043465538294
229 1.073650457970070
230 1.074433791984367
231 1.068250247362841
232 1.062248174437830
233 1.071990149337275
234 1.064408260957489
235 1.064279227392870
236 1.043509084454867
237 1.052460276077656
238 1.037563774003406
239 1.032818123555212
240 1.025689207996920
241 1.030839774348883
242 1.018328037241734
243 1.016761048638053
244 1.003552377730759
245 0.991339010941215
246 1.003213869762953
247 0.989607604449387
248 0.995016972751994
249 0.984537454406112
250 0.972912977839746
251 0.969362793805860
252 0.962999564506882
253 0.963699852720607
254 0.960790688792235
255 0.911592993137633
