0.189101 0.0335412
0.0744251 0.0154477
0.717066 0.305227
0.29059 0.711302
0.639272 0.877087
0.75892 0.124104
0.622679 0.842768
0.378552 0.343318
0.638896 0.2868
0.790329 0.208538
0.805022 0.0810769
0.943119 0.0504181
0.894925 0.198845
0.327435 0.216689
0.906452 0.648385
0.752148 0.133898
0.202734 0.929
0.0482642 0.934388
0.0115128 0.191014
0.350525 0.36373
0.0170319 0.680716
0.0675112 0.64453
0.544481 0.227803
0.441767 0.716901
0.375103 0.409803
0.813982 0.203506
0.577169 0.0435584
0.633399 0.0978671
0.258228 0.0123312
0.647484 0.479282
0.77982 0.358116
0.007672 0.0875279
0.497628 0.537671
0.647938 0.807404
0.346543 0.758611
0.835656 0.61969
0.758058 0.14523
0.319053 0.364362
0.231615 0.914744
0.76541 0.367756
0.965155 0.82125
0.914734 0.132192
0.944121 0.410348
0.983917 0.539428
0.781928 0.451174
0.71843 0.433809
0.965794 0.61924
0.177619 0.723499
0.385267 0.703408
0.883994 0.855544
0.580511 0.429365
0.597875 0.410341
0.845123 0.321934
0.381174 0.741451
0.53384 0.776425
0.175335 0.816497
0.867002 0.848061
0.179667 0.343425
0.477113 0.886705
0.421175 0.683814
0.522681 0.495703
0.0527503 0.141796
0.592919 0.848487
0.803337 0.794843
