0.367504 0.308556
0.173413 0.462418
0.425175 0.262244
0.557977 0.193147
0.632241 0.27512
0.6792 0.413479
0.0750352 0.80869
0.0640871 0.556812
0.995123 0.529211
0.792872 0.762728
0.489525 0.776042
0.299715 0.164796
0.631363 0.297519
0.590694 0.713472
0.39645 0.356498
0.754889 0.284704
0.913972 0.108226
0.152545 0.103791
0.82518 0.432216
0.931036 0.199691
0.48467 0.799061
0.979351 0.565701
0.50419 0.929754
0.222591 0.446804
0.677129 0.881986
0.370525 0.101588
0.668866 0.213505
0.162372 0.0374309
0.378392 0.231097
0.540853 0.0222899
0.512401 0.254772
0.492299 0.706281
0.434816 0.795669
0.90961 0.903098
0.611228 0.564028
0.377484 0.087844
0.135667 0.0568852
0.30424 0.457124
0.661323 0.90619
0.0944043 0.603081
0.140471 0.244641
0.78675 0.999899
0.772846 0.632181
0.692836 0.754129
0.455496 0.909905
0.43307 0.484712
0.387979 0.0547813
0.456388 0.471088
0.71027 0.308488
0.673909 0.925136
0.610423 0.672776
0.467964 0.132514
0.0367563 0.193648
0.740246 0.389349
0.364944 0.204583
0.22413 0.890009
0.311846 0.0378452
0.347381 0.650241
0.34145 0.331078
0.0363571 0.967352
0.38808 0.408023
0.998574 0.00601295
0.12048 0.767005
0.907254 0.675906
0.208007 0.204176
0.19259 0.747843
0.225628 0.781392
0.676399 0.990555
0.374359 0.737549
0.379062 0.24438
0.103297 0.569563
0.493038 0.664256
0.831225 0.172661
0.721393 0.63725
0.191304 0.942862
0.0918818 0.0242684
0.800661 0.686476
0.59899 0.697378
0.305256 0.646903
0.923425 0.789473
0.0146837 0.808346
0.308935 0.478921
0.545241 0.245137
0.921645 0.4757
0.584353 0.796007
0.611799 0.0256761
0.80526 0.911774
0.579662 0.214769
0.55566 0.575718
0.607074 0.534331
0.753964 0.666553
0.0478487 0.103009
0.316187 0.72876
0.920819 0.0595243
0.847636 0.553589
0.169102 0.516288
0.537022 0.241852
0.341413 0.0576319
0.534995 0.0175014
0.722431 0.181148
0.261159 0.255643
0.848861 0.809345
0.318285 0.262255
0.658691 0.175398
0.0826332 0.843296
0.448971 0.0355244
0.746236 0.691625
0.781268 0.446588
0.0998945 0.930281
0.34572 0.82648
0.731875 0.624908
0.149686 0.88306
0.472424 0.826836
0.76352 0.341737
0.811794 0.357509
0.465575 0.449809
0.961363 0.486169
0.165607 0.605508
0.093365 0.293219
0.838124 0.410179
0.792936 0.524318
0.705624 0.122526
0.672525 0.313517
0.62008 0.194477
0.547691 0.241692
0.49655 0.969526
0.247139 0.768925
0.455577 0.0478291
0.549107 0.371662
0.684405 0.4796
0.499576 0.478431
0.287489 0.192208
0.401862 0.0481795
0.37379 0.629814
0.577029 0.905241
0.834723 0.871282
0.913074 0.532242
0.168077 0.76687
0.659215 0.24055
0.968797 0.311831
0.619074 0.566142
0.459202 0.361282
0.170516 0.471812
0.494265 0.331728
0.535788 0.83477
0.630268 0.0674433
0.667213 0.637904
0.0689544 0.0520424
0.552551 0.904853
0.0187834 0.485107
0.810374 0.380855
0.387734 0.9296
0.0972093 0.185864
0.82917 0.667258
0.121082 0.592244
0.297427 0.116379
0.314576 0.910429
0.18022 0.599964
0.407064 0.422152
0.210696 0.973411
0.0208789 0.867428
0.126544 0.591762
0.848434 0.169454
0.0431898 0.419394
0.123534 0.637561
0.802585 0.753259
0.735127 0.604554
0.910903 0.678006
0.0286292 0.379028
0.803613 0.522057
0.759741 0.0890518
0.993672 0.902962
0.797744 0.790061
0.540186 0.49378
0.586888 0.451639
0.29592 0.106136
0.461231 0.735396
0.580871 0.656893
0.143791 0.955428
0.517193 0.791602
0.946865 0.165376
0.932598 0.497149
0.706733 0.849198
0.882754 0.707262
0.54075 0.379239
0.798845 0.336944
0.394113 0.933486
0.578418 0.165736
0.661649 0.388221
0.602906 0.705503
0.119244 0.29219
0.38402 0.457498
0.000397888 0.119491
0.966835 0.497742
0.404645 0.841331
0.206365 0.981787
0.752831 0.468496
0.896204 0.172805
0.714482 0.62883
0.475171 0.854585
0.757652 0.755183
0.636668 0.267709
0.12294 0.882667
0.784497 0.918021
0.83993 0.968639
0.540361 0.0571795
0.203681 0.649464
0.737328 0.271827
0.556436 0.295064
0.808497 0.277663
0.999186 0.491568
0.682421 0.675036
0.840752 0.815567
0.161106 0.451699
0.808661 0.11789
0.920242 0.424868
0.754138 0.933156
0.325667 0.498219
0.319316 0.0122611
0.998739 0.609817
0.662363 0.0423715
0.733446 0.995008
0.29821 0.0927783
0.919911 0.955237
0.679237 0.190376
0.965701 0.671498
0.660493 0.186596
0.434572 0.832242
0.144324 0.994914
0.301459 0.453203
0.234743 0.636846
0.115395 0.384558
0.235338 0.882397
0.184407 0.65353
0.957258 0.671842
0.567293 0.14297
0.554966 0.788486
0.548491 0.71437
0.544505 0.261447
0.959349 0.94333
0.677385 0.82389
0.720167 0.233774
0.916609 0.0614801
0.0439969 0.441596
0.191484 0.0496828
0.049782 0.887191
0.774601 0.704228
0.966813 0.0281911
0.735829 0.429325
0.515416 0.248161
0.770306 0.131643
0.464243 0.483993
0.884635 0.228653
0.289563 0.445015
0.650137 0.887511
0.496788 0.291562
