0 16386.000000000000000
1 0.000767013305449
2 0.003347831014253
3 0.002634375717025
4 0.008429778062540
5 0.003158721854561
6 0.004443627970229
7 0.002248317319641
8 0.004314349604101
9 0.004408950084326
10 0.003692646831790
11 0.004770650316345
12 0.004058077480545
13 0.004229707570551
14 0.006222958208045
15 0.005477461232355
16 0.006114639440587
17 0.006362133674476
18 0.006246408394751
19 0.007152155038928
20 0.008273975291940
21 0.009315563036845
22 0.008166530316510
23 0.006975529076044
24 0.007684095080214
25 0.010507649382643
26 0.008623416573838
27 0.011007768070402
28 0.011270704976726
29 0.013537632216156
30 0.014695990302147
31 0.013847795716944
32 0.016057465770573
33 0.018210343741972
34 0.014477367931696
35 0.015525829186607
36 0.024454714197167
37 0.016435097858081
38 0.027153534190461
39 0.027122108806995
40 0.022171603049898
41 0.025956797895293
42 0.029250249548402
43 0.024340632693515
44 0.022521354829012
45 0.032667735083217
46 0.026201763457573
47 0.035016337737956
48 0.029619595720877
49 0.032728575178082
50 0.037453731895929
51 0.039200735250222
52 0.033139046062458
53 0.037606257810990
54 0.039368008124986
55 0.044502690906706
56 0.044655919475528
57 0.050888298445110
58 0.041832266519782
59 0.058670747752686
60 0.050232808518632
61 0.061708535966655
62 0.050289949153234
63 0.068994441005125
64 0.053476080682774
65 0.050480661977821
66 0.059035522413405
67 0.060492853330640
68 0.068555513693435
69 0.060202562073405
70 0.085500909863965
71 0.064924387974315
72 0.072525869029050
73 0.067244925487949
74 0.088094002197036
75 0.068343170998331
76 0.079746051597673
77 0.079613093203314
78 0.090871126579435
79 0.091174135114171
80 0.081080065937077
81 0.099771912520344
82 0.100871444392451
83 0.096337843338547
84 0.106789802247436
85 0.110241074665143
86 0.104325697546087
87 0.110190919770199
88 0.131007052165765
89 0.126410237958189
90 0.142073974002573
91 0.119267367797976
92 0.130672837265542
93 0.128834269844372
94 0.129374668484831
95 0.161419646084060
96 0.144083968225071
97 0.158079525188004
98 0.214322438384084
99 0.212195858315274
100 0.179306618135390
101 0.180011122206002
102 0.225384650150349
103 0.264944782847567
104 0.243722491750304
105 0.272746690700441
106 0.269268851737701
107 0.299647085627233
108 0.358671992829950
109 0.329976039126615
110 0.378651202091702
111 0.466410053239088
112 0.471406349122158
113 0.543994675208912
114 0.523419561064618
115 0.642138106341008
116 0.725524708413872
117 1.035592008330043
118 1.002915716702812
119 1.417970021874040
120 1.432581409665216
121 1.701038912933259
122 1.558225080732816
123 1.998057206677843
124 2.165727793989564
125 2.836312732474284
126 2.701833757819490
127 2.608922285426125
128 3.172903859279191
129 3.032929507943123
130 2.939311590606701
131 3.069557239694548
132 3.545140776417813
133 3.033908957808601
134 2.760010690839845
135 2.746318708171814
136 2.349339102215473
137 2.545690030518918
138 2.613788934351221
139 2.457031020709913
140 2.542449610837617
141 1.949994994128772
142 1.930907160201189
143 1.733558249827474
144 1.906483571312652
145 1.851125774771164
146 1.621698012991166
147 1.485504343389868
148 1.517170887464411
149 1.499830992415563
150 1.184412850859823
151 1.097501605123762
152 1.125451847514640
153 1.082743248189033
154 1.069188365858980
155 1.112272302045312
156 1.038607934932606
157 1.066972523745247
158 0.953452671164268
159 0.865764158221486
160 0.916537129487174
161 0.842733484202075
162 0.908656717596273
163 0.729459252344523
164 0.865789525912078
165 0.766602907766990
166 0.792545147282578
167 0.774739221715031
168 0.737888682867151
169 0.698709849463215
170 0.767667509142836
171 0.688962680298546
172 0.758089967950472
173 0.727867012971054
174 0.672289272201342
175 0.661209179704235
176 0.719316905654726
177 0.650018901239206
178 0.703505184895928
179 0.697469363049940
180 0.686360492916115
181 0.704584266560786
182 0.647648844966382
183 0.671004711051803
184 0.628909373149297
185 0.672062083263583
186 0.645755931264624
187 0.724338193348952
188 0.559376738647827
189 0.669506965505780
190 0.644996390339779
191 0.659844393052232
192 0.621160485607542
193 0.692610647843443
194 0.627051554815603
195 0.683645118818393
196 0.714551962438487
197 0.649180541719378
198 0.723454266659442
199 0.584181917634189
200 0.620701862673471
201 0.608533425448446
202 0.723211507100965
203 0.698448818925773
204 0.723410117901915
205 0.620817143373389
206 0.587338393326764
207 0.735260645307511
208 0.631792515540197
209 0.713570869811028
210 0.670930331773179
211 0.720660923903142
212 0.629466754202222
213 0.681934682820416
214 0.752713234713675
215 0.754903741459801
216 0.704653408821481
217 0.792281079339202
218 0.811476510954498
219 0.694566860406746
220 0.822819482235148
221 0.727452037981655
222 0.781985465408397
223 0.849620315313068
224 0.838515073746474
225 0.895745224887799
226 0.880430122863503
227 0.777907395583780
228 0.913306403827864
229 0.827789074071449
230 0.904679719867127
231 1.024478316800701
232 1.049109125296109
233 0.909636592434965
234 1.075376974454177
235 1.019253664718671
236 0.996792927815585
237 0.985417596993686
238 1.175534884069425
239 1.072725850489254
240 1.167410078499530
241 1.217897025967005
242 1.243200574705085
243 1.232611503374818
244 1.073186034186066
245 1.283945740661247
246 1.153485097433383
247 1.179444710714103
248 1.184920448545490
249 1.190754539238008
250 1.254969027270508
251 1.401874804873905
252 1.126884462993262
253 1.233962605977911
254 1.169295801611610
255 1.434459035595258
