0 16383.602500000000873
1 0.003366489831605
2 0.002731238833026
3 0.002843615039380
4 0.004430561055930
5 0.003746095653562
6 0.003752555413094
7 0.003182537017630
8 0.004175102292587
9 0.004702751440932
10 0.003899778141857
11 0.004251475658495
12 0.004842989592460
13 0.005256769921826
14 0.005621660098674
15 0.005807618704700
16 0.006564708166151
17 0.007022550032657
18 0.005870384759002
19 0.007353360800216
20 0.008298883320704
21 0.010124106085099
22 0.007882635697941
23 0.009184944553867
24 0.009237010467068
25 0.012586862787972
26 0.010416595281102
27 0.011227214116415
28 0.012460889913840
29 0.015091825009129
30 0.014926015210549
31 0.014745857628126
32 0.015821883949823
33 0.016491387059786
34 0.019645742519888
35 0.016322875204065
36 0.021566329749562
37 0.017868628074735
38 0.022834740273148
39 0.022302205233115
40 0.022275756147527
41 0.025986543797070
42 0.029027913997488
43 0.025206504971494
44 0.026367666240365
45 0.033259305830068
46 0.026665826554325
47 0.032136432717852
48 0.029530657687280
49 0.036861988740302
50 0.036451978623338
51 0.039505325549004
52 0.033343531852727
53 0.037654431925583
54 0.042573801284056
55 0.043670975077318
56 0.039281648961320
57 0.047826610421916
58 0.044867657487718
59 0.052907090826195
60 0.048639522962264
61 0.053614583817046
62 0.055005490833031
63 0.058067776378039
64 0.059895009823220
65 0.051771064816256
66 0.066474012295892
67 0.060733319262629
68 0.058124234033133
69 0.062424231769083
70 0.072641051992925
71 0.065054391524104
72 0.071470314309680
73 0.065314270631797
74 0.084482375995150
75 0.078178291880068
76 0.083401804257447
77 0.078105147438955
78 0.096172545812188
79 0.098171620713668
80 0.073729778791988
81 0.093357617504449
82 0.094986009226332
83 0.107251581067118
84 0.100940698515028
85 0.101399227429106
86 0.108924996906532
87 0.116022819780484
88 0.118559812355217
89 0.121465214043085
90 0.128120836702145
91 0.139319423662548
92 0.133495465428576
93 0.133892507624024
94 0.145615588414684
95 0.151355806087726
96 0.147579201589346
97 0.152869687909301
98 0.201510368183515
99 0.195930338431336
100 0.182881794511046
101 0.182603754360835
102 0.202623722628518
103 0.220595014456213
104 0.263249743295565
105 0.244030385450334
106 0.257977899359119
107 0.284686147463873
108 0.347163638050070
109 0.327537029374333
110 0.369631795376353
111 0.455853183179827
112 0.442185581387283
113 0.556392974006583
114 0.573361997226318
115 0.682179309077101
116 0.728493440871842
117 0.949166583998377
118 0.970887391990945
119 1.385183797399213
120 1.412902117692075
121 1.656217710964800
122 1.591859984524495
123 2.085827542413819
124 2.264943533289180
125 2.690659443441393
126 2.869820764280701
127 2.564642430345895
128 3.003466426126207
129 3.073048334448350
130 2.789321777390304
131 2.893072887753690
132 3.692855805500968
133 3.164893106490676
134 2.918428509153257
135 2.598923599775487
136 2.640313777803374
137 2.376268064341655
138 2.763168678373865
139 2.342250236740910
140 2.571633009629555
141 1.995111607801231
142 2.037034593172756
143 1.809116989619577
144 1.832458780115582
145 1.921447263078311
146 1.577939769299339
147 1.571261010162349
148 1.512313626586789
149 1.549505837222714
150 1.198267879515369
151 1.109552824156759
152 1.175671940475345
153 1.264559342733648
154 1.083184081167844
155 1.061057982225234
156 0.995368848209562
157 1.036013422411462
158 0.992743398532794
159 0.834856106196488
160 0.858145354224292
161 0.850762252129085
162 0.870063189537855
163 0.721621575638653
164 0.775107145422037
165 0.737844796915112
166 0.755381826028738
167 0.727987366943316
168 0.786163352218869
169 0.734955562207459
170 0.771238382343491
171 0.666011227315509
172 0.689815229332034
173 0.755266165065021
174 0.719401771422718
175 0.671115375831288
176 0.670852031184451
177 0.664111001480490
178 0.730811025292175
179 0.660114600005777
180 0.623445053625824
181 0.679000120736128
182 0.636719376420818
183 0.678309525740293
184 0.576201125724093
185 0.644475022634252
186 0.642833278897878
187 0.682070508898539
188 0.613475900021698
189 0.680672537561647
190 0.635171682378263
191 0.659635806372689
192 0.608424501892086
193 0.650357363697488
194 0.672115341506200
195 0.672543368222957
196 0.648397556272686
197 0.647895515660632
198 0.692862114546314
199 0.571500663735915
200 0.626910469807381
201 0.613084829623465
202 0.742833190281847
203 0.655058529706321
204 0.710370193228917
205 0.585957740145567
206 0.656193854496376
207 0.706522024445942
208 0.659444147488087
209 0.665938149603656
210 0.672639948502219
211 0.716066693283928
212 0.644720909958747
213 0.690937372288768
214 0.703120770121232
215 0.745056503866047
216 0.711284617817816
217 0.800481372537297
218 0.763635072598943
219 0.789459612976008
220 0.790516540275557
221 0.772281199546796
222 0.823519114817577
223 0.899330883612036
224 0.893579340447151
225 0.839157557785854
226 0.896594754634086
227 0.857423179072115
228 0.930101176966958
229 0.875758588623702
230 0.922797458868604
231 1.009310314438453
232 1.034686224912137
233 0.925441543904839
234 1.019355203117088
235 1.005023068618525
236 1.043952930768905
237 1.008591982742262
238 1.034413675956437
239 1.078577558175494
240 1.119941373410117
241 1.139228115337424
242 1.177925254179001
243 1.241198849972531
244 1.202930377397464
245 1.301375462888670
246 1.122818012868053
247 1.212893695640586
248 1.301443395094471
249 1.233150295680431
250 1.213528999220187
251 1.455145845887457
252 1.267674913400717
253 1.289713656644662
254 1.138262313711651
255 1.070864881952329
