0 16383.623333333332994
1 0.003380456980063
2 0.002673683283223
3 0.002853547236991
4 0.004435862152113
5 0.003778852413505
6 0.003692250544804
7 0.003210463816779
8 0.004196268794164
9 0.004762418535199
10 0.003940197964969
11 0.004275456513565
12 0.004877472826725
13 0.005319492270640
14 0.005661292173414
15 0.005861285845743
16 0.006579054624056
17 0.007102600961361
18 0.005880875530939
19 0.007354423509208
20 0.008336050979815
21 0.010110055485765
22 0.007915670267410
23 0.009204235186484
24 0.009248545368946
25 0.012586353917021
26 0.010350330397937
27 0.011229624547706
28 0.012523207077100
29 0.015156287865043
30 0.014946848222029
31 0.014748651886115
32 0.015844782685387
33 0.016525113867136
34 0.019790662277021
35 0.016337843062916
36 0.021685643644819
37 0.017919356919429
38 0.022873339678616
39 0.022245339098922
40 0.022227921151353
41 0.026098164183221
42 0.029186568856164
43 0.025244817663380
44 0.026265843224797
45 0.033100247620640
46 0.026739925555237
47 0.032204183173625
48 0.029492939367636
49 0.036923293580683
50 0.036461780114966
51 0.039549178561151
52 0.033257756407648
53 0.037694677451509
54 0.042459537597530
55 0.043670163201768
56 0.039318899598033
57 0.047791570909151
58 0.044840757238306
59 0.052744510846560
60 0.048633569042429
61 0.053306879668107
62 0.054970189014545
63 0.057707344991890
64 0.060084525328390
65 0.051554776317023
66 0.066614550491939
67 0.060657960835718
68 0.057869810843779
69 0.062250413121919
70 0.072766811981494
71 0.064875020746026
72 0.071472913785504
73 0.065243160481665
74 0.084419630288404
75 0.078039169841204
76 0.083383228135394
77 0.077675449654360
78 0.095789568503101
79 0.098343223653373
80 0.073735521161823
81 0.093140987168928
82 0.095241297658411
83 0.107178931176464
84 0.100748360788686
85 0.101522927427341
86 0.108727788419501
87 0.115851881807152
88 0.118242339234006
89 0.121587883534206
90 0.128214677795979
91 0.139560471178486
92 0.133298398318092
93 0.133791103318651
94 0.145471880019792
95 0.151303963451626
96 0.147716453416230
97 0.152779546253259
98 0.201329546931859
99 0.195434153953890
100 0.182743722398724
101 0.182251169552282
102 0.202861785844164
103 0.220010153875683
104 0.263958710787397
105 0.243705397704131
106 0.257879635111417
107 0.284603754504879
108 0.346550660381351
109 0.326872759760209
110 0.367923720092497
111 0.455528521368846
112 0.442809833689521
113 0.556586845267932
114 0.574785191447189
115 0.682475201262556
116 0.730133881455105
117 0.948217746351439
118 0.970710078118475
119 1.386842193791110
120 1.413398193378418
121 1.657866133328385
122 1.588321685530887
123 2.092739529129737
124 2.267352229545363
125 2.684979287283787
126 2.874728601683177
127 2.570094559538784
128 3.000720490247274
129 3.073366563429769
130 2.783244555660775
131 2.888627603109916
132 3.692702786711922
133 3.168649583445766
134 2.921689174127654
135 2.599527406368955
136 2.647123731571104
137 2.374130205139184
138 2.762021146075170
139 2.344758102694534
140 2.577263746983118
141 1.996679843250508
142 2.030089542526053
143 1.809901719489045
144 1.830406418438897
145 1.920209996851239
146 1.577390802844033
147 1.569644889564581
148 1.513469845256536
149 1.549329874936010
150 1.197508012329067
151 1.108516586117516
152 1.177847804693865
153 1.265690002457182
154 1.081828577386050
155 1.059251828965491
156 0.993580336995004
157 1.036812150359627
158 0.991227035975984
159 0.835173687848506
160 0.857442184091326
161 0.853111078727740
162 0.868391597517322
163 0.721362811082379
164 0.774680170986799
165 0.736996701834322
166 0.754307508272832
167 0.726573120438916
168 0.785065941269323
169 0.734628132291645
170 0.771073172598666
171 0.665702174287159
172 0.690666665343080
173 0.757537648656230
174 0.720546804282264
175 0.671728789329090
176 0.670688407348791
177 0.663628326986434
178 0.731212915534494
179 0.659861344566834
180 0.621838145094658
181 0.678921414183918
182 0.636170870775654
183 0.679636089708521
184 0.575032255899399
185 0.644384490536266
186 0.641924102152286
187 0.682168820246129
188 0.614898482568597
189 0.681752965928376
190 0.637028108658580
191 0.661133600253273
192 0.609319207359264
193 0.650464522527227
194 0.672220987986143
195 0.671320731664251
196 0.647361422593085
197 0.646742836406794
198 0.692395978291250
199 0.570754351775941
200 0.626589415874057
201 0.612689823062287
202 0.742979465662232
203 0.656030149188644
204 0.709012803848738
205 0.585406500460611
206 0.655222397010846
207 0.706570929255851
208 0.660026339605451
209 0.666274714488304
210 0.671696509197661
211 0.715578581627048
212 0.645940168924322
213 0.690934766124450
214 0.702617565795079
215 0.744788185188901
216 0.710782799770421
217 0.800350609301548
218 0.762480997747289
219 0.788385273963165
220 0.790450898685537
221 0.772851334132553
222 0.823885639449845
223 0.899037696851229
224 0.894000592851201
225 0.838594379001783
226 0.895747954033816
227 0.855771973809587
228 0.927975065958287
229 0.875097155298161
230 0.924110087704150
231 1.011895276991685
232 1.036588608310933
233 0.926189739015128
234 1.019658833814140
235 1.006082735232101
236 1.046526938456189
237 1.008944093959351
238 1.034947290003434
239 1.080840322282538
240 1.118608806149605
241 1.136422836204224
242 1.179068110995929
243 1.238345887629362
244 1.204334005549774
245 1.300428586852412
246 1.121177628092303
247 1.213636542274539
248 1.301599791590106
249 1.231179250180010
250 1.213900128102035
251 1.454260175939733
252 1.270890578629242
253 1.291788183023718
254 1.137340006038535
255 1.072643045839375
