0 16382.680000000000291
1 0.003333844915142
2 0.002664451003998
3 0.002762973709478
4 0.004412004464007
5 0.003634794072122
6 0.003616013606617
7 0.003195110137070
8 0.004275306395413
9 0.004835675849417
10 0.003925550825829
11 0.004349926104568
12 0.004899639693834
13 0.005268558072655
14 0.005709772559100
15 0.006061739924378
16 0.006723619822698
17 0.007154657775437
18 0.005864324410329
19 0.007645567220182
20 0.008412053887329
21 0.010292519429796
22 0.007965683061382
23 0.009406283475467
24 0.009496905355956
25 0.012664935142621
26 0.010505587782764
27 0.011201377005980
28 0.012554337360857
29 0.014967429632383
30 0.014913101427074
31 0.014842512099298
32 0.016046091750664
33 0.016450998403124
34 0.019661292367148
35 0.016221347159180
36 0.021435940762357
37 0.017992322580607
38 0.023104432667248
39 0.022251667451368
40 0.022054826689408
41 0.025903776931470
42 0.029109550111365
43 0.025230117169656
44 0.025965265020036
45 0.033116519897088
46 0.026752130270809
47 0.032220768234109
48 0.029419347862073
49 0.037058424688861
50 0.036914488313091
51 0.039228295549776
52 0.033454030563660
53 0.038264301437023
54 0.041810151166717
55 0.043425850461407
56 0.039368978303703
57 0.047523638381795
58 0.044195701667138
59 0.052215016089186
60 0.048451785613870
61 0.053102090477695
62 0.054478201536673
63 0.057425414066555
64 0.059106573577983
65 0.051149119395128
66 0.066022048123682
67 0.060477767345263
68 0.058604899899460
69 0.061886384326784
70 0.073096413426264
71 0.065518834643343
72 0.071354234222573
73 0.066022589898335
74 0.083989204472840
75 0.078581884997764
76 0.083467347149899
77 0.076851921060858
78 0.096729188531492
79 0.097450324960460
80 0.073903456728954
81 0.093601452376241
82 0.096646015224008
83 0.107453209806261
84 0.100130323525727
85 0.102131401525800
86 0.108664174698852
87 0.116061536167199
88 0.117728193895656
89 0.120394437434424
90 0.128633877560460
91 0.140264313231766
92 0.132127622741824
93 0.134040056726995
94 0.143789695488094
95 0.150316299593161
96 0.148424554046655
97 0.151616550768844
98 0.199326024534934
99 0.196362909965566
100 0.183981294629859
101 0.181410660017906
102 0.202230089911777
103 0.221052777099598
104 0.263935974459954
105 0.243331208779107
106 0.258311990916830
107 0.285555447417900
108 0.346818163141201
109 0.327092518835717
110 0.367800618325176
111 0.458787787367497
112 0.442640996397915
113 0.555187784029956
114 0.574041531956688
115 0.678378021989834
116 0.731360317713708
117 0.949824678588898
118 0.968500657544201
119 1.391138292293717
120 1.412523102795801
121 1.648779130852180
122 1.593127762504410
123 2.097129266011546
124 2.276025406302130
125 2.686627052925800
126 2.875305202506468
127 2.596301130430152
128 2.989602295747175
129 3.078025968719380
130 2.777007211014323
131 2.879308848722284
132 3.688582249790381
133 3.150516318845328
134 2.927281339018363
135 2.606502604991644
136 2.632227735352959
137 2.386563004684912
138 2.761651476434784
139 2.341588003833485
140 2.594515434031409
141 1.995688309724162
142 2.023982081367210
143 1.803077224783375
144 1.837313244966816
145 1.920695456100446
146 1.575342750840331
147 1.564346520458108
148 1.518060402257232
149 1.551483086049907
150 1.201175320885534
151 1.105904878850103
152 1.172564766116003
153 1.260930567797197
154 1.080358365440741
155 1.052174867807644
156 0.992440726391101
157 1.039842799574688
158 0.986152268698928
159 0.834958006194842
160 0.864717041209173
161 0.864068412805766
162 0.871084558898921
163 0.718442164754420
164 0.775965935400420
165 0.740409584618831
166 0.757353508999457
167 0.722231222685715
168 0.783238584831821
169 0.732461961693775
170 0.766621208137987
171 0.661483855787792
172 0.690544462020412
173 0.754669000585051
174 0.717858822538517
175 0.674818694551966
176 0.670223078048418
177 0.661287524785987
178 0.730006717164040
179 0.660061564442557
180 0.628815907722796
181 0.680143211312334
182 0.635167195852721
183 0.674405759415703
184 0.573191544975972
185 0.645090167675412
186 0.642496093811431
187 0.683722987765893
188 0.620011152516379
189 0.682041111088055
190 0.635049658540550
191 0.661105013170456
192 0.607501400282922
193 0.644305661191147
194 0.672039869736145
195 0.671287966484045
196 0.652322940711997
197 0.645513633509571
198 0.693759704093921
199 0.574435926074795
200 0.625867467165314
201 0.613287424666748
202 0.739031590825320
203 0.653426382362079
204 0.711359502492831
205 0.587749846788517
206 0.655869525634826
207 0.711434801127596
208 0.661883113755833
209 0.667917523923435
210 0.673468175997398
211 0.720346353415617
212 0.650383004216543
213 0.690345176605586
214 0.697504452422805
215 0.744295285286020
216 0.710982006968995
217 0.798245929027175
218 0.759607159864144
219 0.786387608425843
220 0.789603158907901
221 0.769496712363627
222 0.821165867175531
223 0.895536087508107
224 0.896810540304960
225 0.835513236671133
226 0.893025562517637
227 0.854684281137817
228 0.929795961370298
229 0.876760312154983
230 0.918733110030416
231 1.016449716070793
232 1.039433371716863
233 0.927467240360682
234 1.019013330265211
235 1.008381663006538
236 1.044325637726345
237 1.009039530682811
238 1.034363890773424
239 1.084973127932011
240 1.123793553902630
241 1.141572030777300
242 1.181013069670684
243 1.235838609875270
244 1.196213028346502
245 1.298727297007619
246 1.121064969164236
247 1.208426179347707
248 1.302884267182675
249 1.229094285112981
250 1.214757672768829
251 1.452875219343238
252 1.263844732990534
253 1.289212367319930
254 1.141061536401891
255 1.089602762972483
