0 16383.889999999999418
1 0.003185667923899
2 0.002706108637766
3 0.002768056204228
4 0.004340501790045
5 0.003712307210119
6 0.003761723766722
7 0.003221524793650
8 0.004170979595980
9 0.004622956127997
10 0.003888394268595
11 0.004274976012576
12 0.004859748640866
13 0.005261335154667
14 0.005590037401394
15 0.005730435453545
16 0.006539288844896
17 0.006999397146098
18 0.005835226044938
19 0.007337418294885
20 0.008290431942852
21 0.010087620517951
22 0.007842485908710
23 0.009144639172791
24 0.009239101890467
25 0.012527819740097
26 0.010382029576718
27 0.011170585653298
28 0.012433182556031
29 0.015119221924470
30 0.014905803030742
31 0.014847182809728
32 0.015825047567915
33 0.016509542811893
34 0.019706338957111
35 0.016307405364028
36 0.021666579903723
37 0.017801628515033
38 0.022786402225131
39 0.022552087966090
40 0.022212630972260
41 0.025888858269701
42 0.029112778963174
43 0.025270123598775
44 0.026551646545907
45 0.033346778538875
46 0.026619114384719
47 0.032186981043111
48 0.029379522407837
49 0.036810201251123
50 0.036259294638079
51 0.039393175741598
52 0.033463567913019
53 0.037627994733879
54 0.042549656431999
55 0.043701475956062
56 0.039223013698075
57 0.047763315705993
58 0.044709162041466
59 0.052805399677098
60 0.048569380046162
61 0.053538238626221
62 0.055148401164935
63 0.057921315486513
64 0.059693966760254
65 0.051737603021192
66 0.066043803324738
67 0.060661362467497
68 0.058218812938727
69 0.062390473034367
70 0.072560485517006
71 0.064856661584648
72 0.071480086139180
73 0.065214388057154
74 0.083952774999011
75 0.078052075810229
76 0.083312125072812
77 0.078111676240165
78 0.095764645925230
79 0.097861024066063
80 0.073739968336021
81 0.093628178140553
82 0.095097145591833
83 0.106935951282374
84 0.101454667700430
85 0.101676659199714
86 0.109461955796748
87 0.116251415409211
88 0.118961646419537
89 0.121390165082533
90 0.128240729547330
91 0.139032207078238
92 0.133835556810850
93 0.133815531781598
94 0.145954661824853
95 0.151470470853668
96 0.146833149619833
97 0.153922347315432
98 0.201497628498761
99 0.195637783754457
100 0.183444389448532
101 0.183533096096614
102 0.202592322316419
103 0.220753640354330
104 0.262372900902411
105 0.243216566570069
106 0.258036099463165
107 0.284311868694994
108 0.346652551292022
109 0.327505844470773
110 0.370806107852892
111 0.456301570870539
112 0.442204572722752
113 0.555449808009680
114 0.573181440764108
115 0.682045641748236
116 0.730373435394821
117 0.949355236995925
118 0.970776358905354
119 1.383261993883696
120 1.411937006822931
121 1.655339295995874
122 1.590982390547565
123 2.085431305400320
124 2.268241005129824
125 2.698968005613098
126 2.874290019091346
127 2.563384246103036
128 2.997295148941534
129 3.064393664306821
130 2.793313075614738
131 2.899394216754541
132 3.691376571105018
133 3.162254643102293
134 2.913353052958647
135 2.605896225744346
136 2.632224681942866
137 2.373208480871752
138 2.758622024803170
139 2.345316289145332
140 2.569297405731379
141 1.994031748893033
142 2.035619661544882
143 1.807896561795820
144 1.835210200809911
145 1.917291345447332
146 1.582895145893658
147 1.570137434047963
148 1.510678337032450
149 1.544103446060423
150 1.198450039338003
151 1.108341983474304
152 1.177599564783628
153 1.263651369794263
154 1.084882664497771
155 1.061890838438281
156 0.994673898370421
157 1.038585309172462
158 0.993345069270129
159 0.834307107234953
160 0.861097538857901
161 0.852573706685145
162 0.873987839010379
163 0.720173977463416
164 0.775858050436929
165 0.737961637468614
166 0.756673159070709
167 0.729610829628516
168 0.786254372430274
169 0.734770764665280
170 0.770063613718787
171 0.668143366846354
172 0.691003219485771
173 0.757566838268215
174 0.721057395782286
175 0.672592923649648
176 0.672717535326964
177 0.665935238901040
178 0.731659678383900
179 0.663938443361588
180 0.625011955527826
181 0.678362474473005
182 0.637566250265903
183 0.677891086439232
184 0.577070298389726
185 0.640831953551583
186 0.641618998113478
187 0.682253156878239
188 0.611884419808604
189 0.681282448528821
190 0.633832669198751
191 0.659710075373344
192 0.606829698839715
193 0.651502307505749
194 0.671398745400977
195 0.671685245135404
196 0.646527760981678
197 0.646444967815232
198 0.690939082857857
199 0.571875432811116
200 0.625969008972682
201 0.614778229407745
202 0.742306611745704
203 0.655621717920631
204 0.712176668554488
205 0.586337385245341
206 0.656201299741359
207 0.706458614043014
208 0.657769111013719
209 0.667251289743107
210 0.674076994863435
211 0.714861658438923
212 0.643767072570304
213 0.690546407119387
214 0.704653464558805
215 0.745250161136429
216 0.714517863027075
217 0.802587586474662
218 0.764848281206724
219 0.787725926111501
220 0.791548090582347
221 0.771596525331880
222 0.821992030399325
223 0.894873850583825
224 0.892365844996397
225 0.838781128278328
226 0.894687175533831
227 0.856835793338116
228 0.929188785309633
229 0.875667082401589
230 0.922375854578160
231 1.008146066766404
232 1.033574620303733
233 0.924433759924491
234 1.018788265143586
235 1.003726333294573
236 1.041940992250430
237 1.011469157440443
238 1.034843401483528
239 1.075323691871384
240 1.119039956979626
241 1.138151375374548
242 1.176916961944382
243 1.238148900998189
244 1.201805035140829
245 1.299560816677285
246 1.124764870849164
247 1.209358640993123
248 1.300920070910403
249 1.232841576066639
250 1.217400194331470
251 1.457014185000296
252 1.267783952549965
253 1.293564590590494
254 1.141802474908531
255 1.083859039225164
