0 16383.930000000000291
1 0.003246930674111
2 0.002693332323605
3 0.002759557916882
4 0.004364153736875
5 0.003705861837572
6 0.003770114581959
7 0.003214232494027
8 0.004189025720906
9 0.004644294245509
10 0.003879555647843
11 0.004264684772362
12 0.004872899341279
13 0.005243406389417
14 0.005574945282262
15 0.005717278401197
16 0.006524018726132
17 0.007030029619393
18 0.005830931144654
19 0.007348562593071
20 0.008318319378409
21 0.010100507079787
22 0.007845285108413
23 0.009146982252447
24 0.009223454179472
25 0.012517840631007
26 0.010379820779985
27 0.011226844548034
28 0.012490087109965
29 0.015158430346828
30 0.014973655179637
31 0.014833247268492
32 0.015765640318605
33 0.016520422185095
34 0.019689208726192
35 0.016332202699202
36 0.021668509937553
37 0.017839772800924
38 0.022768839217016
39 0.022526980213790
40 0.022171508723859
41 0.025827234241327
42 0.029129052316318
43 0.025256141682675
44 0.026482707130430
45 0.033293625677076
46 0.026591584117345
47 0.032167208994582
48 0.029435495825300
49 0.036857202666617
50 0.036312746227007
51 0.039522979814471
52 0.033484710419236
53 0.037570846326345
54 0.042514196531330
55 0.043664411173884
56 0.039090302963607
57 0.047768567240822
58 0.044736867273132
59 0.052731257730219
60 0.048423817297479
61 0.053506037040387
62 0.055284183302072
63 0.057893198353443
64 0.059690577454198
65 0.051609448877253
66 0.066031140967021
67 0.060674762408355
68 0.058156754587521
69 0.062338869598365
70 0.072595562928715
71 0.064752878927291
72 0.071388155363376
73 0.065166158977067
74 0.083859189234543
75 0.077835531588379
76 0.083343851985306
77 0.078045214226808
78 0.095649170136671
79 0.098108756749758
80 0.073816919950217
81 0.093762278417719
82 0.095005979769848
83 0.107109028334113
84 0.101298599438233
85 0.101736106459628
86 0.109385361629153
87 0.116373541518416
88 0.118730254563094
89 0.120961794854950
90 0.128268289613531
91 0.139383143925743
92 0.133691543159813
93 0.133914910012041
94 0.146112585645990
95 0.151644851294828
96 0.146964946746210
97 0.153733290703843
98 0.201135943531290
99 0.195518966796039
100 0.182830358349507
101 0.182833583523718
102 0.202169692812195
103 0.220639015814093
104 0.262423946301117
105 0.242953844534650
106 0.257911363343410
107 0.284521114604737
108 0.346099387496970
109 0.327198976675549
110 0.370939138012958
111 0.455947590328192
112 0.442466856216457
113 0.555791531224574
114 0.573582836780182
115 0.682967015494428
116 0.729681014975028
117 0.948845153222263
118 0.971140483611257
119 1.384074169069028
120 1.412319699054028
121 1.656086278971579
122 1.589968103599304
123 2.085012142960985
124 2.267111872805767
125 2.696978336051289
126 2.877134939319309
127 2.565614098051408
128 2.995795484519101
129 3.068002257424482
130 2.789018053371815
131 2.897019731896202
132 3.692041959809368
133 3.167739503610386
134 2.912918609603437
135 2.605068080446709
136 2.632861157454573
137 2.374960495850160
138 2.760629369463750
139 2.345541600970969
140 2.572821624328533
141 1.992258380819382
142 2.032862196401400
143 1.806508620338159
144 1.834790269565540
145 1.917327463736015
146 1.583129752325814
147 1.570558443916373
148 1.512520504827373
149 1.545697004517688
150 1.197312019299460
151 1.108693014395696
152 1.178054429103915
153 1.265691338853526
154 1.084557314693448
155 1.060109471744732
156 0.993909552094266
157 1.037527271403347
158 0.993878727585923
159 0.833367331933159
160 0.861738505307969
161 0.852471540219906
162 0.873383010478708
163 0.721088022916064
164 0.774926912721204
165 0.737735098018428
166 0.755703357022924
167 0.728440973330260
168 0.787776763107346
169 0.734411413623093
170 0.769750051990835
171 0.667177143498032
172 0.689915888794862
173 0.757135960691662
174 0.720756283570786
175 0.672746864886578
176 0.672326491129998
177 0.667003472606419
178 0.731659924604346
179 0.664188503069672
180 0.624565337262655
181 0.678561919769782
182 0.637336886877822
183 0.678997568722800
184 0.576967758795994
185 0.640734626325069
186 0.641354948278256
187 0.682193395194802
188 0.612305167762463
189 0.680657670373885
190 0.633190086807822
191 0.660120097622174
192 0.605417618666849
193 0.651179025666137
194 0.671591874158871
195 0.670473304298818
196 0.646504199815785
197 0.645537995573754
198 0.689867191831190
199 0.571985236761476
200 0.626035660188040
201 0.614253841248857
202 0.742294122020873
203 0.655236679052241
204 0.711322840849760
205 0.587183749656344
206 0.656052398466121
207 0.706657711991662
208 0.658051123589152
209 0.666384656026970
210 0.675080246565788
211 0.716811902468314
212 0.644490559400322
213 0.690228863860152
214 0.704636794623674
215 0.745668517297597
216 0.714736340995004
217 0.802852865711116
218 0.764950230804140
219 0.788889062955044
220 0.791323021782285
221 0.771632318263836
222 0.822835817154415
223 0.895580052953906
224 0.893659666878471
225 0.838077627724637
226 0.895440616059316
227 0.856282947511904
228 0.929555939639798
229 0.876331714923414
230 0.922121358260658
231 1.010768320895244
232 1.033754795366899
233 0.924873081756775
234 1.018836792439055
235 1.004582013365075
236 1.042466134434601
237 1.010674264764763
238 1.033958698781712
239 1.074690985842720
240 1.119953276384978
241 1.136715951891460
242 1.177426574533726
243 1.237319749581672
244 1.202803117231976
245 1.298946863501555
246 1.124904101779831
247 1.208345427417247
248 1.299907318191469
249 1.232720752212208
250 1.214659152415130
251 1.455778681821003
252 1.268990359856790
253 1.292326081719509
254 1.142011985783624
255 1.088162828653259
