0 16383.986999999999171
1 0.003221295953712
2 0.002689920355745
3 0.002762921813922
4 0.004376676640245
5 0.003695710844020
6 0.003769281677053
7 0.003224907920515
8 0.004185737069265
9 0.004637910206464
10 0.003866128018514
11 0.004262409632206
12 0.004872435573373
13 0.005233107403728
14 0.005581289313756
15 0.005723195010949
16 0.006534885633496
17 0.007020595353248
18 0.005830247885559
19 0.007349811210228
20 0.008301804223766
21 0.010102001918249
22 0.007833299406023
23 0.009125474111080
24 0.009216246286818
25 0.012510350419535
26 0.010375008063251
27 0.011247068878289
28 0.012501121123811
29 0.015115640343088
30 0.014938469572303
31 0.014811973863276
32 0.015726839151010
33 0.016492965179888
34 0.019671066701522
35 0.016300290344825
36 0.021651407319368
37 0.017777448431189
38 0.022766456489357
39 0.022512931137418
40 0.022162550407614
41 0.025885002070428
42 0.029122584736460
43 0.025275605550413
44 0.026521495641203
45 0.033339051000944
46 0.026598018387507
47 0.032196248596728
48 0.029427113799495
49 0.036865092341258
50 0.036300140418031
51 0.039486441970409
52 0.033563296961646
53 0.037566249235789
54 0.042578193223129
55 0.043717936132319
56 0.039069388480805
57 0.047724587790204
58 0.044760269324630
59 0.052711190628533
60 0.048450182004815
61 0.053535508770829
62 0.055301091674467
63 0.057885987329830
64 0.059640505867980
65 0.051632915146155
66 0.066032454707004
67 0.060617103935663
68 0.058262028271156
69 0.062359886404113
70 0.072516227613160
71 0.064876948200624
72 0.071328445316708
73 0.065151039666762
74 0.083915973615449
75 0.077915620188577
76 0.083480980692341
77 0.078215279239707
78 0.095734778492617
79 0.098052566575032
80 0.073842030104599
81 0.093842252969768
82 0.095060531338364
83 0.107142423687795
84 0.101331039664354
85 0.101686439709329
86 0.109381763478289
87 0.116276838265755
88 0.118975080661863
89 0.121041166593292
90 0.128304042145506
91 0.139566940484550
92 0.133728843235511
93 0.134030662072484
94 0.146159798645635
95 0.151595763731935
96 0.146953455444020
97 0.153743016319662
98 0.201461825352592
99 0.195628697995843
100 0.182919648480149
101 0.182987264240570
102 0.202497022927477
103 0.220690819546271
104 0.262337200090214
105 0.243160823324507
106 0.258044731079387
107 0.284556163468428
108 0.346305120629049
109 0.327218923284545
110 0.370950526122927
111 0.455862107616357
112 0.442026065241123
113 0.556037363440094
114 0.573860388888519
115 0.683059915075825
116 0.730035213395577
117 0.949664141639517
118 0.971255504841309
119 1.383272806136060
120 1.411376646520137
121 1.655748260348410
122 1.589961949565695
123 2.085854338391448
124 2.267750559725657
125 2.700242935760873
126 2.875526643411792
127 2.564018871203966
128 2.996441497924536
129 3.065361816732767
130 2.789480269192083
131 2.897815126669669
132 3.691395106104290
133 3.166567288614068
134 2.911661402294442
135 2.604796348130646
136 2.634904157918570
137 2.374267955104489
138 2.760988613797283
139 2.345916207438547
140 2.569989922623874
141 1.992346363711409
142 2.032737768159883
143 1.806447092713893
144 1.834170242465900
145 1.916598450427374
146 1.582674746773438
147 1.570499851558633
148 1.512749286195299
149 1.545664133283190
150 1.196888295771463
151 1.109028781488718
152 1.177921783402182
153 1.265282530385853
154 1.084576448730668
155 1.059882735742650
156 0.993814422379411
157 1.037898155661442
158 0.993911488338122
159 0.833690763903764
160 0.861910643278549
161 0.851806524958398
162 0.873217390452708
163 0.721104677930050
164 0.774986699798067
165 0.738024690580657
166 0.755865440341751
167 0.728514366112155
168 0.787371650982921
169 0.734666446537198
170 0.770433652747099
171 0.667855986832330
172 0.690607962411363
173 0.756974375376262
174 0.720614889764330
175 0.672852365736440
176 0.672646664232070
177 0.667456025602875
178 0.731898167683781
179 0.664809125787841
180 0.625177321170692
181 0.678679930413445
182 0.637337748286863
183 0.678027015417162
184 0.576946557669475
185 0.641413832140283
186 0.641443994839207
187 0.682123669290201
188 0.612052423883411
189 0.680416209943838
190 0.633122285858710
191 0.659977249129984
192 0.605729155139839
193 0.650979444814445
194 0.672111722047885
195 0.671038073094738
196 0.646652993172597
197 0.645650083792093
198 0.689301543764331
199 0.571646753741788
200 0.625942639305082
201 0.614656349533696
202 0.742650868735597
203 0.655679570903747
204 0.712058811632771
205 0.588043809618975
206 0.656476478221761
207 0.706761488096833
208 0.657802050373719
209 0.666029954672382
210 0.674893051394943
211 0.716392257626777
212 0.644046992669548
213 0.690396681674808
214 0.704918195147033
215 0.746465718458296
216 0.714345861125079
217 0.803319340892623
218 0.764837396273891
219 0.789112424094665
220 0.792064052320290
221 0.771892014256587
222 0.822885601714226
223 0.895974057704273
224 0.892919311386806
225 0.837966378097831
226 0.895464754132789
227 0.855815080042981
228 0.930125546507640
229 0.876707970703754
230 0.922247045245943
231 1.009820795595578
232 1.032919708013307
233 0.924211196606812
234 1.019136379749839
235 1.004609184458188
236 1.041907494908309
237 1.009735724490151
238 1.033003046255559
239 1.074118697142702
240 1.119675560605034
241 1.137027133191211
242 1.177483750954340
243 1.237806276186712
244 1.201826030909548
245 1.299709941063188
246 1.124945339244216
247 1.208619421437049
248 1.299749124541137
249 1.233343503636793
250 1.215633325837127
251 1.456420743577245
252 1.269502154950991
253 1.291716662615967
254 1.142203012300904
255 1.086242448928902
