0 16382.989999999999782
1 0.003426456478179
2 0.002672214367276
3 0.002919607633602
4 0.004377208643347
5 0.003777243539763
6 0.003703114924084
7 0.003183366841085
8 0.004273134889369
9 0.004817640891165
10 0.003968604514799
11 0.004282684861689
12 0.004930854967783
13 0.005280484431011
14 0.005655481539052
15 0.005915395302375
16 0.006592046404692
17 0.007102829132646
18 0.005866653878048
19 0.007455733069940
20 0.008425058685545
21 0.010210890843107
22 0.007857589583010
23 0.009347998579270
24 0.009346519100526
25 0.012691377458806
26 0.010446244557327
27 0.011273426373268
28 0.012525473716917
29 0.015086791028488
30 0.014928279027797
31 0.014826912895577
32 0.015846793044045
33 0.016376545568637
34 0.019666235829995
35 0.016234839472382
36 0.021522278900874
37 0.017884231323538
38 0.022992618137553
39 0.022151381938582
40 0.022088493231950
41 0.026135185334744
42 0.029200169647265
43 0.025267320225113
44 0.026093375456081
45 0.033346077213729
46 0.026877424851264
47 0.032149385579576
48 0.029359549713264
49 0.036794093937282
50 0.036594530526142
51 0.039335840929662
52 0.032994093237888
53 0.037738961222578
54 0.042183218990702
55 0.043372631982200
56 0.039282049980611
57 0.047765914816140
58 0.044537120412574
59 0.052699591099666
60 0.048710369062684
61 0.053454528530425
62 0.055029580703325
63 0.057918796430473
64 0.059990292695596
65 0.051396176103557
66 0.066371313912417
67 0.060625415236562
68 0.058316698395028
69 0.062366032759278
70 0.072889374162365
71 0.064978238433377
72 0.071845195096966
73 0.065117040285425
74 0.084553943124124
75 0.078322408979695
76 0.083428752541718
77 0.077617847403365
78 0.096043397283858
79 0.098057184140301
80 0.074058959924227
81 0.093403153157439
82 0.095605849206096
83 0.107737069471289
84 0.100763252118395
85 0.101185677072753
86 0.108123493107121
87 0.115611146234422
88 0.118626427185404
89 0.121134388257501
90 0.128297219278601
91 0.139571069064067
92 0.133070728199188
93 0.133622293581002
94 0.145395994991601
95 0.150613582077048
96 0.148289947985655
97 0.152070223877061
98 0.201291395081518
99 0.196420748720938
100 0.183278389905176
101 0.181635731598019
102 0.202926911149316
103 0.221038468426337
104 0.264490348563338
105 0.243536737686997
106 0.258215677508793
107 0.285009693557555
108 0.346084222760974
109 0.326849287963236
110 0.368114698375529
111 0.458284937137468
112 0.442595860028438
113 0.555399874067933
114 0.575241206847220
115 0.680833277099458
116 0.729678710790030
117 0.947741547251343
118 0.969142971939228
119 1.391435494235830
120 1.417333478343781
121 1.657531583989120
122 1.586917929419834
123 2.091293065102089
124 2.274431816863951
125 2.685299401068947
126 2.871504136576898
127 2.578449595602212
128 3.005867069870908
129 3.071556877175169
130 2.783830068410579
131 2.883216724043635
132 3.688667634173569
133 3.166866324989432
134 2.916894007384462
135 2.595968618201223
136 2.643925668214982
137 2.377898239940406
138 2.763551571309867
139 2.338314030496545
140 2.585312585369529
141 2.000662854853354
142 2.030445186776939
143 1.806834491622154
144 1.830154001483326
145 1.919163522156500
146 1.579477207190983
147 1.567824632178090
148 1.511157007570385
149 1.546779478787915
150 1.198852241396136
151 1.111639303837252
152 1.176650420137605
153 1.262035900590383
154 1.080487385496296
155 1.058321095581321
156 0.992905656638770
157 1.035445396541480
158 0.991739305890140
159 0.833159228440442
160 0.857128989654859
161 0.856620170279016
162 0.867503730683411
163 0.720545660918170
164 0.774025809931724
165 0.737084840938296
166 0.754128887858092
167 0.724878108923648
168 0.783829015410593
169 0.732547854074295
170 0.771675646406646
171 0.664518308052608
172 0.691396725338395
173 0.756462185563703
174 0.721394196321792
175 0.670998428481638
176 0.669192966671246
177 0.662260489946844
178 0.730487480892996
179 0.658162592439983
180 0.622758269578836
181 0.679923757642325
182 0.635243850144393
183 0.678788333351105
184 0.573722935670578
185 0.644497349050951
186 0.641859809166731
187 0.682443847568929
188 0.617423893661794
189 0.680714876317751
190 0.637597835585291
191 0.662774081048317
192 0.608279075501264
193 0.649304467825568
194 0.672393413237255
195 0.673023475983993
196 0.649732047730408
197 0.647238126140352
198 0.692157930353264
199 0.570999319904615
200 0.626763470443107
201 0.612760354673060
202 0.742584127038849
203 0.655629988254824
204 0.712323144799928
205 0.587993445420422
206 0.657103865827197
207 0.710492776633374
208 0.660196205472175
209 0.668532588366162
210 0.672475732807286
211 0.718444738561005
212 0.647499253124467
213 0.690102690588428
214 0.701898636268504
215 0.744565697575782
216 0.711493366673836
217 0.799476232962429
218 0.760649169186331
219 0.786764110186356
220 0.790829259154096
221 0.773235757144182
222 0.823901058648305
223 0.897541759662776
224 0.895755644854909
225 0.838149754582264
226 0.896520113756932
227 0.857281479498538
228 0.928984190364794
229 0.876612405784910
230 0.924482045963185
231 1.013964262442626
232 1.038638189017853
233 0.927952846637881
234 1.018451313743170
235 1.004917034588507
236 1.044930002480212
237 1.010274651982002
238 1.033083257734657
239 1.079070543939164
240 1.119735990614944
241 1.137871064470995
242 1.179206737686731
243 1.236240450864282
244 1.202407617991246
245 1.302212625033614
246 1.121893025196235
247 1.214427091837393
248 1.303493294216428
249 1.229317823785469
250 1.215515647440583
251 1.454043860323482
252 1.268400035504700
253 1.290496853638226
254 1.137372451973345
255 1.078633758388622
