0 16383.896249999999782
1 0.003226991368354
2 0.002700460736711
3 0.002768673309925
4 0.004359546515053
5 0.003714558602162
6 0.003778590604696
7 0.003219138776550
8 0.004187346780338
9 0.004642790641398
10 0.003878903664784
11 0.004261873377427
12 0.004869414454265
13 0.005264519325955
14 0.005566694574651
15 0.005724625687234
16 0.006514312767893
17 0.007016306607931
18 0.005828448340862
19 0.007346967158279
20 0.008299290571745
21 0.010109101040699
22 0.007831418292583
23 0.009162627099742
24 0.009235947643977
25 0.012520368757494
26 0.010377499276710
27 0.011199265427568
28 0.012473827405398
29 0.015105057594051
30 0.014925917491430
31 0.014828455570872
32 0.015783964206613
33 0.016508331838043
34 0.019704771045979
35 0.016312082523027
36 0.021646067735412
37 0.017811323157321
38 0.022769108995173
39 0.022503969506836
40 0.022119725804513
41 0.025831335373249
42 0.029104376205332
43 0.025145868723608
44 0.026462728306897
45 0.033295659925215
46 0.026588209307858
47 0.032187743553457
48 0.029468424311429
49 0.036832390040596
50 0.036329651624961
51 0.039413356155540
52 0.033444143943627
53 0.037621963757440
54 0.042545698393261
55 0.043733781198134
56 0.039109915245986
57 0.047821218470115
58 0.044802196679509
59 0.052758024561738
60 0.048470800547994
61 0.053561982940371
62 0.055312062224858
63 0.057928481352091
64 0.059813722653404
65 0.051689229632231
66 0.066070829806521
67 0.060704479401699
68 0.058249902557023
69 0.062375697560216
70 0.072626467394210
71 0.064909591186418
72 0.071537765439895
73 0.065233919988703
74 0.083977929648704
75 0.077999318118078
76 0.083550119733316
77 0.078136212536025
78 0.095755026729786
79 0.098133085607584
80 0.073818967450197
81 0.093779323321834
82 0.095087304767809
83 0.107072053757980
84 0.101337051214124
85 0.101546543855328
86 0.109415000471808
87 0.116438097120243
88 0.118738746213916
89 0.121060760446671
90 0.128229211862565
91 0.139346416454440
92 0.133476101214329
93 0.133799011316303
94 0.145909688447988
95 0.151689633541778
96 0.146926003743698
97 0.153706322376647
98 0.201411431342038
99 0.195653618961080
100 0.183200970985370
101 0.183054089463525
102 0.202262167044642
103 0.220956690126496
104 0.262518800166309
105 0.243042376420411
106 0.258060038969110
107 0.284768324432726
108 0.346002817154896
109 0.327583149487997
110 0.371053147453417
111 0.456316343941370
112 0.442695778544814
113 0.556319347661067
114 0.573361823662493
115 0.682161583107699
116 0.729957494483716
117 0.948735456647899
118 0.971794222752717
119 1.383566023553465
120 1.410567898596475
121 1.656276147087288
122 1.589474975135003
123 2.085957458732314
124 2.267824950138528
125 2.695518483066840
126 2.875875008389257
127 2.565580101677684
128 2.994702415727818
129 3.068224204618993
130 2.788683505743689
131 2.896807269504352
132 3.693163306442046
133 3.164821410715896
134 2.913602148643893
135 2.603815849368152
136 2.634140095184257
137 2.375029212132961
138 2.762860159182714
139 2.345068914284852
140 2.570938891938883
141 1.992187066817762
142 2.034229730750762
143 1.806959933879596
144 1.834101061979104
145 1.917855101639302
146 1.581356865842673
147 1.570952994593744
148 1.512104382849483
149 1.545797409143613
150 1.198112518837702
151 1.108515507497959
152 1.177906969801576
153 1.265109681448918
154 1.084894969935622
155 1.060236326818194
156 0.994082225870785
157 1.037279408489514
158 0.994385939126344
159 0.833184356770691
160 0.861730333842965
161 0.852761963906566
162 0.873258599138331
163 0.721134826559601
164 0.774714252927928
165 0.738148188593172
166 0.756054270789379
167 0.728002700168007
168 0.787357568969059
169 0.734616474213738
170 0.770019637539807
171 0.666650811160361
172 0.689852515205754
173 0.757718695253938
174 0.721181457504801
175 0.672733655672620
176 0.672110713331332
177 0.666472460086168
178 0.731582491940353
179 0.663415778504758
180 0.624882460419115
181 0.678655396956748
182 0.637406466815349
183 0.678543030215526
184 0.576582624676089
185 0.641117837684391
186 0.641808465173146
187 0.681798034076917
188 0.612133520535537
189 0.681054687373897
190 0.633260497452765
191 0.659906712488383
192 0.605657499967701
193 0.651255011542123
194 0.671256876687139
195 0.670921258720057
196 0.647311708965792
197 0.646485140412465
198 0.689909530452801
199 0.572254705766769
200 0.626062635637919
201 0.613934881030148
202 0.742161807733117
203 0.655126309290473
204 0.712065438434845
205 0.586966497056905
206 0.655969186017256
207 0.707277404779620
208 0.658570056349996
209 0.666872977845991
210 0.675129321084655
211 0.716381748287674
212 0.644345957997689
213 0.690664359961639
214 0.704446886752272
215 0.745792623671224
216 0.714694451776975
217 0.803570972963819
218 0.764844166107688
219 0.789918674161744
220 0.791220588156105
221 0.771427071492108
222 0.822941101881568
223 0.896811102984135
224 0.893310525322574
225 0.838117773048194
226 0.895166054590118
227 0.856013965622179
228 0.929619560598960
229 0.875603105072163
230 0.921602401947452
231 1.009413150715695
232 1.033603597462213
233 0.924723729201189
234 1.018973634898290
235 1.004958688151350
236 1.042491239998194
237 1.010981931727349
238 1.033901407630207
239 1.075491959862817
240 1.120722177582233
241 1.137040684344032
242 1.177479478784606
243 1.237551174276610
244 1.202729804250597
245 1.298304329932513
246 1.125363571999195
247 1.209867264456580
248 1.301010711129048
249 1.233041321546962
250 1.215047854309377
251 1.455241192082429
252 1.267206745915012
253 1.292248990319504
254 1.140965184524829
255 1.084275950602049
