0 16383.809999999999491
1 0.003222935597930
2 0.002721030781197
3 0.002810297656792
4 0.004407726804381
5 0.003726917409073
6 0.003762363189000
7 0.003208074866314
8 0.004195902544692
9 0.004666194434417
10 0.003922591934237
11 0.004252864534569
12 0.004841704164463
13 0.005249220939687
14 0.005611839622248
15 0.005782216323216
16 0.006556403933209
17 0.007046767931659
18 0.005850048232184
19 0.007335864495035
20 0.008307806386608
21 0.010123370523162
22 0.007891911707298
23 0.009171422326476
24 0.009215058050217
25 0.012607375734788
26 0.010377510172927
27 0.011161966968913
28 0.012476084221128
29 0.015130607197009
30 0.014875898698200
31 0.014785893304399
32 0.015825888091101
33 0.016508860446804
34 0.019678742383643
35 0.016279494951873
36 0.021587160411444
37 0.017872422899875
38 0.022810537970773
39 0.022361598719135
40 0.022299721345437
41 0.025888008781512
42 0.029107900162972
43 0.025257475303714
44 0.026423771212015
45 0.033243991294719
46 0.026677333917583
47 0.032141680524169
48 0.029408829641736
49 0.036829330464932
50 0.036323528531487
51 0.039458994189297
52 0.033367038146707
53 0.037636002704457
54 0.042643809397291
55 0.043672762561674
56 0.039191693141210
57 0.047816897960292
58 0.044667969268466
59 0.052800663884504
60 0.048536147878291
61 0.053525778022777
62 0.055069920768874
63 0.057938649585624
64 0.059919166141718
65 0.051807749849733
66 0.066300040392701
67 0.060767890632140
68 0.058240321906736
69 0.062308412153341
70 0.072546265388977
71 0.065146409787130
72 0.071400538930465
73 0.065272267714131
74 0.084358787452916
75 0.078113353679572
76 0.083197717346369
77 0.078151971141232
78 0.096074728789550
79 0.098079318149889
80 0.073848397831293
81 0.093421721635685
82 0.094887590421923
83 0.106946380191820
84 0.101146793667184
85 0.101690798830391
86 0.109061540502024
87 0.116133267650422
88 0.118804834932040
89 0.121331890585707
90 0.127942965740695
91 0.139512987396071
92 0.133489066100619
93 0.133891767764114
94 0.145710333370238
95 0.151382431120031
96 0.146916523183833
97 0.153071519662081
98 0.201343712340721
99 0.195829918454065
100 0.183267424831282
101 0.182932261062548
102 0.202740953541742
103 0.220765457127408
104 0.262956438059601
105 0.243673726003489
106 0.257638970123070
107 0.284707132999390
108 0.347650499907375
109 0.327892122252924
110 0.370508617340176
111 0.456496241606611
112 0.441204487721389
113 0.556093505881891
114 0.573334511067784
115 0.683186231005970
116 0.729034988732075
117 0.949771537640486
118 0.970257527158928
119 1.383943516260771
120 1.412749024629494
121 1.654657112432589
122 1.591431416384548
123 2.083999417363962
124 2.266111844141741
125 2.693820636152044
126 2.870869264090682
127 2.565200335249032
128 3.002844303950831
129 3.072582738038319
130 2.790941753597368
131 2.899979690537081
132 3.692537533426795
133 3.163214001464548
134 2.914037983369285
135 2.600994876705177
136 2.634784634094408
137 2.374179077146795
138 2.761089105717915
139 2.341218412538039
140 2.570996165424537
141 1.994872982656612
142 2.036462661501984
143 1.808889653557350
144 1.832790292970121
145 1.923960098778618
146 1.580140099538481
147 1.569639136857279
148 1.510067613351798
149 1.547427695689466
150 1.197713737556174
151 1.108049955826699
152 1.176669190577633
153 1.263185201888043
154 1.084228374311136
155 1.061635343041012
156 0.997774891078702
157 1.037785228134903
158 0.993702048582879
159 0.835452526797234
160 0.858051375236840
161 0.850781958690538
162 0.871275490289851
163 0.720858196998570
164 0.775368449982810
165 0.737831511897671
166 0.755778780060050
167 0.728648370669397
168 0.786045377520113
169 0.734757113407522
170 0.771390903903233
171 0.666829048935750
172 0.689512024349645
173 0.756197419429289
174 0.719109302308032
175 0.671180495284142
176 0.671408222994831
177 0.665583862442804
178 0.731894488293842
179 0.660832527769300
180 0.624529049643209
181 0.679019076222078
182 0.637306394552907
183 0.678226691523353
184 0.575959587832981
185 0.644056773125436
186 0.641888158755302
187 0.681816355128881
188 0.613122393381934
189 0.680183574801766
190 0.634667666041350
191 0.660406453968912
192 0.607965489139925
193 0.650830147634044
194 0.672027569841777
195 0.671037782937555
196 0.647418857446965
197 0.647486090422948
198 0.692742619945214
199 0.571498096962847
200 0.627156311887257
201 0.614448975341025
202 0.742885687196859
203 0.656000979899506
204 0.711844805570493
205 0.586432492249985
206 0.657018973613003
207 0.707080101180695
208 0.658533787112576
209 0.665396913230958
210 0.673296752673915
211 0.715667701625656
212 0.643656549401940
213 0.690520285924947
214 0.703278055287355
215 0.745436225980102
216 0.712483919639923
217 0.801354348886548
218 0.763520908081323
219 0.788882927424540
220 0.791770537399325
221 0.772328887619314
222 0.822793531308279
223 0.897542471600881
224 0.892562430452689
225 0.839276695680823
226 0.897311030865409
227 0.856658834752986
228 0.929421865780242
229 0.876173086298480
230 0.921764455680983
231 1.007912712947139
232 1.032036318917474
233 0.923788758474282
234 1.019411388691656
235 1.003679001554823
236 1.041760110292920
237 1.008906429733216
238 1.033623293229768
239 1.076955707353349
240 1.120318087858763
241 1.140191837055501
242 1.179087590908304
243 1.240084629243266
244 1.201969076323760
245 1.301087751342268
246 1.124263511960602
247 1.211149350746588
248 1.301617987785655
249 1.233929104526297
250 1.214757641506461
251 1.455942301184733
252 1.267273073804532
253 1.290604380768661
254 1.139161369338092
255 1.078094999444642
