0 16383.696666666666715
1 0.003237137682421
2 0.002722229798468
3 0.002802385173808
4 0.004388847910185
5 0.003706754022585
6 0.003766466347979
7 0.003215072874778
8 0.004186741575949
9 0.004652252525762
10 0.003911962622579
11 0.004272582768438
12 0.004842787375065
13 0.005255461724627
14 0.005592132868373
15 0.005754463990963
16 0.006533582008643
17 0.007010226911691
18 0.005862355443450
19 0.007338979429231
20 0.008283335844651
21 0.010116198177105
22 0.007868953715623
23 0.009168025661350
24 0.009245463073359
25 0.012582247049597
26 0.010402726951294
27 0.011202746469640
28 0.012449465570310
29 0.015120482914310
30 0.014868205838133
31 0.014842939204893
32 0.015858646873787
33 0.016519555844575
34 0.019672449448254
35 0.016302899909483
36 0.021645141955251
37 0.017838786919222
38 0.022789740915959
39 0.022493854559623
40 0.022269550462751
41 0.025885312626789
42 0.029119080959417
43 0.025249000316676
44 0.026466923686660
45 0.033301516951782
46 0.026633048459884
47 0.032154137875067
48 0.029430418646810
49 0.036897131827017
50 0.036319884595218
51 0.039364553387272
52 0.033457806813534
53 0.037686371923594
54 0.042608598519702
55 0.043735849501990
56 0.039264116829550
57 0.047748750077361
58 0.044697234447336
59 0.052734294669383
60 0.048602071416311
61 0.053520996071251
62 0.055097534880912
63 0.057981062576448
64 0.059808834757524
65 0.051772733678268
66 0.066121039620917
67 0.060746349175658
68 0.058281045913681
69 0.062540872001748
70 0.072702465269679
71 0.065033351301299
72 0.071448440793410
73 0.065319375761373
74 0.084183352249825
75 0.078022069591738
76 0.083486790218726
77 0.078183404842390
78 0.096150140282705
79 0.097855669107219
80 0.073774315310863
81 0.093633402317942
82 0.095059646654689
83 0.106990434670182
84 0.101288877767315
85 0.101645220931834
86 0.109452613114378
87 0.116178777265543
88 0.118724346466494
89 0.121275655137261
90 0.127998722428210
91 0.139081328386034
92 0.133485989318359
93 0.133834282771062
94 0.145890624278606
95 0.151650032739165
96 0.146928193548348
97 0.153704016464213
98 0.201312247916156
99 0.195490375664086
100 0.183395771497680
101 0.183291939848703
102 0.202336228576571
103 0.221096913404052
104 0.262576686460891
105 0.243327951477700
106 0.258036032734093
107 0.284449425213208
108 0.347184742271997
109 0.327878353970804
110 0.370594946498548
111 0.456813197625814
112 0.442036996873007
113 0.556336573249330
114 0.573239231677508
115 0.681893389210751
116 0.729226317692687
117 0.950212691364883
118 0.970474073851812
119 1.383764635052779
120 1.410647860866256
121 1.654412173190488
122 1.592334794924479
123 2.084795665225202
124 2.267727476286251
125 2.697039023053681
126 2.873054992409137
127 2.563813083597233
128 2.998610519515077
129 3.067779994663292
130 2.792039700625406
131 2.900688999761734
132 3.691181394395020
133 3.161364956974049
134 2.912432180024383
135 2.602393203945417
136 2.632160397396449
137 2.375544487466763
138 2.760679596233933
139 2.345973059423894
140 2.570909658056609
141 1.995345621337256
142 2.035663424731906
143 1.809485217940356
144 1.834178867486565
145 1.918814136374205
146 1.582542945509283
147 1.569184297072826
148 1.510763834976455
149 1.544009432915107
150 1.198533222419617
151 1.108484490568473
152 1.177576819027982
153 1.262575161846391
154 1.084968972313226
155 1.061300260351268
156 0.995687890608085
157 1.037846287060083
158 0.993814345650972
159 0.834945742663835
160 0.859305516641456
161 0.852214904670332
162 0.873504555497190
163 0.720487388565256
164 0.775903995793446
165 0.737532013463139
166 0.756610022714567
167 0.729154405491366
168 0.786853858293367
169 0.734974814742609
170 0.770332211484410
171 0.666883278307714
172 0.689890171656604
173 0.757024813028168
174 0.720053306785465
175 0.671923060573708
176 0.671933140255648
177 0.665370701181620
178 0.731565218852247
179 0.662438001003439
180 0.624753722793278
181 0.677835019144858
182 0.637111291443104
183 0.677509898042152
184 0.576707577725329
185 0.642139568965575
186 0.641266201002239
187 0.681894776866383
188 0.612709917099000
189 0.680991208441544
190 0.633635073125826
191 0.659987653606352
192 0.607443869656215
193 0.651010956262711
194 0.671540661794689
195 0.671924932335795
196 0.647036431734165
197 0.647410106847982
198 0.691960856205436
199 0.571748767429516
200 0.627134924007815
201 0.614470545001336
202 0.740969830712724
203 0.654867779277849
204 0.712302051768785
205 0.586280130626638
206 0.656700621472170
207 0.707309416108873
208 0.658606075516476
209 0.667158566021588
210 0.673762793059476
211 0.715765407050174
212 0.644126114281805
213 0.690813584717738
214 0.703756511089881
215 0.745307325023847
216 0.714203309175845
217 0.802343700647915
218 0.764579812806789
219 0.788943899536866
220 0.791245277627603
221 0.772753683838736
222 0.822321455024859
223 0.896502522299251
224 0.892617504742535
225 0.839275692561211
226 0.895037742696023
227 0.856563675292162
228 0.929152824291575
229 0.876406907905381
230 0.921757368634447
231 1.007898038598839
232 1.033198880634528
233 0.924581979860975
234 1.018872111047860
235 1.003414496053571
236 1.041064260921042
237 1.010325386703438
238 1.035387973423562
239 1.076040053196146
240 1.120460316618431
241 1.139467998141778
242 1.177673806999861
243 1.238726003207348
244 1.202019590400313
245 1.299465003912204
246 1.124326189056592
247 1.209638544132265
248 1.301169443511942
249 1.232766173984894
250 1.216798924776049
251 1.456665647317115
252 1.266014317816515
253 1.292490144889927
254 1.140551310003937
255 1.081725966615020
