0 4046.919908447265698
1 0.484028148954913
2 0.732646745880896
3 0.779061542232724
4 0.821329875147817
5 0.878493215227728
6 0.874573079113510
7 0.900310875569658
8 0.908143367959352
9 0.917400038317335
10 0.920978588589679
11 0.919351509155499
12 0.934105343096393
13 0.935938616942652
14 0.943269626421109
15 0.937523798590714
16 0.940661151311771
17 0.948006682539302
18 0.951826665604095
19 0.944625488613901
20 0.954286785273702
21 0.952694664349152
22 0.948656404237798
23 0.955811509115909
24 0.962047989540700
25 0.959754533411921
26 0.967108549587998
27 0.955242668206298
28 0.963081933936876
29 0.961070034215948
30 0.959465746337547
31 0.966866222124707
32 0.966778793909136
33 0.963673797872824
34 0.964215583151967
35 0.960761200951103
36 0.969990248147895
37 0.964296753227753
38 0.966167843290360
39 0.966381276176764
40 0.966646316307913
41 0.970720189336211
42 0.970312473212719
43 0.968896136303299
44 0.966563903581767
45 0.971505930635901
46 0.967090548984895
47 0.970401236650911
48 0.965261977941887
49 0.968388845860312
50 0.970796764472397
51 0.970120509340652
52 0.968482572446993
53 0.968786748866578
54 0.970966317597308
55 0.973036416878497
56 0.970873431092690
57 0.972060546913578
58 0.970607951181777
59 0.973207595564334
60 0.977517526918372
61 0.970339199169255
62 0.970161569886339
63 0.972886547962366
64 0.969093108409660
65 0.971429768503275
66 0.970965226975744
67 0.972223834412564
68 0.969981882680432
69 0.974473262681723
70 0.969187700722761
71 0.977144893196241
72 0.972406856958034
73 0.976238600564005
74 0.975598843130425
75 0.971686867890139
76 0.973869002299132
77 0.975078985331871
78 0.974032190140552
79 0.971555906264656
80 0.972306429452951
81 0.973967319982207
82 0.976255504245811
83 0.977568162410709
84 0.976262651642315
85 0.977812460724636
86 0.975722819458099
87 0.975191652531911
88 0.975343213942381
89 0.973225062787813
90 0.974174823776114
91 0.975413953055974
92 0.975512592278314
93 0.976897209463119
94 0.977338994174071
95 0.976070095039777
96 0.976938906282923
97 0.976280714471498
98 0.974496577721082
99 0.975160250155745
100 0.977041294224405
101 0.976144554925139
102 0.977060409026352
103 0.976068452615320
104 0.974089658990462
105 0.978974163857741
106 0.980258879325929
107 0.976272713205110
108 0.974742858574130
109 0.976209474873796
110 0.974033083056943
111 0.974808765333030
112 0.976847082272156
113 0.978833730019185
114 0.976705892841644
115 0.978563078075965
116 0.977002798655919
117 0.974826060921693
118 0.976423377472693
119 0.976326224917455
120 0.977800210605982
121 0.978441839475818
122 0.976432146747212
123 0.981220775619201
124 0.977329714274528
125 0.976177398281005
126 0.979054966733334
127 0.977605366021921
128 0.976731991900724
129 0.977425870859393
130 0.978261664406158
131 0.974721201611681
132 0.978490525230356
133 0.976944355325369
134 0.975530359161704
135 0.976529142160139
136 0.979301590297203
137 0.976711509198923
138 0.979643504718678
139 0.976468688926700
140 0.979032837457465
141 0.978982410301741
142 0.976477806613275
143 0.978273548566100
144 0.978480354590221
145 0.977455201571185
146 0.979157110797299
147 0.979149634261581
148 0.979829703163060
149 0.980263748161794
150 0.977182702172694
151 0.977244721577875
152 0.976455771514470
153 0.979218900907452
154 0.978534270352814
155 0.978988349488719
156 0.977182394615992
157 0.978433575061478
158 0.979421411018029
159 0.978349238706377
160 0.980020320712144
161 0.979498562966161
162 0.978273407558508
163 0.978501514523494
164 0.976989422230484
165 0.980109381465706
166 0.979183142040144
167 0.978797031446768
168 0.976828360617773
169 0.978316532110689
170 0.977681960934364
171 0.978408009569330
172 0.978253694753302
173 0.978558289876252
174 0.977251054260754
175 0.980089422172280
176 0.979004699761245
177 0.978615594948841
178 0.978491686222313
179 0.980839005096783
180 0.978800018034261
181 0.977687815686462
182 0.979776723499362
183 0.979639041189021
184 0.979547904499016
185 0.979238697570095
186 0.981217313244770
187 0.979306388337267
188 0.977890870523643
189 0.977696558522118
190 0.982063355335198
191 0.978976659793690
192 0.979669756209438
193 0.979093564695791
194 0.977755135747629
195 0.979692673935722
196 0.978506092927937
197 0.977810510226067
198 0.979839894611957
199 0.978798362820487
200 0.978490978140193
201 0.978529034007384
202 0.979597788098557
203 0.979467327211261
204 0.979703503653937
205 0.977672098081470
206 0.979901574358454
207 0.979768405159276
208 0.980228613486917
209 0.979971564901978
210 0.981368867458354
211 0.979231562749733
212 0.979255596396553
213 0.976318715562422
214 0.979774564752041
215 0.981275763319273
216 0.977919141737432
217 0.976570098597388
218 0.980145840706922
219 0.979178176705942
220 0.980274840461664
221 0.977976802970083
222 0.980071397720267
223 0.977563988261057
224 0.980333671017158
225 0.980373723598305
226 0.980264526112338
227 0.980758723731180
228 0.979360489776611
229 0.980499116766456
230 0.978516280473813
231 0.979216596904766
232 0.979854836152373
233 0.977973383511714
234 0.980486983549122
235 0.979974039856918
236 0.978198573867791
237 0.979643633304544
238 0.979534620769986
239 0.978744723100052
240 0.979683096561872
241 0.980891110867736
242 0.979764073415512
243 0.981251871399624
244 0.978780802982809
245 0.979582069342280
246 0.980624126642079
247 0.980302202729959
248 0.981401302694438
249 0.979162363768456
250 0.978688633649839
251 0.980627227250859
252 0.979193752283689
253 0.979785439083541
254 0.979931132165489
255 0.861558731675005
