0 4046.951275227864699
1 0.478705161181946
2 0.730307343051981
3 0.779655416601401
4 0.822653516034769
5 0.878875932256212
6 0.869398623136679
7 0.899137833870252
8 0.908230325324810
9 0.919062258704895
10 0.922361005446231
11 0.919433327446255
12 0.934027130091970
13 0.935614985653438
14 0.945070068016690
15 0.936736103273639
16 0.940271768355873
17 0.949279941427719
18 0.952771233805909
19 0.942058821106809
20 0.957947519261980
21 0.954033563976884
22 0.948142466951057
23 0.958440402029283
24 0.962605898378588
25 0.959687173317227
26 0.967719346370184
27 0.956112709319035
28 0.963441888875200
29 0.961895776977229
30 0.958976443695973
31 0.967421398737257
32 0.965351308489825
33 0.963638395648087
34 0.964258307246611
35 0.959800485938628
36 0.969312711495699
37 0.964778198901871
38 0.965483849733798
39 0.966407924816491
40 0.966330884424541
41 0.969367667963218
42 0.970021046210617
43 0.968823647113089
44 0.965874294032327
45 0.970204351155745
46 0.966693676659484
47 0.970557598578407
48 0.965661598102378
49 0.968188381245896
50 0.971240437954519
51 0.969597960822629
52 0.969250359268877
53 0.968022009464596
54 0.971470813248614
55 0.974110102467806
56 0.969614693879797
57 0.971762664141106
58 0.970454130490881
59 0.974571549490155
60 0.977582452832600
61 0.971227545188746
62 0.969533580310575
63 0.973906619268136
64 0.969084752780465
65 0.970585371975445
66 0.971180777449928
67 0.972138371867450
68 0.970465125018568
69 0.973918801979212
70 0.969661450275674
71 0.977788352727601
72 0.972461610654591
73 0.975944951324787
74 0.976255327586601
75 0.971314727126891
76 0.973596335509535
77 0.975112373987417
78 0.974046376740247
79 0.971478770405077
80 0.972816124857962
81 0.974345340723338
82 0.976586691891686
83 0.977217503062884
84 0.975428422280227
85 0.977912969945372
86 0.974699302589854
87 0.974404156927483
88 0.974457639578331
89 0.973204455072692
90 0.974643949819289
91 0.974966384082850
92 0.975381362615114
93 0.977483681580976
94 0.977274798339265
95 0.976661912716288
96 0.977350724646822
97 0.975950162736561
98 0.974145769266595
99 0.974606480732418
100 0.977805011801514
101 0.976073241992004
102 0.976559805048899
103 0.975819468351304
104 0.973769232889775
105 0.979621218608400
106 0.980083165772579
107 0.976703875535729
108 0.973647521038055
109 0.976787635379986
110 0.973740912607956
111 0.974184109343232
112 0.976697912830090
113 0.978251020632579
114 0.976925257382757
115 0.978891562443353
116 0.975722927205670
117 0.975480299909250
118 0.975705697171676
119 0.976330931159616
120 0.976688802781210
121 0.977991979813910
122 0.975957891889493
123 0.981550347624591
124 0.977911898116553
125 0.975733404839778
126 0.979048482848668
127 0.978255959739250
128 0.976901900102410
129 0.978040760636848
130 0.978608508889034
131 0.975157818040880
132 0.978939851505312
133 0.977376144288581
134 0.976074495966644
135 0.977188976608190
136 0.979651939576563
137 0.976366092276150
138 0.980018656149492
139 0.976271586369947
140 0.979233504315918
141 0.978554472377131
142 0.976259081081712
143 0.977812263270324
144 0.978252269146268
145 0.977573873213877
146 0.978596290428209
147 0.979050420574944
148 0.979734213981689
149 0.979430388591217
150 0.977476217014498
151 0.977859113909358
152 0.976088980534361
153 0.978938006553265
154 0.978956942023236
155 0.979573737764398
156 0.977110718201434
157 0.978866713077475
158 0.979589075958064
159 0.978666451440463
160 0.980156253185074
161 0.979569456009851
162 0.977965734161449
163 0.978422036316879
164 0.977127503001326
165 0.980555803519957
166 0.979067899460982
167 0.979057742192913
168 0.976476679706356
169 0.978120005749865
170 0.977862327590211
171 0.977664906529148
172 0.978605621495230
173 0.978760708945350
174 0.977548191833737
175 0.980346329556044
176 0.978980300429698
177 0.978958391105174
178 0.978858284963447
179 0.981472043979552
180 0.979790065821404
181 0.977806861466724
182 0.979850151658680
183 0.980422207201145
184 0.979408135363500
185 0.978172336262463
186 0.981626582147021
187 0.980447515702306
188 0.977717194064391
189 0.977426241859316
190 0.981696488143981
191 0.978661348664764
192 0.978688510374678
193 0.978618895359178
194 0.977936452760580
195 0.979631237155089
196 0.979293747148518
197 0.977287604498654
198 0.979796005555698
199 0.979191944529667
200 0.978192935832416
201 0.978216685503859
202 0.979375053474760
203 0.979404533352945
204 0.979405653263437
205 0.978740049558604
206 0.980205676845038
207 0.979701771630829
208 0.980236400490994
209 0.980301702832122
210 0.981429884632991
211 0.978584260560584
212 0.979491728668936
213 0.976252840540842
214 0.979620875115541
215 0.981175126403221
216 0.977693793436040
217 0.975898274043146
218 0.980286395430133
219 0.978997411005877
220 0.980192002702901
221 0.978944113690562
222 0.980161857797351
223 0.977377101278898
224 0.979756364931329
225 0.979871048406307
226 0.980279538281603
227 0.981337833908458
228 0.979552296514480
229 0.979349878048347
230 0.978021213134492
231 0.978899844302085
232 0.979898557976478
233 0.977823858288502
234 0.981101307106706
235 0.980289502873579
236 0.978237903310981
237 0.978839842991945
238 0.979257463483239
239 0.978548156762450
240 0.979641952363709
241 0.981076171753731
242 0.979318852544543
243 0.981914936580558
244 0.978663222951923
245 0.979579600824573
246 0.980770671557966
247 0.980170443628408
248 0.981089401773704
249 0.978949619243728
250 0.979107550418207
251 0.980385693252451
252 0.979071757062128
253 0.980203633629547
254 0.979888034738734
255 0.861807332177528
