0 4047.147195434570222
1 0.499540080978030
2 0.721015777909033
3 0.781695187372953
4 0.828175063690350
5 0.880584460644638
6 0.885509082374291
7 0.913550473669190
8 0.905493820111840
9 0.916832792999385
10 0.927566989042145
11 0.912052063877870
12 0.942829926550417
13 0.939986558576986
14 0.932095352664352
15 0.929506112303206
16 0.931619970822690
17 0.946204805362770
18 0.955982093645536
19 0.941979089075365
20 0.963856023046122
21 0.961636723416400
22 0.945970467682307
23 0.963943602277161
24 0.960510186466973
25 0.958853825835420
26 0.967779819538138
27 0.957420820766797
28 0.964648645175959
29 0.953673465353409
30 0.955329013632458
31 0.968373911905785
32 0.964470873222910
33 0.962773296100256
34 0.966973659960681
35 0.956665397831207
36 0.972810748829600
37 0.961862390729296
38 0.962799982153981
39 0.968808906798336
40 0.962684173391420
41 0.974411737093350
42 0.968051950803953
43 0.965375707418147
44 0.971850646401226
45 0.972427852297680
46 0.967081931572542
47 0.972413815329847
48 0.969188459437337
49 0.960964458294934
50 0.964596738738095
51 0.974365034372314
52 0.974200607207598
53 0.966293112738174
54 0.975597063118321
55 0.970180781301714
56 0.968589073451169
57 0.973913998618253
58 0.972458596699870
59 0.973998433512297
60 0.982116103089558
61 0.968041597808206
62 0.967503024539043
63 0.974330750264946
64 0.970898776270415
65 0.975186058986193
66 0.972401556782491
67 0.973229237671605
68 0.967814853769000
69 0.971773160807856
70 0.968660682310402
71 0.979778857651922
72 0.973583329779244
73 0.972306484801997
74 0.974668774305518
75 0.974548923228818
76 0.971916193743391
77 0.974231522907305
78 0.969008936456960
79 0.968205353330098
80 0.975162955743097
81 0.974320562847156
82 0.976025229111798
83 0.979865536065966
84 0.972238898903557
85 0.977140148079011
86 0.976551935267062
87 0.975622913157482
88 0.980527098719110
89 0.972520072561880
90 0.975088104336303
91 0.972266664917643
92 0.970104231498154
93 0.976894635653604
94 0.977244530930108
95 0.978348469759554
96 0.980119451144073
97 0.973845811941592
98 0.975514789082130
99 0.975858989838505
100 0.974848967335836
101 0.978297297573318
102 0.977572765167783
103 0.973694196811354
104 0.973410923021226
105 0.979544336282315
106 0.982128995527532
107 0.974617827951410
108 0.971720434546088
109 0.979506275146750
110 0.972521974624285
111 0.977631564890150
112 0.978710935169862
113 0.978683750355187
114 0.977148910999195
115 0.975445551480046
116 0.977791209703973
117 0.976928109032355
118 0.978178621610395
119 0.975764311344170
120 0.976494855461848
121 0.979625410350035
122 0.977246249601617
123 0.981398452629270
124 0.977090587760255
125 0.974616440440367
126 0.977067174099462
127 0.978137239194463
128 0.975712090628428
129 0.975046023751896
130 0.977951761764241
131 0.973473884695617
132 0.979791820440251
133 0.977348457787566
134 0.974497179827387
135 0.977328283217662
136 0.980519751255737
137 0.977506558739582
138 0.981872250494600
139 0.974130912600905
140 0.980878097837938
141 0.976266059100604
142 0.978239398712607
143 0.980522153286979
144 0.979679392371007
145 0.976348393408272
146 0.979002799245783
147 0.979165492511919
148 0.982278342583714
149 0.979111298631218
150 0.977702288730944
151 0.976957234898760
152 0.977536090057471
153 0.978937349813224
154 0.977250918993075
155 0.979727239892525
156 0.978257472624992
157 0.979623317184136
158 0.979327896960512
159 0.977646260268105
160 0.979761975090012
161 0.976835781180830
162 0.976758290562457
163 0.976573126338101
164 0.976525431814352
165 0.979940790951316
166 0.981113536538137
167 0.981011319189400
168 0.979989333522260
169 0.978917262249860
170 0.978755029350688
171 0.978463843545617
172 0.976717943140970
173 0.977370284140667
174 0.979405769266873
175 0.982834777452250
176 0.977545515042034
177 0.980919995967555
178 0.978841438555222
179 0.980741408764460
180 0.980603816829011
181 0.976372439956352
182 0.978433859336795
183 0.981769432943648
184 0.980172699277284
185 0.975967697612924
186 0.980491415095394
187 0.980814424141733
188 0.976734224365172
189 0.976327870255203
190 0.982309823559288
191 0.982824246455335
192 0.980132149852663
193 0.978028486451145
194 0.976341755484524
195 0.981318029927771
196 0.977120709401065
197 0.976238249241037
198 0.982086457388077
199 0.980379133627470
200 0.978786160963467
201 0.975947598747932
202 0.983417139654068
203 0.980679618107565
204 0.977083897941209
205 0.979424573253160
206 0.981213275278418
207 0.979651473760047
208 0.980217951398761
209 0.980277733595572
210 0.982366664401293
211 0.980028209889145
212 0.977856631396379
213 0.975314967179181
214 0.981720621792401
215 0.981819793686117
216 0.976434493169316
217 0.975691358326636
218 0.978715732133534
219 0.976014404405041
220 0.978301121154340
221 0.980994177309117
222 0.979144249925493
223 0.977316039477122
224 0.978417878717022
225 0.979841820072547
226 0.980528592277588
227 0.982126970715225
228 0.982713352052330
229 0.979758868074978
230 0.978498122448140
231 0.978123559625009
232 0.980219293916812
233 0.976790565497792
234 0.981764899757012
235 0.978030569413421
236 0.979377003988151
237 0.980849437012066
238 0.978727906373565
239 0.979439299699111
240 0.979914729906612
241 0.979224675249126
242 0.977437925303373
243 0.979948403595111
244 0.977307877615142
245 0.979944632937783
246 0.981579551125314
247 0.976691785068368
248 0.980480165240293
249 0.977751967538960
250 0.976464088956715
251 0.981836602524724
252 0.981958689331430
253 0.979273668469505
254 0.980326207525880
255 0.857413885757159
