0 4046.916798095703143
1 0.489631692614169
2 0.730628025052177
3 0.778211980279682
4 0.817402374030303
5 0.876103692767326
6 0.873533103312793
7 0.908921048972150
8 0.903402274140841
9 0.919713599588573
10 0.924428726025772
11 0.920926196530772
12 0.938453327583074
13 0.936180470352621
14 0.940652743146919
15 0.936926182330841
16 0.933477596609522
17 0.946771848535460
18 0.955162160489397
19 0.941868835844580
20 0.962102115936559
21 0.956287757753086
22 0.947359557924683
23 0.958118686453661
24 0.963068509934036
25 0.960102360055856
26 0.968707743975263
27 0.956789714251994
28 0.963476224572809
29 0.959228842136138
30 0.957928340969134
31 0.970275090288426
32 0.966038353646742
33 0.962811696661478
34 0.965057941035081
35 0.957752512801823
36 0.971465248449932
37 0.964629519207078
38 0.966649515320335
39 0.969718987663993
40 0.964454248497330
41 0.969914998701761
42 0.969657342129601
43 0.966302835902683
44 0.968691052536530
45 0.970566200580395
46 0.965976924822353
47 0.971564101499471
48 0.966402990037385
49 0.963437886371847
50 0.971626902312968
51 0.970421706467186
52 0.970663174214154
53 0.967569459228857
54 0.973156751133408
55 0.973589809356539
56 0.968509596421185
57 0.971918414215289
58 0.970758827789382
59 0.975321502149218
60 0.981870340705803
61 0.969533063280275
62 0.968355239978623
63 0.976415968215767
64 0.969215851180155
65 0.972570435473829
66 0.971878619060840
67 0.973833776630835
68 0.967877323166317
69 0.973209541887466
70 0.970256573369409
71 0.977856887086699
72 0.972216204201581
73 0.977403039795154
74 0.974567491004280
75 0.971298555642044
76 0.972138803089473
77 0.974069820788057
78 0.972530020410097
79 0.970838117243403
80 0.972849044921038
81 0.973769121735347
82 0.977505775459530
83 0.975372363833932
84 0.973368690567644
85 0.977047692193493
86 0.976328598993024
87 0.976151544566501
88 0.974986451918145
89 0.973587202910338
90 0.974310978803324
91 0.974333108221459
92 0.971862173947323
93 0.977380715120741
94 0.976828626406135
95 0.976078794361304
96 0.978740485759696
97 0.975983882844327
98 0.973493487078396
99 0.975384988816087
100 0.977593892915048
101 0.976734518928631
102 0.975926472107629
103 0.975391005259804
104 0.973380202423791
105 0.978667827768264
106 0.982126762232835
107 0.976163340144601
108 0.972789219650226
109 0.977163590989058
110 0.973928716601464
111 0.974699495796487
112 0.979533168174769
113 0.977231094629070
114 0.976304306404160
115 0.977157444728468
116 0.977192095478137
117 0.975935429497789
118 0.976165569186928
119 0.976585124770400
120 0.976535387896182
121 0.976786999416546
122 0.977742005165153
123 0.981427979422248
124 0.978347248501326
125 0.976218665338647
126 0.977993208898624
127 0.978047380899508
128 0.975301612981553
129 0.976662712085397
130 0.978652461005723
131 0.974114460222474
132 0.980021468256461
133 0.976961850843855
134 0.975256721027908
135 0.977986181580891
136 0.978754669789028
137 0.975793306334983
138 0.980028156160942
139 0.976059328943851
140 0.980818556656053
141 0.977268603982658
142 0.975841152353546
143 0.978779397102318
144 0.978919411653992
145 0.977028098440554
146 0.977957882719746
147 0.980637600053589
148 0.979634076260627
149 0.980864811275694
150 0.978939003849633
151 0.978202720285376
152 0.976228543332881
153 0.980037688754582
154 0.979798645168245
155 0.980101252657440
156 0.977224331172837
157 0.977787427830778
158 0.979363236720382
159 0.978709649207320
160 0.979741365898179
161 0.978820203338134
162 0.978561568820693
163 0.976845308709339
164 0.976095382327731
165 0.981149777076417
166 0.979339550542968
167 0.979319231091222
168 0.977446210553444
169 0.978412784157264
170 0.979363683029304
171 0.978076894738099
172 0.977941557271585
173 0.978307283726842
174 0.978448131826261
175 0.981756201881699
176 0.978473199547809
177 0.980036746669020
178 0.978275595308872
179 0.980210604404481
180 0.981799619334171
181 0.978070241854375
182 0.978828714382346
183 0.979411409219404
184 0.979597624687085
185 0.977474543239418
186 0.981794947053628
187 0.982434525539180
188 0.977295139700977
189 0.977235507123017
190 0.982059568972871
191 0.980529852405522
192 0.979499287876933
193 0.978298634773462
194 0.977907441578102
195 0.980687378964105
196 0.977572023484270
197 0.975793620374472
198 0.981444952560385
199 0.980662418311471
200 0.977798214651091
201 0.976650807346583
202 0.981023385646968
203 0.979439079448384
204 0.977622193683083
205 0.978815174923496
206 0.981237410836896
207 0.979353678366109
208 0.980967671419414
209 0.980811616721763
210 0.981536917126385
211 0.977115863325606
212 0.978747415398629
213 0.975594810507173
214 0.981116506223011
215 0.981652075155998
216 0.977625624869925
217 0.974888990052838
218 0.979391639133538
219 0.977455895072944
220 0.979802878426971
221 0.979912156736745
222 0.980536200296332
223 0.977926716415175
224 0.978238654940093
225 0.980592728220536
226 0.981325973734528
227 0.981518379515457
228 0.980277910204430
229 0.979530660156390
230 0.976868656973181
231 0.978162950342612
232 0.980294113492382
233 0.976412581597958
234 0.980963400361552
235 0.978980275684580
236 0.978698082604725
237 0.979788432617816
238 0.978330583208236
239 0.978161754412048
240 0.978717650426542
241 0.980661427759571
242 0.978799608149228
243 0.981889068399543
244 0.978076687499046
245 0.979924543668150
246 0.981748747636109
247 0.978644672994478
248 0.980949256860736
249 0.977836122550495
250 0.978054840434299
251 0.981107319821299
252 0.980622990420572
253 0.980233891817653
254 0.980703325340191
255 0.851392800336486
