0 4046.993372395833376
1 0.481951181767394
2 0.710945452107719
3 0.791129822312941
4 0.832065361776487
5 0.880838121930219
6 0.880409821284003
7 0.907693066361378
8 0.899404896947740
9 0.912060126110330
10 0.929289439244767
11 0.905122681948952
12 0.946073928254563
13 0.942280706086304
14 0.926403711269278
15 0.932319850724245
16 0.928692210224901
17 0.952173724803712
18 0.953616174154007
19 0.934749372793224
20 0.964221779501271
21 0.961043896957341
22 0.946764817537172
23 0.965821571188570
24 0.961542401181344
25 0.960288837201698
26 0.966133661022297
27 0.959775360257868
28 0.963392440613032
29 0.953190798262614
30 0.957422542937881
31 0.968536605369470
32 0.960937316884917
33 0.962042962236967
34 0.971639199530413
35 0.960490447435245
36 0.969915601971765
37 0.964401671104359
38 0.962589771817853
39 0.966365805421541
40 0.966258409812787
41 0.976549403672386
42 0.964113195361342
43 0.960206295545853
44 0.968546636949157
45 0.966022505459186
46 0.966205168990040
47 0.970829678068577
48 0.968705064257159
49 0.963488993961680
50 0.964729024396631
51 0.972048351958840
52 0.973152976202405
53 0.965133835937254
54 0.974885952460110
55 0.972025989509422
56 0.971003068653342
57 0.973583506513794
58 0.972265695121009
59 0.971549007102350
60 0.977601190363396
61 0.967730666902782
62 0.969604451748315
63 0.972923652361933
64 0.970639391180452
65 0.975990374740340
66 0.972089552137637
67 0.972350524265242
68 0.966729872378400
69 0.971400171121327
70 0.969471036445399
71 0.979743218604499
72 0.973571960979160
73 0.971523958235680
74 0.975786413340166
75 0.976547332627393
76 0.970308049596591
77 0.971524341067332
78 0.968249317114942
79 0.968143625898378
80 0.973751460390594
81 0.975934713719226
82 0.978066802882647
83 0.977621313035144
84 0.971658079162440
85 0.976346619823812
86 0.981207042578021
87 0.974518334093772
88 0.981257965010407
89 0.973574708142623
90 0.973389640489775
91 0.971872438609563
92 0.967054733564405
93 0.979465667913182
94 0.978620310565739
95 0.978212806066426
96 0.980544259479247
97 0.973603274891496
98 0.977150195253493
99 0.975804369828788
100 0.972033153784860
101 0.978995254909084
102 0.975208722971868
103 0.973103753737928
104 0.977077661770828
105 0.982895582973363
106 0.979953501258305
107 0.977898157376454
108 0.972133760602596
109 0.977616154719959
110 0.971439832198613
111 0.975172681002965
112 0.977779348681150
113 0.978840693698509
114 0.975539544528251
115 0.976534590287264
116 0.980237752276985
117 0.976713056627079
118 0.977816655615567
119 0.975436939748369
120 0.976737076924026
121 0.979760075987916
122 0.975572602725149
123 0.984101503524192
124 0.977582893716674
125 0.978304744754008
126 0.976639996330662
127 0.977354179453447
128 0.974344179777718
129 0.975887581451059
130 0.977178793956064
131 0.974169615044148
132 0.978322995210902
133 0.979188853642215
134 0.975593994627466
135 0.976907666286634
136 0.979149837246734
137 0.977498103667221
138 0.979086723349934
139 0.975477007394468
140 0.981157227985862
141 0.976890365982781
142 0.979105318279978
143 0.981193919247529
144 0.979686689324535
145 0.975467144124859
146 0.978598137516963
147 0.981256955615625
148 0.981127991886016
149 0.980642852460544
150 0.978308904854474
151 0.977502840726707
152 0.976457205237715
153 0.979792482840888
154 0.976702773677748
155 0.978146154526186
156 0.975639788023744
157 0.980260124905856
158 0.978970960769337
159 0.976862783159452
160 0.982359043426114
161 0.977166008281532
162 0.976715230172251
163 0.977435303171697
164 0.977458070677121
165 0.980295409602452
166 0.980688682042256
167 0.980558989209031
168 0.977365160622873
169 0.978818556854163
170 0.976703688100384
171 0.978156888186571
172 0.976099686072088
173 0.978381775046673
174 0.978895088991226
175 0.982008823951198
176 0.977809343882690
177 0.981520088601212
178 0.979627642346492
179 0.981280360516553
180 0.982815586481375
181 0.976260445097705
182 0.977121169388855
183 0.981623563297297
184 0.979509337780143
185 0.976552789148087
186 0.979665801522696
187 0.981783053649403
188 0.978438533705272
189 0.978730938750035
190 0.981694390691887
191 0.982697124099852
192 0.981731224246575
193 0.977476281693952
194 0.975851300711850
195 0.981414276476600
196 0.976257806515704
197 0.975428510278097
198 0.984469916156068
199 0.979360037771303
200 0.980448191397141
201 0.976273648535577
202 0.983571317036982
203 0.981550356243182
204 0.979150538119676
205 0.978567405166860
206 0.979961225072567
207 0.980205879938643
208 0.981353881705687
209 0.981132554549173
210 0.982599335195514
211 0.978360565878590
212 0.977772187826080
213 0.977636356997795
214 0.981808642396152
215 0.982915392438738
216 0.975878968290865
217 0.974691242502292
218 0.978376476689728
219 0.976393373110831
220 0.976482394284973
221 0.982366866447227
222 0.978928259271353
223 0.977182493748265
224 0.978113455711118
225 0.978641017693688
226 0.978567066390879
227 0.983129317129233
228 0.982437628930785
229 0.981100373181087
230 0.977961573158444
231 0.976780668814017
232 0.981351882316975
233 0.977550793535561
234 0.978995950887439
235 0.976310866383401
236 0.979779086878970
237 0.981604644258283
238 0.979421164829147
239 0.980757622656763
240 0.979976752530308
241 0.977922713795829
242 0.978000966000072
243 0.978650879050418
244 0.977363352631174
245 0.979445138856940
246 0.981451270552826
247 0.977065742998340
248 0.979486428528979
249 0.978602700320253
250 0.976624401090546
251 0.981552513226548
252 0.982483713290470
253 0.978974390956804
254 0.982222247423218
255 0.857708437834742
