0 4047.027171456473297
1 0.484817961296679
2 0.729438793646689
3 0.773953473380512
4 0.820594166647882
5 0.870849788354585
6 0.870856778870696
7 0.902085313962520
8 0.907142158786833
9 0.921996519791044
10 0.921436146970123
11 0.920162451334608
12 0.936753086238356
13 0.934944969446890
14 0.942269116081507
15 0.936287983709556
16 0.937081498782937
17 0.946751153894999
18 0.953142792868977
19 0.942715939417673
20 0.958077741651232
21 0.955367654473351
22 0.947541728891242
23 0.957829848151207
24 0.964703012083731
25 0.958968937667708
26 0.967754471954060
27 0.955013515744472
28 0.965424227643877
29 0.958373641206625
30 0.958466573211321
31 0.968711168464471
32 0.966296322337938
33 0.962707166558996
34 0.964671404283883
35 0.958210738858671
36 0.968964780332904
37 0.966357856064564
38 0.965990853759925
39 0.967265762791970
40 0.964484399622482
41 0.970083022345050
42 0.969582305885439
43 0.968426448167724
44 0.966689004906557
45 0.971281450458184
46 0.966488233155993
47 0.970439633818108
48 0.966835329989110
49 0.965529192649841
50 0.971650652107659
51 0.969293179707068
52 0.968889495576265
53 0.967587066781705
54 0.972957796226597
55 0.972838077903153
56 0.967930355452193
57 0.969909709146903
58 0.971924110186179
59 0.975793162981293
60 0.980071275725038
61 0.970252005658816
62 0.969020591509436
63 0.975724957279155
64 0.969543230363557
65 0.970422274438988
66 0.971414478628938
67 0.972602422655116
68 0.967803393234735
69 0.973687229374964
70 0.971045939601524
71 0.978262004495016
72 0.971746823197924
73 0.977090441360996
74 0.976456096606678
75 0.971703993422301
76 0.971561523919324
77 0.975581190509921
78 0.973843754760824
79 0.970630193122098
80 0.973195395476879
81 0.972735343807353
82 0.977238612417680
83 0.975733711909715
84 0.974557775859415
85 0.976985701320884
86 0.975581150399364
87 0.974876419917750
88 0.974143591068556
89 0.973638515618149
90 0.972862480921290
91 0.974518660714596
92 0.972782064646808
93 0.977666438684279
94 0.977229020491958
95 0.976497685810315
96 0.978617259161312
97 0.975906956518239
98 0.973832422664838
99 0.975338685505963
100 0.978126242445279
101 0.975614520266493
102 0.976691923314281
103 0.975666015834429
104 0.973839089308752
105 0.979021980813028
106 0.981255685005635
107 0.975740722046306
108 0.973132051442771
109 0.976664208676452
110 0.975075685400862
111 0.974636563138508
112 0.978273498461366
113 0.977306518461688
114 0.977693447899622
115 0.977817519146903
116 0.976384153009971
117 0.975787129169246
118 0.975383634205688
119 0.976229054999013
120 0.976297174869477
121 0.977139566086911
122 0.978128793277168
123 0.982244537996364
124 0.977919934960954
125 0.975520074577418
126 0.978252617454860
127 0.978335166535978
128 0.976553943640397
129 0.976413737012297
130 0.978549362493067
131 0.974131055457254
132 0.978977837902383
133 0.977324321221197
134 0.975821339951063
135 0.979107264457221
136 0.978513127398603
137 0.976255590425349
138 0.980618713314500
139 0.975652581767020
140 0.980953025296187
141 0.977717004265841
142 0.976215195575856
143 0.978451656589656
144 0.979038545926787
145 0.978346409373468
146 0.977832028816975
147 0.979399788239643
148 0.979412130390553
149 0.980392929990602
150 0.978187512816749
151 0.977948271232128
152 0.975999877385382
153 0.979481043643759
154 0.979473854986942
155 0.979602540211312
156 0.977650185276494
157 0.978341228418627
158 0.979422409855958
159 0.978720567670198
160 0.980222252341482
161 0.979420155204406
162 0.977164449354520
163 0.977987075752236
164 0.977287055341335
165 0.981217882240075
166 0.978938912152766
167 0.979777837817524
168 0.977927214075383
169 0.977917175533240
170 0.978743095637315
171 0.977733023574667
172 0.977612551718395
173 0.978482170420281
174 0.977759679757591
175 0.980663195082092
176 0.978203406324366
177 0.979900937026623
178 0.978539924840850
179 0.981137227844243
180 0.981329696166421
181 0.978303810783206
182 0.979427330250274
183 0.980121269587836
184 0.980798979680105
185 0.977946087644464
186 0.982232375700036
187 0.981664909801218
188 0.978346766766670
189 0.976605864385573
190 0.981784206086005
191 0.978912892313584
192 0.980066935974543
193 0.978311760133735
194 0.978428804699158
195 0.979783288925232
196 0.978153092572844
197 0.975984467996282
198 0.980769302119254
199 0.979520442220877
200 0.977258953709682
201 0.977145016201422
202 0.979417684686603
203 0.979347508823211
204 0.978666492116457
205 0.978647955548741
206 0.980243090522051
207 0.979405966573366
208 0.980582254759546
209 0.980477541591428
210 0.981633569045430
211 0.977485241472453
212 0.978825556235329
213 0.976140354952446
214 0.980440360785461
215 0.981173123454255
216 0.978119084519312
217 0.975802671225790
218 0.979762309823622
219 0.978421096155736
220 0.980149282617426
221 0.979978654886669
222 0.980564758692251
223 0.978072609048035
224 0.978808161357110
225 0.980368320739415
226 0.981085926619519
227 0.980846970620905
228 0.979743393867206
229 0.979665187035090
230 0.977211531576488
231 0.979121634337201
232 0.980224630399124
233 0.977116117339535
234 0.981584597934249
235 0.979067432466626
236 0.979115623398193
237 0.980269251832861
238 0.978971023190464
239 0.978113238646397
240 0.979145721742290
241 0.981661568060860
242 0.979526603769132
243 0.982559918538043
244 0.978906509385316
245 0.979437216028380
246 0.981112814817295
247 0.979829357146388
248 0.981205474562685
249 0.978622563694236
250 0.978591310246898
251 0.980636898652962
252 0.980078962657938
253 0.980626118631234
254 0.980231674404909
255 0.851052487714074
