0 4046.866438293457122
1 0.477925752669032
2 0.731971098326685
3 0.778639622903970
4 0.825195293029763
5 0.872826881175372
6 0.871010682392213
7 0.897434519829552
8 0.906255564195042
9 0.920461610165980
10 0.920530241335043
11 0.917907997498506
12 0.937249337256287
13 0.936290622120898
14 0.944194093259993
15 0.938253004797944
16 0.939150529212725
17 0.950703820414652
18 0.954998081063305
19 0.941443370156118
20 0.956816634109069
21 0.953353927058262
22 0.947434733138984
23 0.958722012522820
24 0.964874827294545
25 0.959632876664920
26 0.967880584755000
27 0.954872340771264
28 0.965711108116515
29 0.960783678468194
30 0.957995871681708
31 0.967436332473083
32 0.967452360859100
33 0.964433959626568
34 0.965139988162435
35 0.957274125037633
36 0.968278661908949
37 0.965143081898095
38 0.965966811127132
39 0.965589187198216
40 0.965437259730838
41 0.970525235794129
42 0.969280884909849
43 0.968363975866707
44 0.967051290018809
45 0.970390001242682
46 0.966381911094179
47 0.970756570786283
48 0.965840902915544
49 0.966368327017847
50 0.972711983432144
51 0.970144987255088
52 0.969000957645146
53 0.968875718741828
54 0.972412579191292
55 0.974141452619553
56 0.969093012619342
57 0.970894202213053
58 0.971235559097954
59 0.974557064870614
60 0.978833723677438
61 0.970106440911278
62 0.968866031644677
63 0.974395810586628
64 0.969258460215977
65 0.970039940138561
66 0.971087759837728
67 0.971753242988800
68 0.968483306269757
69 0.974253661622548
70 0.970923804552244
71 0.977902504244189
72 0.972131088818973
73 0.975583744143106
74 0.976844433063254
75 0.970895972199109
76 0.972942486811848
77 0.974715396684182
78 0.973471054547244
79 0.970845846444645
80 0.972850778547532
81 0.972524479517129
82 0.976491678044075
83 0.977880966761634
84 0.975771413480782
85 0.977133783144876
86 0.974733454650309
87 0.974535327028570
88 0.974021591190390
89 0.973611357912530
90 0.974112609107818
91 0.974104072428815
92 0.974494430593419
93 0.976867630884954
94 0.977363353782511
95 0.976462664798386
96 0.977614972181723
97 0.976471011807777
98 0.973904437859113
99 0.975096432123908
100 0.977765333403695
101 0.976145609103664
102 0.976769582259537
103 0.976816653505001
104 0.974004228584080
105 0.979561490192794
106 0.980284508840656
107 0.976337412083234
108 0.973500824543194
109 0.976742268521652
110 0.974158985856805
111 0.973996306380636
112 0.977681653995866
113 0.978001195528095
114 0.976571364697783
115 0.979025574719605
116 0.975929117833312
117 0.975592879509598
118 0.975946287838445
119 0.975701065624335
120 0.976639253945372
121 0.977773627721456
122 0.977088101334745
123 0.982779621141898
124 0.977962740540735
125 0.975376619523381
126 0.978577705618957
127 0.978727933688402
128 0.975920275279821
129 0.977191676098463
130 0.977961818687610
131 0.974135723022221
132 0.979444237370581
133 0.978122150712780
134 0.975300528596192
135 0.977782193168229
136 0.979238790541998
137 0.977022227710037
138 0.980841564066594
139 0.975629646111300
140 0.980106203234159
141 0.978265458206155
142 0.976489539881007
143 0.978809646309317
144 0.978662013067502
145 0.977729459582453
146 0.977543545077263
147 0.979254332907511
148 0.979710214038261
149 0.978553516856946
150 0.977138462465379
151 0.977681094995549
152 0.975700150296167
153 0.978236648216876
154 0.979481508716490
155 0.979260061220258
156 0.977208308376420
157 0.978536498152271
158 0.979757363380333
159 0.978821294374654
160 0.979571962609935
161 0.979326343208213
162 0.977334547974129
163 0.977597562224028
164 0.977023295496243
165 0.980390680296446
166 0.978868954527892
167 0.979474755467291
168 0.976925608023161
169 0.978237033830389
170 0.978489055706090
171 0.978115060043732
172 0.978518816512785
173 0.978345307945163
174 0.977281039279502
175 0.980332841314399
176 0.978473879786251
177 0.979762641245109
178 0.978682006484653
179 0.981463051771691
180 0.980614003489424
181 0.977692586395158
182 0.979529378515265
183 0.979564815520655
184 0.980443863186693
185 0.978310003615300
186 0.982022310892472
187 0.980624178352264
188 0.977667165177083
189 0.976439273314154
190 0.982095023640619
191 0.978615694990199
192 0.979322998899277
193 0.977832785408823
194 0.978245454732437
195 0.980278040922659
196 0.978726098869590
197 0.977105089088577
198 0.980073106152345
199 0.979696372464606
200 0.977403347006071
201 0.977929241639916
202 0.979609130777501
203 0.979465270012630
204 0.978581346100217
205 0.979220072028843
206 0.980084868099587
207 0.979476205232787
208 0.979818941418598
209 0.980100819603730
210 0.981195847426857
211 0.977584683599076
212 0.979296530063530
213 0.976363432600708
214 0.979579509300238
215 0.981097067607021
216 0.977375581625042
217 0.976619479090320
218 0.980335298987170
219 0.978787574736060
220 0.980682438815318
221 0.979624455446896
222 0.980535498895845
223 0.977149885591463
224 0.979735844171005
225 0.980171494189307
226 0.980841501755851
227 0.981227328672806
228 0.979254479226873
229 0.979959784915138
230 0.977399021290268
231 0.978883893592659
232 0.979479404435312
233 0.977095701788335
234 0.981058258856398
235 0.980202821313344
236 0.978946714617437
237 0.979495250388094
238 0.979411297455399
239 0.978783595754005
240 0.979768504662288
241 0.980982789821240
242 0.979470638493956
243 0.981409991280550
244 0.978420548644194
245 0.979271959155327
246 0.980775361528023
247 0.980431469566951
248 0.981175149169688
249 0.979187362996116
250 0.978670370569386
251 0.980662643882202
252 0.979347315136259
253 0.980046629567314
254 0.980141773566307
255 0.858440128680795
