0 4046.675358886718641
1 0.469764719080379
2 0.711152389330346
3 0.786650433505004
4 0.837684869187957
5 0.880555475769604
6 0.885772955923995
7 0.896946482768952
8 0.889084986460734
9 0.913666021298637
10 0.931370918592324
11 0.898162346754816
12 0.945026435873039
13 0.944972935804990
14 0.927947016282326
15 0.928601102036954
16 0.930777883868812
17 0.958942592955288
18 0.957079478910679
19 0.940389220988529
20 0.977219043153274
21 0.965505188572915
22 0.944630289098093
23 0.965658301029279
24 0.951797004780481
25 0.967932444412063
26 0.962605259095269
27 0.965845767404717
28 0.961431444463114
29 0.960138936814599
30 0.958527207006818
31 0.964939770357778
32 0.963482607828963
33 0.957315773572971
34 0.965761415810835
35 0.962623501932700
36 0.974128792092620
37 0.965002204207227
38 0.958842687895336
39 0.959989057358756
40 0.968140855418556
41 0.976292661307587
42 0.965517834715658
43 0.962098121703282
44 0.968474780634838
45 0.965994200705489
46 0.965738197023740
47 0.967368078344451
48 0.967215457827667
49 0.963133384471086
50 0.964503616547748
51 0.970018377180769
52 0.975450723158428
53 0.959298855939427
54 0.981167466217163
55 0.974710469223129
56 0.966408225257803
57 0.970606601406788
58 0.975304922323367
59 0.978714427066862
60 0.980738708635526
61 0.964320190731878
62 0.975343995609532
63 0.976476851263197
64 0.972719591885900
65 0.975976002083960
66 0.970966251061774
67 0.975872158701783
68 0.965002011326591
69 0.969873462269724
70 0.966027911489589
71 0.976277673614153
72 0.970754576436825
73 0.972642119626722
74 0.974792582303840
75 0.975441924363666
76 0.970693166150052
77 0.971365074660146
78 0.968322424542203
79 0.969080313406838
80 0.969569399096261
81 0.981234991461600
82 0.976744334711822
83 0.975484532214979
84 0.971066704522364
85 0.979309788135644
86 0.982823872311829
87 0.974157829938773
88 0.983146229318348
89 0.970479663502936
90 0.973890913486269
91 0.974925525538016
92 0.967698850309496
93 0.976320312598126
94 0.976575376000774
95 0.979627829449068
96 0.977328073365812
97 0.975185771913313
98 0.976399552216363
99 0.974345914021046
100 0.973486040847692
101 0.981289330538582
102 0.973234678264143
103 0.973256010813759
104 0.979734650752969
105 0.985551175879600
106 0.978370583466617
107 0.980634881291211
108 0.972762499772809
109 0.978925808040012
110 0.971641234958203
111 0.977042401110773
112 0.975066739824053
113 0.978251718555714
114 0.974614363933508
115 0.974068694146488
116 0.980329654304729
117 0.973068038278973
118 0.975456288967551
119 0.973258140566968
120 0.977154830454409
121 0.978059603299849
122 0.973869099916752
123 0.982376256105886
124 0.976077065817360
125 0.978522752968808
126 0.979030676854432
127 0.977804913790550
128 0.973834775587445
129 0.975904907396663
130 0.975384579768923
131 0.975231656629058
132 0.976655864495247
133 0.978981563629488
134 0.976553008415517
135 0.974743077138990
136 0.983058252935860
137 0.977043333921236
138 0.977021955981301
139 0.975139373244951
140 0.980548270764164
141 0.977285380084441
142 0.978493035314123
143 0.981115037284021
144 0.980012646120699
145 0.980598106855817
146 0.978296560019661
147 0.981121043180402
148 0.982614012770489
149 0.980046709338193
150 0.976564406231751
151 0.975195089642872
152 0.975223295065783
153 0.977096999058544
154 0.976242784515958
155 0.977087024878588
156 0.979885038336181
157 0.982746837972935
158 0.980610564051777
159 0.977433084925333
160 0.983736636210092
161 0.977403823609476
162 0.977250618108412
163 0.981246506193039
164 0.979208325210620
165 0.984338208193231
166 0.980824129871570
167 0.980932275793739
168 0.976527000046586
169 0.976313981020607
170 0.976203730904582
171 0.973825663320282
172 0.976093035906799
173 0.975515725328925
174 0.980434275109750
175 0.981015758813470
176 0.976915647010770
177 0.980182941775439
178 0.980478190212159
179 0.978263664227187
180 0.983704283625968
181 0.976208567090915
182 0.977050537267500
183 0.981102647571152
184 0.980144644080315
185 0.977567244261825
186 0.980453429153320
187 0.981454224098037
188 0.978984101446904
189 0.979153873594818
190 0.982767064394856
191 0.983931909507874
192 0.980065414611700
193 0.978667331761768
194 0.975529921208022
195 0.981689513194383
196 0.976819549434693
197 0.975981955291050
198 0.985721302224706
199 0.979335642220292
200 0.978106390121839
201 0.974986308289607
202 0.980619477684344
203 0.980963014867160
204 0.980926389822387
205 0.975640699293787
206 0.977918025362949
207 0.979207903116705
208 0.982480767707384
209 0.980677303797901
210 0.981423474418066
211 0.978428851595130
212 0.979249759060967
213 0.977228649040345
214 0.981272051228741
215 0.981431565203991
216 0.974690104177635
217 0.974134350055629
218 0.975510920548658
219 0.976367707570017
220 0.975605397850894
221 0.981277504720209
222 0.977561554522365
223 0.976965017510857
224 0.978325016984961
225 0.977085467332634
226 0.975952621452102
227 0.984288789761848
228 0.982660980721789
229 0.986888505765035
230 0.979663213390296
231 0.979385237990611
232 0.980732350791544
233 0.978167806296220
234 0.980883219123862
235 0.974830167032854
236 0.979269762479778
237 0.983508106849245
238 0.977298233072060
239 0.980947394475253
240 0.980239185848151
241 0.979236021652775
242 0.979441836228760
243 0.977225791291090
244 0.974542788461575
245 0.978215865811768
246 0.983757032237202
247 0.975557281936718
248 0.978348996278404
249 0.978890944584139
250 0.978026548873609
251 0.983019529816536
252 0.980617733908534
253 0.978978829350884
254 0.982997986083014
255 0.861135260279527
