0 4047.072895507812518
1 0.496388665973071
2 0.705521898601623
3 0.778428679774988
4 0.833932823718393
5 0.898211175686854
6 0.880893759153161
7 0.907927317026591
8 0.865349305441778
9 0.908542089135580
10 0.940660103447603
11 0.894728585250490
12 0.943153379784677
13 0.943818086907685
14 0.945228922045198
15 0.916202905699656
16 0.933824539359385
17 0.966566859729839
18 0.951130881812531
19 0.938921470406274
20 0.988790185392342
21 0.961700847934532
22 0.944487403996061
23 0.989915783335241
24 0.949515209204896
25 0.969953923886944
26 0.965891747474335
27 0.979058893054367
28 0.954933225939653
29 0.969234464155532
30 0.960132732350312
31 0.957626976795104
32 0.951626138475526
33 0.968554339220351
34 0.961714157760752
35 0.962488571935597
36 0.973913491539071
37 0.967696661352776
38 0.964735374905632
39 0.961601690290895
40 0.962265396935752
41 0.974536770202942
42 0.957255985515678
43 0.960360970476455
44 0.969262692755291
45 0.970075326460252
46 0.962437007159082
47 0.970917504374183
48 0.964095473417218
49 0.964967934622813
50 0.961240871381003
51 0.964662421530952
52 0.977023359253633
53 0.958791324451482
54 0.983545175456270
55 0.971129276865274
56 0.962279017405334
57 0.970107640322762
58 0.981554929430098
59 0.978859918109020
60 0.982142726171504
61 0.956762688002197
62 0.970141652288508
63 0.979771187376755
64 0.977784339954436
65 0.976142081908120
66 0.982335060763741
67 0.974697604315865
68 0.957802977528487
69 0.975774827079271
70 0.968487504373274
71 0.980909910401379
72 0.970211322410215
73 0.965902606015431
74 0.980647302146256
75 0.971085501199655
76 0.964145539821067
77 0.969421349998730
78 0.970560833336715
79 0.959624490131615
80 0.967171067125211
81 0.980788268894529
82 0.981576660839135
83 0.979382531993948
84 0.971953588297957
85 0.973650957672241
86 0.978630429366601
87 0.972223643468748
88 0.977621483794204
89 0.972924177760514
90 0.976271221861749
91 0.973627749146550
92 0.964252628151315
93 0.969133965334969
94 0.973283601164600
95 0.980013138293532
96 0.974845995331181
97 0.973071320151848
98 0.979162074138517
99 0.972359337377631
100 0.979932704942790
101 0.978788535250828
102 0.968118492905307
103 0.976429994785733
104 0.980989353140075
105 0.988134327976043
106 0.972313173031910
107 0.976324178921476
108 0.966320334649790
109 0.982262946544254
110 0.969513527553224
111 0.973673478370805
112 0.975431089253660
113 0.975318904585344
114 0.973596027374001
115 0.973036022817430
116 0.984955768294690
117 0.977991007832188
118 0.976890609808814
119 0.975827601018971
120 0.977399183355579
121 0.972814935661814
122 0.970530473253123
123 0.981345431283264
124 0.980562300615495
125 0.972388139507363
126 0.976990083431295
127 0.981003407247217
128 0.977515033728715
129 0.974709095762149
130 0.976623260636891
131 0.974066998950150
132 0.978620449792313
133 0.979817003522706
134 0.964825736555175
135 0.971825689826361
136 0.977236866899723
137 0.974002548655647
138 0.971916012758247
139 0.973242339282034
140 0.980045065666722
141 0.975436333546921
142 0.976329581658543
143 0.984043912199216
144 0.977229056647785
145 0.980601948611741
146 0.980134479464864
147 0.985845010885990
148 0.984824863287024
149 0.988648549792103
150 0.971520928640525
151 0.979753448667056
152 0.977816112402502
153 0.976901939175653
154 0.974334193104551
155 0.982074296608377
156 0.975774634280846
157 0.986809433860474
158 0.981408256693661
159 0.977772316366779
160 0.984957015336456
161 0.978404156062327
162 0.974770399394433
163 0.982809373214945
164 0.982734270952194
165 0.988150557194300
166 0.982663398463512
167 0.981995146954530
168 0.974063104885922
169 0.968520454061491
170 0.975709470256103
171 0.975067334085371
172 0.970905411003274
173 0.970960347588663
174 0.979104053622442
175 0.981147544305554
176 0.979867553889792
177 0.984583463347828
178 0.979439759427837
179 0.977601720387844
180 0.982571993742043
181 0.973864718188980
182 0.975185300169879
183 0.985514868295784
184 0.979478778176470
185 0.976245100025042
186 0.983453769135614
187 0.979836840553513
188 0.977943677141644
189 0.981431943236067
190 0.977328656376728
191 0.984366722207203
192 0.982112485326038
193 0.976495609958863
194 0.974390343802178
195 0.981796738007800
196 0.977171885774133
197 0.972771475798653
198 0.988188554588790
199 0.982330493683107
200 0.981917390944113
201 0.972190959634784
202 0.982502989375715
203 0.981990183386496
204 0.979027048542853
205 0.973653083544984
206 0.978882280741757
207 0.980353792906242
208 0.984341396429476
209 0.979979462836034
210 0.980384442396783
211 0.977604257635342
212 0.975217064688981
213 0.974191310602014
214 0.982318123412367
215 0.980988941154209
216 0.975575785143497
217 0.973319384227381
218 0.979089507758744
219 0.975048048060098
220 0.977507300172137
221 0.981736544768803
222 0.981236325931363
223 0.981979713048534
224 0.977794805757372
225 0.975287263999677
226 0.977050504082218
227 0.983891001336520
228 0.981150573227063
229 0.990480784080596
230 0.980535925019761
231 0.977841588645171
232 0.981092410858571
233 0.981704985096690
234 0.983879348470351
235 0.979374947297981
236 0.982491074286362
237 0.989844295607849
238 0.977644940281268
239 0.985244125861734
240 0.978432600242692
241 0.977083910920516
242 0.981558217675815
243 0.978465664381405
244 0.973791491607758
245 0.978166411501441
246 0.985633984452879
247 0.976578213779300
248 0.974588574474935
249 0.976711563660846
250 0.980690545620672
251 0.979968521813423
252 0.978756076516501
253 0.977951713737779
254 0.980648941211459
255 0.852379469862913
