0 4046.846111816406392
1 0.487846366332426
2 0.725633411370049
3 0.776528214562993
4 0.826278318886538
5 0.888230957073542
6 0.879787714738527
7 0.908930106122102
8 0.899592677187582
9 0.914278288734855
10 0.925218145334880
11 0.912908082302214
12 0.942877905366765
13 0.938777525200584
14 0.936177452687087
15 0.933435015924688
16 0.929903265312790
17 0.946070266179984
18 0.953758774998635
19 0.941469290949254
20 0.964413765143542
21 0.957929147001960
22 0.946770764826582
23 0.957599519553300
24 0.964135757756552
25 0.958998251402688
26 0.968513199706829
27 0.956866896633684
28 0.960565396799087
29 0.956375930171107
30 0.955789161290198
31 0.966034842282041
32 0.965162929699819
33 0.961143315345098
34 0.966851677229908
35 0.957183901557354
36 0.973176844984064
37 0.965745165170299
38 0.964750059175827
39 0.968215018757212
40 0.965519646514776
41 0.972356086041901
42 0.969491307981767
43 0.967671521459217
44 0.968135834339390
45 0.971892522309425
46 0.965892210621870
47 0.972618575260526
48 0.965482513201547
49 0.962051321358592
50 0.967941012195757
51 0.971311256054606
52 0.971836879592806
53 0.965838622548688
54 0.973929099232078
55 0.971443710497865
56 0.967119637184602
57 0.971692106055878
58 0.971547585454232
59 0.974095513064915
60 0.981002815427692
61 0.967478272314914
62 0.967786096749157
63 0.973810488719240
64 0.969097560982962
65 0.974201637182518
66 0.970584594847252
67 0.972805577517367
68 0.966956727334972
69 0.972334773514169
70 0.967213046331614
71 0.976813301384503
72 0.973612124734466
73 0.974657343660839
74 0.973720738883858
75 0.973003772724139
76 0.972337595385101
77 0.974357567269431
78 0.971664582378242
79 0.970385982853289
80 0.973564875540956
81 0.975751969466686
82 0.976258066584262
83 0.978958631356024
84 0.972002684255420
85 0.978185252974860
86 0.977397589113293
87 0.976260021952731
88 0.978209476622748
89 0.974637843049228
90 0.975026935013777
91 0.973773858533836
92 0.970582524928395
93 0.977765287421898
94 0.976755614144399
95 0.977208600563760
96 0.980269305857071
97 0.976167396229903
98 0.974242194453383
99 0.975524331540609
100 0.977178006055417
101 0.975772089471645
102 0.975690407159645
103 0.975299949321844
104 0.971710082539112
105 0.978894764658809
106 0.981250599990017
107 0.976366011299903
108 0.972086511608967
109 0.976816978860301
110 0.973723133398232
111 0.974810637858485
112 0.978817042045033
113 0.977870051203061
114 0.976681912706710
115 0.976054569962867
116 0.977655473267923
117 0.977049307017238
118 0.976017806769292
119 0.976447887309109
120 0.976163114709655
121 0.977620384513818
122 0.978229020495610
123 0.981180688441207
124 0.977993084884120
125 0.976334208513798
126 0.978135321220371
127 0.978459031773297
128 0.975681618690058
129 0.975095269698374
130 0.978236315939011
131 0.974186184335646
132 0.980360006941110
133 0.977551815665772
134 0.975595129743728
135 0.978749927697680
136 0.979943572999152
137 0.976449689144090
138 0.981523968400473
139 0.975907605476226
140 0.980802502610481
141 0.977165960504218
142 0.977457706592992
143 0.979391091474562
144 0.978801738078820
145 0.977480305873485
146 0.978377807490902
147 0.981433294814256
148 0.980623841005188
149 0.979522326731961
150 0.979137654697045
151 0.977369095988537
152 0.977332240389691
153 0.979945675991218
154 0.978058338615884
155 0.980059177377406
156 0.977170593405633
157 0.977432084288507
158 0.979545494521271
159 0.977824012444373
160 0.979476783896787
161 0.978641954026260
162 0.977291602330789
163 0.976541527940573
164 0.975955486502911
165 0.980973586561127
166 0.980396213214770
167 0.979690384406022
168 0.978354256940385
169 0.976660243637679
170 0.979389119907492
171 0.978340130827820
172 0.978419605022223
173 0.978229970161566
174 0.978255310687093
175 0.982638105247090
176 0.978358236709123
177 0.981050012529433
178 0.979197213143628
179 0.980146784492158
180 0.981584452348475
181 0.977718709475672
182 0.978200427979228
183 0.979477275447570
184 0.979397713802442
185 0.977104488780957
186 0.981771382871427
187 0.981994465280187
188 0.977814920156912
189 0.976717910687434
190 0.981990556990438
191 0.981880008988232
192 0.979338654020036
193 0.978319763870353
194 0.977910617884678
195 0.980221069155700
196 0.976859682700050
197 0.975857583655395
198 0.980669289459387
199 0.979492988921779
200 0.978380778884058
201 0.977712292571974
202 0.983005346718137
203 0.980755686080098
204 0.977503603513746
205 0.978758702270700
206 0.980887707286458
207 0.978995081466976
208 0.981535898864964
209 0.981670617884251
210 0.981607142322796
211 0.978249293811262
212 0.979128080761137
213 0.973891350313436
214 0.981970033884528
215 0.981714332608194
216 0.977178191400157
217 0.975570700111879
218 0.979016507262901
219 0.977092408490223
220 0.979609776443283
221 0.980851221556131
222 0.980414084147069
223 0.978002483765136
224 0.978920259877323
225 0.979975201354209
226 0.980825359431636
227 0.981901247325440
228 0.981743414006054
229 0.978958872665301
230 0.977722593267622
231 0.978132286410601
232 0.980844926711562
233 0.977578431544062
234 0.981800648100685
235 0.978561039444257
236 0.979323310933120
237 0.980200109432528
238 0.978356212819236
239 0.978474297544890
240 0.979208706322240
241 0.980410929956281
242 0.978091015054254
243 0.980636261117143
244 0.978020551635856
245 0.978801560935384
246 0.981638452436336
247 0.977628101588492
248 0.981459147585814
249 0.977652112061764
250 0.976882122099298
251 0.981116299617226
252 0.981720784629810
253 0.980132011863635
254 0.980943013199782
255 0.850770649962447
