0 4050.129150390625000
1 0.491802063595969
2 0.470447380444966
3 0.417896453756839
4 0.426042689941823
5 0.697037730994634
6 0.550669871231852
7 0.545175252865496
8 0.591033997230365
9 0.992968253392194
10 1.179159879383138
11 0.951846623989695
12 0.727069636230590
13 0.756483442806791
14 0.783573423256795
15 0.977367270243121
16 0.882222591812024
17 0.678290717519523
18 0.999716069906329
19 1.084822858609550
20 0.954249650277498
21 1.053026106108316
22 0.777957711361951
23 0.941311533478854
24 1.224522115706350
25 1.141136226917817
26 0.865398145788039
27 0.987233205781305
28 0.945018533417689
29 0.842138066413706
30 0.912727788685167
31 0.983429203664015
32 1.082467345454497
33 0.889999563485617
34 0.930338740733803
35 0.974022635571181
36 0.920514122907129
37 0.993751148542128
38 0.875651145317534
39 0.892262074104961
40 1.013109460141573
41 0.884000889309819
42 0.889905131598811
43 0.957092763063782
44 1.074574372832169
45 0.899937415520767
46 0.914019338405892
47 0.910711361857590
48 1.099825095856944
49 0.992846577134179
50 0.985162103141409
51 1.071643923510495
52 0.993729515360871
53 0.834506890055711
54 0.871257291996081
55 1.053245700846248
56 0.898865396074333
57 1.041122174858659
58 0.931582108599896
59 0.867997784060287
60 0.921121901246881
61 0.930229902809684
62 0.810921878808140
63 1.090798936345382
64 0.831129188522890
65 0.991522256875652
66 0.928998420215212
67 0.991103699793248
68 1.106705600981996
69 0.927519732029535
70 1.081096542352238
71 0.892205091248262
72 0.954438505458044
73 0.944976239113924
74 0.957418096376230
75 0.959102068307708
76 0.922296997033603
77 0.873067334730407
78 0.989021882308430
79 0.831580303693866
80 0.872657899093778
81 0.960661121249199
82 0.936228891711251
83 0.964780588365795
84 1.039568599464664
85 1.055349828697483
86 1.002261918380528
87 1.022440236893591
88 0.974972417026239
89 1.002322612597297
90 0.953537376480687
91 0.984128469176969
92 0.956223909581152
93 1.127087668977815
94 0.936937762970430
95 1.000330672150173
96 0.950163784108978
97 0.881352424610530
98 0.974561923789703
99 0.952957399495695
100 0.793214262140330
101 0.973767991602373
102 0.883356553791250
103 0.957877491953043
104 0.983430275042511
105 1.028611482974642
106 1.079897148913340
107 0.987709581788555
108 0.888138820713173
109 1.038515080957897
110 0.934365691488533
111 0.942406509352602
112 0.955575009101719
113 0.984705291178062
114 0.947600432186856
115 1.065418366770286
116 1.052307575745651
117 1.007531452338140
118 0.991008946238621
119 0.953433865522375
120 0.989600923950654
121 1.001459488562313
122 0.954528733222897
123 0.907720678198847
124 1.014339853066361
125 0.999486940945680
126 1.032459905851206
127 0.994263851767470
128 0.932748544778114
129 0.963506465513013
130 0.973025093615676
131 1.061165317667402
132 0.974671554854905
133 0.971332101192865
134 0.933546760825557
135 1.004482583761803
136 0.991948506388509
137 0.968072712828337
138 1.008478310694584
139 0.924786500621285
140 1.017211684328925
141 1.028215049904982
142 0.986501391154369
143 0.965432748857937
144 1.005008077614707
145 1.010550737408966
146 0.953616671719576
147 1.018527400038070
148 1.000299393964766
149 0.999499814822861
150 1.028309509787612
151 1.000205405280323
152 0.925032231552249
153 0.995247093572101
154 0.960044575979380
155 1.030216666664152
156 0.952593638320963
157 1.052267675246021
158 0.960021181066259
159 0.965972542841453
160 1.090895326666286
161 1.062601479410660
162 0.970156912835023
163 1.000758558691558
164 0.978586050660837
165 1.096614156373417
166 0.923557342619258
167 1.001263651489969
168 0.990892631395127
169 0.958658438455058
170 0.973974391532851
171 0.916307775086467
172 0.962276096485294
173 0.970694579698293
174 1.040330216939463
175 1.047869470298044
176 1.023094713282956
177 0.968575101663503
178 0.963768974900530
179 0.992743966349607
180 1.043912265365183
181 0.964076271221218
182 0.982933038299513
183 0.971829204422839
184 0.997293977761507
185 0.902834119538106
186 0.908319961562132
187 0.961500211093730
188 0.938597337910336
189 0.954637363415103
190 0.905069460283696
191 0.966377542892161
192 0.914260778835496
193 0.974670025288041
194 0.997709520460561
195 1.011254952352106
196 0.993646700140557
197 0.938130706876822
198 1.043991540939250
199 0.903226124534067
200 1.015902223888218
201 0.946558272582985
202 0.923894963735497
203 0.996345513066368
204 0.968759300594041
205 0.881229106782385
206 0.973511226944216
207 1.008697082239997
208 0.990919705746228
209 0.919259407855370
210 1.022506402733864
211 0.956664539151445
212 0.988294522461914
213 1.046339268562969
214 0.964800679236716
215 0.956983088657613
216 0.934638763255220
217 1.008932316273743
218 1.055399810002120
219 0.953200363516897
220 1.002031043407573
221 0.956497172103197
222 0.936872716206146
223 1.026003437795860
224 0.953214689450242
225 0.927369407935655
226 0.930299996509654
227 1.022628337318817
228 0.978078154446467
229 0.972579035452128
230 0.936584654021343
231 1.023512871648119
232 0.984881523854199
233 0.987762360677943
234 0.929971216307927
235 0.889477142637016
236 1.030406564601573
237 0.991211673222968
238 0.960890635001388
239 1.001118053303344
240 0.981941220983174
241 0.999372271263438
242 1.021064847132064
243 1.031991512902779
244 0.989865368020828
245 1.029742771402268
246 1.008416723460734
247 1.000185095463195
248 1.014446945715463
249 0.966897220888330
250 1.033225107048922
251 0.943252978257951
252 0.960238905146105
253 0.948065284717402
254 1.018996579797681
255 0.600638067867193
