0 16382.791999999999462
1 0.004109775016395
2 0.004184338657379
3 0.007480716658561
4 0.016583817669330
5 0.012194660339767
6 0.016342185331896
7 0.009793322298489
8 0.018388106213113
9 0.014946656759578
10 0.012135294315520
11 0.014430776381615
12 0.013483518867924
13 0.024026585311623
14 0.020386338111637
15 0.017999835193926
16 0.018927991521813
17 0.018801403291874
18 0.014065110739225
19 0.019059942672017
20 0.022033033311868
21 0.026573547029768
22 0.020648027146815
23 0.022507401119764
24 0.020596019758124
25 0.024962346471481
26 0.019873381679668
27 0.022915754563941
28 0.025941278186690
29 0.033514299213816
30 0.027347036647454
31 0.028707606436029
32 0.032101551891798
33 0.031819054523935
34 0.041055261505716
35 0.034355367725577
36 0.040979904773983
37 0.029510542746306
38 0.038760258807570
39 0.036148804514415
40 0.033913004098829
41 0.042142633072690
42 0.043850740687382
43 0.037250020776810
44 0.040182170991830
45 0.050387647583616
46 0.040678859362702
47 0.047966460237469
48 0.043640802511689
49 0.051498949599200
50 0.052520593275615
51 0.055041278760299
52 0.042475010304319
53 0.048499490209125
54 0.052401789726733
55 0.059089164616136
56 0.048807769753187
57 0.061564785104994
58 0.054482033674852
59 0.064001774592856
60 0.059915667840817
61 0.063792647958247
62 0.069676452510398
63 0.070945927218551
64 0.074231696623443
65 0.065704293850901
66 0.081111017020737
67 0.072839246975717
68 0.073352152511403
69 0.073789535919257
70 0.093486732194831
71 0.085976597654971
72 0.091831361934482
73 0.084741832479458
74 0.100980165241026
75 0.100468030645118
76 0.107265517296039
77 0.101493339196874
78 0.118849323277463
79 0.120348879431940
80 0.094172374959955
81 0.119989801361118
82 0.127607349350560
83 0.140222218576796
84 0.137560720080797
85 0.150785711665629
86 0.138571911163808
87 0.148881015216966
88 0.153718214690691
89 0.166354962064714
90 0.183274729252268
91 0.236893141058087
92 0.195027303071963
93 0.180760605009490
94 0.208772758148386
95 0.221655204927201
96 0.232076667642275
97 0.237131382432905
98 0.287820418530724
99 0.266059880601833
100 0.273524049482257
101 0.272651144988142
102 0.261084528252083
103 0.313827743677946
104 0.371356142351473
105 0.313412423696719
106 0.355307325194827
107 0.385229815613782
108 0.415561744339075
109 0.384312460536971
110 0.457393183544777
111 0.515038361286303
112 0.512701229653977
113 0.611243737036239
114 0.581476010043319
115 0.677789966749458
116 0.702019009972846
117 0.786330981393888
118 0.711118486498087
119 0.991234371455145
120 0.840906153249398
121 1.042969615847996
122 0.927731622542093
123 1.215166314717052
124 1.223240049944558
125 1.449695589653446
126 1.518474000381596
127 1.615636508947243
128 1.777984536401558
129 1.753065927041360
130 1.746982302373298
131 1.954417633228140
132 2.513641411735989
133 2.479401150846249
134 2.539396222419350
135 2.372991926636139
136 2.763758258542673
137 3.155783237774217
138 3.194851153311436
139 2.776965436662289
140 3.667461087820264
141 3.146475975298847
142 3.159207404431974
143 2.916488423041126
144 3.520391838420792
145 3.038162702266719
146 2.330675887210670
147 2.571581590615919
148 2.407466176903011
149 2.187080842433879
150 1.863177325927964
151 1.713258329571198
152 1.718168546610990
153 1.820076016970974
154 1.506787565309653
155 1.507515562618808
156 1.181357885958447
157 1.212077934289355
158 1.132468796308521
159 1.038633305702370
160 1.047990384938037
161 0.972369654206806
162 0.928120294532534
163 0.819674585048283
164 0.828946327760260
165 0.769469485053718
166 0.745679050964853
167 0.711177051514802
168 0.719206028643258
169 0.681060374081047
170 0.674606337039296
171 0.570852160835970
172 0.591385036598122
173 0.664952378584209
174 0.653799563224523
175 0.650915315007255
176 0.604720612757925
177 0.605172752734457
178 0.590840275307270
179 0.574522947627535
180 0.524160606339332
181 0.605009503652277
182 0.546456995519484
183 0.599354923156649
184 0.502724549831966
185 0.541741165628143
186 0.578619130550110
187 0.586425271525253
188 0.539888882506694
189 0.583325409340682
190 0.527797912892467
191 0.570513555511387
192 0.504067321258156
193 0.517845040341712
194 0.523319371855986
195 0.572269816588991
196 0.554804972929414
197 0.533951217484259
198 0.570841134158942
199 0.496952293224615
200 0.539532799427581
201 0.525221607241149
202 0.607704495611835
203 0.563205968678945
204 0.558073382956643
205 0.519829422436729
206 0.560926191540493
207 0.616230832615148
208 0.585177797722980
209 0.606271295582176
210 0.587574628410187
211 0.647605191104223
212 0.576999872454500
213 0.600292153861994
214 0.611100505978239
215 0.644766144682790
216 0.612121367906475
217 0.671684601389102
218 0.623343831278311
219 0.685899238485957
220 0.643094663905330
221 0.610654217623938
222 0.728886058024814
223 0.765285894331794
224 0.741430293771128
225 0.690120252264115
226 0.712564657721317
227 0.749669053373485
228 0.748401394120219
229 0.716223650575516
230 0.749140707285509
231 0.837215422631101
232 0.910968215779015
233 0.799346271947013
234 0.841831463268563
235 0.902048947807165
236 1.022833432104844
237 0.921247923944276
238 0.971164083570093
239 0.958486737086378
240 1.068116280174368
241 0.997770379975512
242 1.038066505318234
243 1.134141522898071
244 1.154720282161404
245 1.142761143117127
246 1.059046832247417
247 1.232190919941917
248 1.173315687016045
249 1.142980817705575
250 1.199412998901420
251 1.360734870974149
252 1.227442949167523
253 1.359728823221427
254 1.241781386718781
255 0.934738296399855
