0 16382.605999999999767
1 0.004018136264862
2 0.004110485521544
3 0.007580006259864
4 0.016589945107856
5 0.012201045485289
6 0.016201598102931
7 0.009726799276538
8 0.018292995310553
9 0.015048342420236
10 0.012098175765775
11 0.014412028800042
12 0.013571628745146
13 0.023804009484561
14 0.020513230150652
15 0.018027004798008
16 0.018943980701054
17 0.018873549576466
18 0.014053692103735
19 0.019174877468663
20 0.022087436458854
21 0.026446455319479
22 0.020879168754472
23 0.022649111671990
24 0.020801627307303
25 0.024839650510066
26 0.019830061418430
27 0.022854853577179
28 0.026000590279881
29 0.033064855430398
30 0.027403496709737
31 0.028913849101440
32 0.032215134514975
33 0.031901671578794
34 0.040853764501972
35 0.034346826144661
36 0.040793984228852
37 0.029580290654455
38 0.038938618687727
39 0.036181543462422
40 0.034098431651365
41 0.042143631051951
42 0.043993529880941
43 0.037485261651832
44 0.040182122050898
45 0.050452979033800
46 0.040961088725424
47 0.048356120382233
48 0.043657781421821
49 0.051610910290563
50 0.052415880532509
51 0.054939703844636
52 0.042539632427730
53 0.048485287196538
54 0.052411422509129
55 0.059098768720979
56 0.048812550256021
57 0.061412348193930
58 0.054746206679938
59 0.063840911324643
60 0.060197387954267
61 0.063709955115705
62 0.069632507600611
63 0.070852281217563
64 0.074054825481501
65 0.065768217597751
66 0.081227109838101
67 0.072998183620380
68 0.073551629879155
69 0.073984786202193
70 0.093589614263997
71 0.085807980238055
72 0.092019954356454
73 0.084675299266085
74 0.101100660565886
75 0.100580399883944
76 0.106981607577343
77 0.101506767772539
78 0.118450077537484
79 0.120509354884435
80 0.094277286958636
81 0.119858748138564
82 0.126907963645701
83 0.140137328694218
84 0.137415202688694
85 0.150631021040083
86 0.138988288488672
87 0.148818712560197
88 0.153501841734675
89 0.165916897366645
90 0.183420043696861
91 0.237143644539808
92 0.195432981955147
93 0.180563183370041
94 0.209103867708182
95 0.222017629203129
96 0.231842314802296
97 0.237715123392507
98 0.287815335450693
99 0.266424192011639
100 0.273470062506403
101 0.274047979392373
102 0.261634925595819
103 0.314052005775481
104 0.371087468367328
105 0.315393338015331
106 0.356043290857865
107 0.384468393861722
108 0.413698470619583
109 0.384066271713287
110 0.456121209313015
111 0.514353781433267
112 0.513017455474711
113 0.608765666579384
114 0.581773344775244
115 0.677076441757575
116 0.703625175369795
117 0.785992785869512
118 0.711951063070917
119 0.993215681545120
120 0.839556186597200
121 1.042845560468453
122 0.927562834030694
123 1.214017852233798
124 1.223845448781417
125 1.450377668559766
126 1.516981251798036
127 1.614687595370474
128 1.778717135878528
129 1.748428275333981
130 1.747740110169295
131 1.952014476006807
132 2.510047512762334
133 2.484139700115073
134 2.542305591778794
135 2.372937283599847
136 2.759864182391885
137 3.153845894408085
138 3.189191221275732
139 2.779092581707716
140 3.667803792406776
141 3.147602377350607
142 3.160903048409959
143 2.921701671036844
144 3.528115649171017
145 3.030581196225498
146 2.334771938549626
147 2.571164110184708
148 2.406889218325202
149 2.183113423047903
150 1.863356132809606
151 1.712007614481076
152 1.714380520650618
153 1.825728897611244
154 1.508129269844310
155 1.511644834585331
156 1.184285288626302
157 1.210478076284188
158 1.130796322898356
159 1.038606610430468
160 1.047562271299485
161 0.971849179650352
162 0.930125469582832
163 0.820810656897634
164 0.830974148399579
165 0.771490160666632
166 0.744474242876209
167 0.709567945807259
168 0.719018411496478
169 0.681100501950811
170 0.674210589357097
171 0.572719241394799
172 0.592668858825336
173 0.665753832143877
174 0.651828351862857
175 0.649571929144040
176 0.603851999061046
177 0.605549027402602
178 0.590775214963813
179 0.575494304263137
180 0.525129333589315
181 0.602004501347428
182 0.546807053127494
183 0.598254380042612
184 0.503356439761908
185 0.541366271608238
186 0.577814453957866
187 0.587513193357217
188 0.539115863529993
189 0.584220760719737
190 0.527291268385157
191 0.571269714392197
192 0.504174246164795
193 0.518465910265506
194 0.523604489797916
195 0.571303804296216
196 0.554720132071055
197 0.533141848634873
198 0.571283879604541
199 0.495794778617141
200 0.538920803166947
201 0.523777608497417
202 0.607067222528401
203 0.562707182873902
204 0.557557985187207
205 0.520147425973063
206 0.561339257351037
207 0.616447330927745
208 0.584734412746911
209 0.606083797987930
210 0.586867211281660
211 0.648202588394559
212 0.578666177618529
213 0.600820525424025
214 0.610828021318460
215 0.644657958234326
216 0.613281862518300
217 0.672378472664267
218 0.623224010806812
219 0.686024771008417
220 0.642863918173420
221 0.610204539583483
222 0.727986994504144
223 0.763377268261481
224 0.740254105279605
225 0.690177259850510
226 0.712983724954049
227 0.749700510074811
228 0.748645851717075
229 0.714273746769709
230 0.750115821366452
231 0.838146115878066
232 0.913271456016447
233 0.799498177016476
234 0.841948275055336
235 0.901192423704011
236 1.019780845961070
237 0.921746281190140
238 0.970570962520981
239 0.957777776793208
240 1.069633239382652
241 0.998101938369477
242 1.039295176145604
243 1.134973510102588
244 1.154337978548052
245 1.142409682566969
246 1.060933094531892
247 1.229982979086858
248 1.173943474753908
249 1.143186211252804
250 1.196852126748948
251 1.359831659117587
252 1.226166215298582
253 1.360335631641271
254 1.243178411447173
255 0.925397988729012
