0 16382.631666666666206
1 0.004055363755439
2 0.004145916688081
3 0.007507212190113
4 0.016534053425626
5 0.012170304494174
6 0.016308564407778
7 0.009759093770298
8 0.018355109082656
9 0.014962764398724
10 0.012125393781460
11 0.014476480810833
12 0.013563448324060
13 0.023907016692961
14 0.020475290485311
15 0.018015429174238
16 0.018950613584057
17 0.018846858998721
18 0.014071851985597
19 0.019084208879027
20 0.022099091077501
21 0.026503753453559
22 0.020743211832743
23 0.022485138474047
24 0.020681984531319
25 0.024916889881377
26 0.019858246090873
27 0.022968319650226
28 0.025994100322450
29 0.033286533471024
30 0.027409103135154
31 0.028835242264850
32 0.032090273613913
33 0.031957403071270
34 0.040942177955171
35 0.034228517985388
36 0.041009153425959
37 0.029575005703932
38 0.038788200659082
39 0.036149449289791
40 0.033963679748673
41 0.042051253965656
42 0.043802711709271
43 0.037390775332216
44 0.040255323658715
45 0.050572701689485
46 0.040763858692910
47 0.048021173408512
48 0.043654874669971
49 0.051527529858919
50 0.052467308096964
51 0.054927389630435
52 0.042614962368107
53 0.048568218833476
54 0.052440143129104
55 0.059129725102933
56 0.048793673356183
57 0.061664991592216
58 0.054522557321290
59 0.063847834596395
60 0.060058691731205
61 0.063960951119072
62 0.069652839550053
63 0.070928046775692
64 0.074156335944375
65 0.065900644723930
66 0.081166273960586
67 0.072743566033325
68 0.073520087748291
69 0.073863365515162
70 0.093598295379557
71 0.085990608227233
72 0.091960251676928
73 0.084742052517675
74 0.100946551747885
75 0.100358334229958
76 0.106978053877907
77 0.101670789171327
78 0.118795640500065
79 0.120299817152747
80 0.094351341091446
81 0.119951891173923
82 0.127362828808393
83 0.140171210739423
84 0.137147902291713
85 0.150911518481975
86 0.138512094035220
87 0.148597105679486
88 0.153411718981387
89 0.165880386168108
90 0.182909300431285
91 0.236652051241986
92 0.195480896961591
93 0.180434478022533
94 0.208776191930104
95 0.221954711163275
96 0.231634561685997
97 0.238143431263922
98 0.288524821823657
99 0.266033789640568
100 0.273414235981973
101 0.273667483922158
102 0.261318743619250
103 0.313926168800897
104 0.371306093642777
105 0.314504030255842
106 0.355847986992422
107 0.384366503761767
108 0.414662832398932
109 0.384104820022949
110 0.456376514104106
111 0.514612692402848
112 0.513236436318290
113 0.611324217914529
114 0.581927210359919
115 0.677313220476286
116 0.702062738368755
117 0.785992410886077
118 0.711861530745253
119 0.990901866843320
120 0.840612419764355
121 1.042640378108871
122 0.928401601741800
123 1.213402265761318
124 1.221979827073319
125 1.451593656530801
126 1.518720992063237
127 1.614894285194480
128 1.775299214050395
129 1.753575520701943
130 1.751065612142354
131 1.955361629789677
132 2.510795666512950
133 2.482504946090835
134 2.542774230113510
135 2.373545672701238
136 2.760743067737178
137 3.154537540206264
138 3.191457616617090
139 2.779660197027238
140 3.670749094443637
141 3.148591188316680
142 3.157875324161557
143 2.916242336093155
144 3.525347759474451
145 3.031493359003064
146 2.334357178600834
147 2.568762425781520
148 2.404717726613370
149 2.183395185451837
150 1.864933983531484
151 1.711859806751707
152 1.715227847475335
153 1.822268669689905
154 1.506388140411499
155 1.507919091515674
156 1.182799624017388
157 1.211372510277675
158 1.132668443008833
159 1.039974633327996
160 1.046978831856212
161 0.971401098644996
162 0.928396322965262
163 0.820027391283256
164 0.830573520352203
165 0.769786612620036
166 0.746226583705470
167 0.711478857552020
168 0.719087787848634
169 0.681544129896810
170 0.674764009446098
171 0.571713445266520
172 0.591054516367584
173 0.664853037776137
174 0.653523639498287
175 0.651271466380229
176 0.604980280915218
177 0.606065798107727
178 0.590523226956521
179 0.575498552278371
180 0.524420115190529
181 0.603466676423475
182 0.545797815303521
183 0.598019220756150
184 0.502968172755920
185 0.541233212869183
186 0.578044965589328
187 0.586602245567023
188 0.539327964673035
189 0.583511087071391
190 0.527933143384886
191 0.571454443213350
192 0.504004311516604
193 0.518514575985797
194 0.523754094736977
195 0.571826176265859
196 0.554890661732463
197 0.533601435180292
198 0.571200250931176
199 0.496792880763057
200 0.539322249268970
201 0.524826104091020
202 0.607301994850671
203 0.563542170012561
204 0.558135865913910
205 0.519597783591262
206 0.561278363579458
207 0.616195150288251
208 0.585225090605113
209 0.605733246635975
210 0.587317887339593
211 0.648094924606141
212 0.578235618560941
213 0.600851922581858
214 0.611102287721936
215 0.644676099946388
216 0.612647315774933
217 0.671245844729725
218 0.624010837220734
219 0.685977245579956
220 0.642827531272151
221 0.609646254095321
222 0.728918534997479
223 0.764451834250478
224 0.741448782279830
225 0.690231382265399
226 0.712667913663642
227 0.749916185988981
228 0.748936250775110
229 0.716801427486351
230 0.750811690933310
231 0.837874726521515
232 0.911284365137458
233 0.800585481551636
234 0.841918582999670
235 0.901679285581882
236 1.021262727386546
237 0.920896325849924
238 0.971674471750068
239 0.958469957561616
240 1.068522113166497
241 0.998348437252295
242 1.038438228447936
243 1.133982698901023
244 1.153804861914164
245 1.142692090052342
246 1.059585846811612
247 1.231132724502263
248 1.172699855340166
249 1.143520539088307
250 1.196976201984793
251 1.360893112673251
252 1.227750483147158
253 1.360376983028180
254 1.242273638710335
255 0.927151818669721
