0 16382.681249999999636
1 0.004090443256871
2 0.004172453336690
3 0.007535880414796
4 0.016518477349172
5 0.012244856400503
6 0.016247914462496
7 0.009697755816897
8 0.018358855624735
9 0.014970518147885
10 0.012121793518697
11 0.014425898792532
12 0.013572789954317
13 0.023820059969573
14 0.020497125104973
15 0.017988802594631
16 0.018944558270719
17 0.018946058774830
18 0.014057727484050
19 0.019169335602963
20 0.022029542673014
21 0.026465529265085
22 0.020757249694828
23 0.022555796838261
24 0.020813251577486
25 0.024846319274674
26 0.019943284234669
27 0.022866581541605
28 0.026081439119531
29 0.033119173966737
30 0.027413539620488
31 0.028905967962531
32 0.032215037227986
33 0.031931909674925
34 0.040827278785386
35 0.034229681298007
36 0.040870461625382
37 0.029654426642947
38 0.038842624019687
39 0.036171652144213
40 0.034012992521442
41 0.042144793079557
42 0.043948344884124
43 0.037430554457514
44 0.040249115822621
45 0.050493960778400
46 0.040944527066776
47 0.048194392506452
48 0.043729008740578
49 0.051659384222931
50 0.052395454414286
51 0.054968205741072
52 0.042464850850298
53 0.048487640499537
54 0.052417801079253
55 0.059120984131354
56 0.048764866374259
57 0.061576491092246
58 0.054666913389521
59 0.063785860940669
60 0.060107038907073
61 0.063671449476401
62 0.069708879870310
63 0.070849130116791
64 0.074048107847312
65 0.065948207821624
66 0.081248450321264
67 0.072867925844697
68 0.073448041483229
69 0.074010119998428
70 0.093808725330985
71 0.086038448592071
72 0.091919221356821
73 0.084611988670457
74 0.100987201106305
75 0.100456307744125
76 0.106931035946775
77 0.101570079593091
78 0.118684880034567
79 0.120540942214692
80 0.094258218746680
81 0.119914872396612
82 0.127162392150437
83 0.140177264872922
84 0.137294410063955
85 0.150653689150178
86 0.138881582253895
87 0.148641287757430
88 0.153527770179518
89 0.165827516031395
90 0.183147994684061
91 0.237018210695864
92 0.195205188430713
93 0.180366635524432
94 0.209081515553872
95 0.222185119989410
96 0.231838605090570
97 0.237604087090803
98 0.288342572061650
99 0.266479677266205
100 0.273114660776458
101 0.273789493352716
102 0.261828804916531
103 0.313994181158543
104 0.371588398373003
105 0.315187771106375
106 0.355871422325128
107 0.384713272184552
108 0.413139903784315
109 0.384007837557281
110 0.455966767551392
111 0.514497548115832
112 0.513251765937077
113 0.609665942766434
114 0.582415921241678
115 0.676708176184311
116 0.703685124288790
117 0.785645274055012
118 0.712073910328145
119 0.991825058593158
120 0.839528103963674
121 1.043011398495352
122 0.927638351714118
123 1.213027860919741
124 1.223105684289841
125 1.450589925848694
126 1.517919137748454
127 1.616054211753344
128 1.776280572728618
129 1.750623648245302
130 1.748676522515032
131 1.953606590798025
132 2.513218744870368
133 2.484810670927470
134 2.541213109304172
135 2.372267821436546
136 2.757766850339818
137 3.155484886532259
138 3.189673110766488
139 2.778755507609796
140 3.672758226357278
141 3.147480449439128
142 3.158678874190358
143 2.919423836106952
144 3.527067180395353
145 3.029801963047978
146 2.334937800395991
147 2.568908847384057
148 2.404125612593103
149 2.183800037636495
150 1.863554298864834
151 1.710692948580274
152 1.715408742192975
153 1.826434360181007
154 1.508237159839552
155 1.510108646210234
156 1.183877315784033
157 1.209652596990117
158 1.132949605117378
159 1.039277644769098
160 1.047364150913613
161 0.971978445548557
162 0.930254169990542
163 0.820443686071362
164 0.831476129646235
165 0.771258195395957
166 0.744692667985607
167 0.710467804656612
168 0.718796523618223
169 0.681285685759093
170 0.674541676518230
171 0.572146750687356
172 0.591836400930008
173 0.665316907502167
174 0.652710138245887
175 0.649927064791858
176 0.603713333375314
177 0.605608139448150
178 0.591261160228350
179 0.575140722471140
180 0.524746418218137
181 0.602809350733336
182 0.545819083253366
183 0.598062507381175
184 0.502531424992019
185 0.540743909311803
186 0.578516855026723
187 0.587294764708699
188 0.539391501090545
189 0.583769941807343
190 0.527359204832949
191 0.571506040228588
192 0.504043424696573
193 0.518449601776487
194 0.523975260864816
195 0.571137920421890
196 0.555140951218441
197 0.532886946159424
198 0.570479257950007
199 0.496103569588959
200 0.538941602416298
201 0.524139372015180
202 0.607347319870430
203 0.562605727418430
204 0.557466025837899
205 0.519672732553402
206 0.561813381971232
207 0.617201174569526
208 0.585390813430765
209 0.605793790746081
210 0.587081534447078
211 0.648170369317847
212 0.578766110898489
213 0.600667904873399
214 0.611137162572572
215 0.645035324720226
216 0.612890091153179
217 0.671789715623552
218 0.623385575218751
219 0.687214079219379
220 0.643048721520145
221 0.609715256545045
222 0.728266140531881
223 0.763810758925268
224 0.740191198915463
225 0.690320783328272
226 0.712144256668077
227 0.750171393158122
228 0.747930372350456
229 0.714938945005308
230 0.749989261447392
231 0.838250241761698
232 0.913059425254129
233 0.800116239317817
234 0.841059029456855
235 0.902566687261557
236 1.019303781322641
237 0.921904052909034
238 0.970520464638200
239 0.958633447632391
240 1.070407108323628
241 0.998271541052649
242 1.039122298376183
243 1.134561875045945
244 1.155141332544386
245 1.141631819255180
246 1.059647193962304
247 1.229819571391698
248 1.173927938837748
249 1.143024539983663
250 1.196527910567129
251 1.360574974834812
252 1.228527130173916
253 1.359406361393394
254 1.242792537316198
255 0.927116016748064
