0 16383.065000000000509
1 0.004098622887627
2 0.004234852042088
3 0.007437039139200
4 0.016735606068302
5 0.012300079820887
6 0.016376149629725
7 0.009854786593471
8 0.018407709041615
9 0.014940958765284
10 0.012179236002296
11 0.014481751195351
12 0.013440053632152
13 0.023966102791030
14 0.020329540043585
15 0.018004153812809
16 0.018918135396682
17 0.018885183008412
18 0.014045613456594
19 0.019052762173067
20 0.022083000116750
21 0.026631143210237
22 0.020576422674252
23 0.022561615868186
24 0.020635816840811
25 0.024966851597077
26 0.019989971708999
27 0.022875521336105
28 0.026030007897603
29 0.033533528416147
30 0.027377154514624
31 0.028785502557554
32 0.032136032482437
33 0.031752160222810
34 0.040972089284928
35 0.034395987148725
36 0.040827269864539
37 0.029549183589385
38 0.038837360069039
39 0.036243821508308
40 0.033917726881231
41 0.042076970700906
42 0.043833968136770
43 0.037321337688943
44 0.040151006559356
45 0.050414860290217
46 0.040645894282292
47 0.047832359390564
48 0.043595769311964
49 0.051545287494094
50 0.052533297691966
51 0.055135065042125
52 0.042274199267563
53 0.048601112812630
54 0.052324158525778
55 0.059083340677003
56 0.048707582890622
57 0.061433326364592
58 0.054332308858332
59 0.063961983484486
60 0.059916978394656
61 0.063804749891288
62 0.069621115133792
63 0.070989897220475
64 0.074428487094567
65 0.065764270621897
66 0.081166064131115
67 0.072846977352291
68 0.073521694013787
69 0.073837007604693
70 0.093656992025411
71 0.086206343130716
72 0.091628290221186
73 0.084720045010409
74 0.101164231061242
75 0.100276429532868
76 0.107148647302486
77 0.101374851919360
78 0.118615637355640
79 0.121111282200465
80 0.094122356649336
81 0.120138894556749
82 0.127509075235357
83 0.140422715053886
84 0.137404876921461
85 0.150656178630070
86 0.138272951430630
87 0.149238728139137
88 0.153671685276059
89 0.166301820556817
90 0.183312324594668
91 0.236692891602038
92 0.194964068248909
93 0.180888308845788
94 0.209110361136051
95 0.222194552120463
96 0.232119125034510
97 0.236941044188943
98 0.287688378964832
99 0.266024537247966
100 0.273187242398309
101 0.272568977398816
102 0.261102928303898
103 0.313623740485830
104 0.371209427047090
105 0.313302772784022
106 0.355023899330153
107 0.385318704821900
108 0.415271279151428
109 0.384212171525686
110 0.457659980005408
111 0.515231779190318
112 0.513713116356095
113 0.611102344712085
114 0.581542977908647
115 0.677893536706884
116 0.702502238295960
117 0.785398981612132
118 0.711255318311057
119 0.990647769852194
120 0.841297438879637
121 1.041819779148586
122 0.927514104168976
123 1.214711002940325
124 1.221906083874801
125 1.450138508345111
126 1.517596729790971
127 1.617871352084955
128 1.778567393971653
129 1.751708200711253
130 1.745666767882813
131 1.955497015240390
132 2.514723860654328
133 2.478799090322706
134 2.539859782365192
135 2.373458181177031
136 2.762725644397058
137 3.156564887258406
138 3.196367373956977
139 2.773397275522000
140 3.664377678258413
141 3.145908148929239
142 3.158657096660153
143 2.917126792070658
144 3.521470220951492
145 3.040321460287594
146 2.329801687472151
147 2.570581474329316
148 2.409918151588948
149 2.186324143929210
150 1.864453037007272
151 1.715729384920853
152 1.717566958848407
153 1.817455428340690
154 1.507544462634138
155 1.507538675597213
156 1.183001318822245
157 1.210722433397608
158 1.133504150321619
159 1.036883735078786
160 1.049050479277622
161 0.972108409130971
162 0.927979289984481
163 0.820808450484278
164 0.830488652982449
165 0.770308576897643
166 0.744627040932263
167 0.710709151389315
168 0.717424791377308
169 0.681015964438416
170 0.674699311060955
171 0.570874672289449
172 0.591414150510300
173 0.664995978466407
174 0.653520876786921
175 0.650781995449969
176 0.605011019318687
177 0.605792740450677
178 0.591041980155346
179 0.575084404452323
180 0.523254352478475
181 0.605233291905985
182 0.546557899243771
183 0.599013947214036
184 0.501845073833049
185 0.541265333161651
186 0.578761778005738
187 0.586766922132554
188 0.540498698280047
189 0.583477022623286
190 0.527609417062376
191 0.570289176674607
192 0.503686302935981
193 0.517496944019714
194 0.523874299085761
195 0.571524866453687
196 0.555069309683287
197 0.533745271291885
198 0.571183334554125
199 0.497861902101964
200 0.539793909331860
201 0.525855595132984
202 0.608113343191219
203 0.562386024051264
204 0.557458038060580
205 0.520257581781959
206 0.561693225762822
207 0.616570808249931
208 0.585179215616597
209 0.605401097189146
210 0.587133383724274
211 0.647013638838017
212 0.577776222333544
213 0.601335361144500
214 0.612000486924400
215 0.645257071886059
216 0.612020586185722
217 0.671369798753662
218 0.623231369495641
219 0.687418188707144
220 0.643326917188420
221 0.609645676105042
222 0.728922242177399
223 0.765054662431729
224 0.740819887113413
225 0.690745600776474
226 0.712124903931459
227 0.750561289098105
228 0.748513632241900
229 0.715208137021054
230 0.749906302193481
231 0.836541560879338
232 0.910889618372652
233 0.798965977374167
234 0.841118632375174
235 0.900876468532307
236 1.020987925930899
237 0.922141154227166
238 0.969196852765008
239 0.960125007782430
240 1.067319815859724
241 0.998341909529398
242 1.037080816513519
243 1.134639963836249
244 1.156013958610743
245 1.143479344726264
246 1.059402177200623
247 1.231700566953693
248 1.174360046274336
249 1.142157101676891
250 1.199143645448975
251 1.362762583910503
252 1.230393911967860
253 1.358936686525724
254 1.240690635565578
255 0.930944285371867
