0 16382.366666666666788
1 0.004031010815352
2 0.004131139590964
3 0.007530578992209
4 0.016515600679957
5 0.012265862644722
6 0.016234268535531
7 0.009730442464398
8 0.018328771973860
9 0.015051559063078
10 0.012122261237405
11 0.014405783589047
12 0.013554358546014
13 0.023830329379286
14 0.020539787150987
15 0.018021111788173
16 0.018958213110854
17 0.018909756798047
18 0.014085412490136
19 0.019186477960226
20 0.022090362037356
21 0.026376303881493
22 0.020834123937337
23 0.022620463008888
24 0.020795843694752
25 0.024865437007695
26 0.019926687951558
27 0.022880178285724
28 0.026082335449385
29 0.033087944732031
30 0.027382332917888
31 0.028871024253908
32 0.032249638307046
33 0.031885092085679
34 0.040812534069418
35 0.034291000451325
36 0.040797611712159
37 0.029618482680037
38 0.038877601579178
39 0.036198761806255
40 0.034045855248463
41 0.042104315618962
42 0.043985647291699
43 0.037476875605441
44 0.040237527535395
45 0.050512280331409
46 0.040986880568250
47 0.048299000224025
48 0.043701002641445
49 0.051685210381134
50 0.052449189866907
51 0.054994340930760
52 0.042483974119425
53 0.048481757421908
54 0.052415623104693
55 0.059138740870789
56 0.048794815376145
57 0.061473861532829
58 0.054678521234078
59 0.063788237282270
60 0.060126015242710
61 0.063552526040542
62 0.069684913506280
63 0.070930585621674
64 0.074030048635334
65 0.065810199246428
66 0.081300566279624
67 0.072936968317125
68 0.073428004020434
69 0.073938518679789
70 0.093595573864867
71 0.085817337546272
72 0.091923207920100
73 0.084530483486513
74 0.101040986136264
75 0.100523400349573
76 0.106963248420771
77 0.101505682716626
78 0.118372215155771
79 0.120608492278230
80 0.094283857228565
81 0.119907042613417
82 0.127097709743606
83 0.140139444059042
84 0.137314931319998
85 0.150651384837441
86 0.139016646999443
87 0.148816357719033
88 0.153486437427272
89 0.165621686704728
90 0.183098614074528
91 0.236829423586952
92 0.195096628541817
93 0.180365764248842
94 0.209055427636883
95 0.222321608126143
96 0.231828898105929
97 0.237659889878602
98 0.288046044257337
99 0.266836661752043
100 0.273089092014444
101 0.273886136578160
102 0.261700745564632
103 0.314043992853506
104 0.371446537139559
105 0.315496807331036
106 0.355807007550749
107 0.384647556645790
108 0.413496125617508
109 0.383850574339559
110 0.456131169754966
111 0.514836438096501
112 0.513329860787331
113 0.609089542222782
114 0.582480388739415
115 0.676945733346481
116 0.703782408838719
117 0.786152976957513
118 0.711640219766935
119 0.992977440059730
120 0.839378095435974
121 1.042899351755963
122 0.927925800336891
123 1.212613701048106
124 1.223887125473296
125 1.450211448465591
126 1.517240127459068
127 1.615523567283510
128 1.778479048328033
129 1.748846896297501
130 1.748427124061434
131 1.951983901326399
132 2.511763400055608
133 2.483627274446901
134 2.543367517933259
135 2.371288905072631
136 2.758127988416934
137 3.154934666439805
138 3.189320081041367
139 2.779666346996327
140 3.671829748659064
141 3.146860494053282
142 3.159773195460720
143 2.921178339892778
144 3.528349513372422
145 3.030640358006713
146 2.333636270147409
147 2.570167327284301
148 2.404134578524646
149 2.182718690132302
150 1.863646463821412
151 1.712022134348206
152 1.714499478076789
153 1.826802903893529
154 1.509057627013463
155 1.511302745854394
156 1.184062175237980
157 1.209487380082284
158 1.131970839547046
159 1.039536475086373
160 1.046963857384901
161 0.971735450931389
162 0.930488870865802
163 0.820343664844280
164 0.831522940231968
165 0.771001698949242
166 0.744352158100029
167 0.709881546858201
168 0.718369495680459
169 0.681156307982875
170 0.674322497088777
171 0.572387212394112
172 0.592471705883919
173 0.666235613039546
174 0.651995907657780
175 0.649372911984034
176 0.603735570659383
177 0.605937440620452
178 0.591600076933712
179 0.575500979486666
180 0.525159599594196
181 0.601930765876772
182 0.546441777694463
183 0.598144243661603
184 0.502904238671472
185 0.540957825764613
186 0.577763565301634
187 0.587287045135748
188 0.539291613138191
189 0.583787984057324
190 0.527229821324979
191 0.571300974024018
192 0.504073674921319
193 0.518548238959823
194 0.524181286463127
195 0.571013633471049
196 0.555080558792894
197 0.533036732074221
198 0.570871774421659
199 0.496279876163085
200 0.538566792940780
201 0.524300830220676
202 0.607060752955427
203 0.562405560035759
204 0.557260144139006
205 0.519726482676612
206 0.561356991529249
207 0.617059533595747
208 0.584932409661827
209 0.605601925043926
210 0.586467372461062
211 0.648147411383986
212 0.578827491094305
213 0.600827734625221
214 0.610852350400057
215 0.644793606935162
216 0.612901889634242
217 0.671840158640238
218 0.623286622192947
219 0.686534329489321
220 0.643087909531650
221 0.609804183764388
222 0.727626440548261
223 0.763412073462473
224 0.740164984856080
225 0.689993753981902
226 0.712468789548276
227 0.749496183843009
228 0.748094419589475
229 0.714285154150416
230 0.749778523033540
231 0.838794961149962
232 0.913580871778616
233 0.800176959721203
234 0.841680870910860
235 0.901859948439376
236 1.018784299111775
237 0.922283791274640
238 0.970921689097050
239 0.958538953243205
240 1.070332379686594
241 0.998202292033389
242 1.039824221586573
243 1.134869325657225
244 1.154900932218854
245 1.142372020081950
246 1.060568704975426
247 1.230139394433605
248 1.174344626858888
249 1.143447032649871
250 1.196432064305304
251 1.359314511629688
252 1.228049165065939
253 1.359058657499238
254 1.243563250476221
255 0.928887001580498
