0 16383.270000000000437
1 0.004031900625416
2 0.004248237831685
3 0.007370658426400
4 0.016783500694543
5 0.012397498515157
6 0.016364420223005
7 0.009925157629342
8 0.018401116342765
9 0.014967079472476
10 0.012231402243653
11 0.014400669964952
12 0.013442563842916
13 0.024014302899246
14 0.020309512193660
15 0.018103108201510
16 0.019007411338404
17 0.019068171588987
18 0.014104364054622
19 0.018957353778536
20 0.022022630196387
21 0.026625992665166
22 0.020523656278928
23 0.022599736249817
24 0.020495229166892
25 0.025267234135033
26 0.020185831690497
27 0.022873273960755
28 0.026108942546320
29 0.033473443475141
30 0.027415716603372
31 0.028802552226616
32 0.032287036993196
33 0.031787574116766
34 0.041109939895654
35 0.034482281045787
36 0.040772551705664
37 0.029568728165962
38 0.038863748346007
39 0.036365351247402
40 0.033865329225128
41 0.041927037604099
42 0.043844772493040
43 0.037505879764517
44 0.040255845592666
45 0.050529783280983
46 0.040579224262040
47 0.047985077896655
48 0.043567093851753
49 0.051689277361536
50 0.052758582344390
51 0.055233121358158
52 0.042040557320060
53 0.048769874177425
54 0.052430592673898
55 0.059178148498159
56 0.048916164072435
57 0.061584107312530
58 0.054363226825445
59 0.063867983941603
60 0.059731283991408
61 0.063526983351606
62 0.069536046133634
63 0.070772235720379
64 0.074449100619709
65 0.065856166338320
66 0.081341012488742
67 0.072776297829934
68 0.073477702019455
69 0.073666675924957
70 0.094001943387606
71 0.086304313914906
72 0.091555736096039
73 0.084983185787878
74 0.101672379537818
75 0.100800211494613
76 0.107399173210104
77 0.101627849166592
78 0.118253301405865
79 0.121370172470774
80 0.094410883535723
81 0.120025902246348
82 0.127524355596555
83 0.140577613524039
84 0.137299881585385
85 0.151087147015490
86 0.138313992487369
87 0.149556456165503
88 0.153987888850243
89 0.165925250353211
90 0.182952518835420
91 0.235911832841283
92 0.194231768063617
93 0.180445526587899
94 0.208911749959327
95 0.222338165668030
96 0.231631675206219
97 0.236162074130291
98 0.287666746453975
99 0.265868989322259
100 0.272081897124438
101 0.272307812778223
102 0.261430544156736
103 0.312648732567317
104 0.371234567613591
105 0.313453003642326
106 0.353789712640224
107 0.385163361747405
108 0.414375583854534
109 0.384527249391727
110 0.458195296123703
111 0.516064030533437
112 0.514603305419229
113 0.612071225282612
114 0.581626899937368
115 0.677534394338477
116 0.703724021858687
117 0.785396573722114
118 0.712065956303858
119 0.989644954575417
120 0.842084244740895
121 1.043087427522259
122 0.927756599718041
123 1.214642150369682
124 1.225325771468262
125 1.449437747484681
126 1.522746564337101
127 1.617196441814026
128 1.779769873835254
129 1.749597794727119
130 1.739538255395631
131 1.954044554692978
132 2.516111462979021
133 2.479164224544693
134 2.541303504672535
135 2.369443772026045
136 2.756784347317215
137 3.160892793435967
138 3.197361905649660
139 2.768033352752526
140 3.668995501191787
141 3.142153258964012
142 3.155809429509905
143 2.923829060486909
144 3.518733620234354
145 3.045024343485937
146 2.326863540556011
147 2.569613412874021
148 2.408349599977797
149 2.184860354521635
150 1.863272740558706
151 1.714597159029565
152 1.720497836601184
153 1.820525323088425
154 1.508790319677958
155 1.508194184947014
156 1.182046609743597
157 1.207403073900816
158 1.133098363388463
159 1.036346481135809
160 1.047319023509316
161 0.972621103753858
162 0.929140702321162
163 0.820917763774907
164 0.832881575533031
165 0.770386200883729
166 0.744887301556255
167 0.711450682095835
168 0.716254830415172
169 0.680011794275750
170 0.676069326204886
171 0.571517008327512
172 0.592135990616947
173 0.667044101432738
174 0.651501201760258
175 0.648865617911294
176 0.604712818018461
177 0.607104706123771
178 0.591451730634206
179 0.575639968918343
180 0.523879582369664
181 0.605533475628103
182 0.547764258837748
183 0.599720112123985
184 0.503367281624211
185 0.541229588872557
186 0.579034130535563
187 0.587974076910270
188 0.541853601979887
189 0.584301123768964
190 0.526663073546850
191 0.570905604497272
192 0.503314842444987
193 0.516289460398977
194 0.523779535670036
195 0.570484117065370
196 0.555096498942162
197 0.533082163985384
198 0.573096120056421
199 0.499370641793134
200 0.539741259500708
201 0.525851791952076
202 0.608417755034236
203 0.560782533585509
204 0.556533240278321
205 0.518697837644200
206 0.562509089453920
207 0.618009325202441
208 0.585296582709675
209 0.603769942043092
210 0.586204549922047
211 0.646288466132559
212 0.576772177585616
213 0.601115149250496
214 0.610523617422183
215 0.645461063793063
216 0.612550843300751
217 0.672298087707617
218 0.622790992732581
219 0.689200949637325
220 0.642204055942681
221 0.608707969233119
222 0.729146716646937
223 0.763417081059538
224 0.741257433340310
225 0.691032192942800
226 0.710937375707794
227 0.750438653739933
228 0.748839828684780
229 0.714906467109759
230 0.751827981032972
231 0.835440080713454
232 0.911875134153109
233 0.800213036009748
234 0.841123627854051
235 0.901321061060141
236 1.018161297158883
237 0.923483320113967
238 0.969334403954531
239 0.960911882775394
240 1.069657641812348
241 0.997412300334691
242 1.037726591134966
243 1.132333453150756
244 1.153400047881576
245 1.143597894082400
246 1.058537302869270
247 1.230430057327149
248 1.176375382598670
249 1.142458592244929
250 1.197810861033299
251 1.360669460059238
252 1.232719793480738
253 1.356407098802964
254 1.241891057690057
255 0.920761990440633
