0 16382.875000000000000
1 0.004091794662308
2 0.004302022849449
3 0.007326968440139
4 0.016917862168910
5 0.012452119615610
6 0.016610141837145
7 0.009958762312551
8 0.018391258588413
9 0.014993805055210
10 0.012120160092064
11 0.014332247074484
12 0.013499260194496
13 0.024216108436242
14 0.020556149965177
15 0.018212657290774
16 0.018829508934711
17 0.019069330374902
18 0.014025255293778
19 0.018845245791384
20 0.021767579834424
21 0.026775986603783
22 0.020429702722993
23 0.022507095552580
24 0.020615117976478
25 0.025551070686449
26 0.020256820366005
27 0.022843062744270
28 0.026336757343350
29 0.033667385748320
30 0.027492735111512
31 0.028749513876458
32 0.032189655361981
33 0.031617261550367
34 0.040897957953897
35 0.034184040916142
36 0.041210577269532
37 0.029862969315878
38 0.039131337503992
39 0.036477262321334
40 0.033834025233617
41 0.041691676655189
42 0.043622058756032
43 0.037595794213332
44 0.039938082433716
45 0.050097181779182
46 0.040452493083741
47 0.047758755528601
48 0.043575324302296
49 0.051938442676129
50 0.052673916138707
51 0.055476462202416
52 0.041773352973773
53 0.048760325440217
54 0.052387216032922
55 0.058725253025574
56 0.048666089795726
57 0.061419818195445
58 0.054206357271454
59 0.063528437434061
60 0.059533764567572
61 0.063433933248777
62 0.069466393314600
63 0.070645908624737
64 0.074422894329011
65 0.065492026347639
66 0.081338607874312
67 0.072334192444856
68 0.073474362784807
69 0.073240912995248
70 0.093971159936636
71 0.086740005610766
72 0.091576108068920
73 0.085019338738866
74 0.101257786158598
75 0.100839881044702
76 0.107288722225212
77 0.101695211249886
78 0.118338185651152
79 0.121145514058385
80 0.094654237361318
81 0.119839993577866
82 0.127554373638082
83 0.140432406092304
84 0.137362321388582
85 0.151655262484305
86 0.137705538148912
87 0.149546008769741
88 0.154269032015162
89 0.165575778997721
90 0.182003681843797
91 0.235738270293481
92 0.193849081831575
93 0.180315179093518
94 0.207768597288625
95 0.221671039470585
96 0.231833259703639
97 0.236590135031644
98 0.289499434441611
99 0.266729991597816
100 0.273289905492953
101 0.271763687563511
102 0.261493261225649
103 0.311507913907801
104 0.371351331598991
105 0.313047489680310
106 0.353529507413801
107 0.384036922218311
108 0.415675227153739
109 0.384404227771577
110 0.457165017822732
111 0.516025327655137
112 0.515930387700125
113 0.612842834869762
114 0.583097705586928
115 0.675877449305611
116 0.705067636122856
117 0.787496639089235
118 0.712891452298954
119 0.989338563187890
120 0.842854142527602
121 1.043913784392230
122 0.929151962619081
123 1.213323645413383
124 1.220738555866774
125 1.453044395609925
126 1.519792438145472
127 1.619227660868743
128 1.775370371808317
129 1.751795274475740
130 1.742787806813933
131 1.950122899724819
132 2.518665701134747
133 2.482933375045261
134 2.544401765636503
135 2.364541688315235
136 2.762166806748882
137 3.164109011806216
138 3.196976990942956
139 2.769996308232530
140 3.671690605014397
141 3.134963372088429
142 3.159414263356414
143 2.931964198932155
144 3.514338332584796
145 3.045796642783357
146 2.324992266864665
147 2.567374150275916
148 2.404067896461955
149 2.193156198761810
150 1.862066189688990
151 1.716003570246303
152 1.718789675811048
153 1.816808854149692
154 1.509716416604188
155 1.505289374285498
156 1.180995152579644
157 1.204535911498552
158 1.134829284591839
159 1.036368273854836
160 1.050817466941901
161 0.973013236737656
162 0.929676862873763
163 0.820184955860047
164 0.831932196262439
165 0.768384028437589
166 0.743277458494332
167 0.710432031272205
168 0.715114134357415
169 0.678047157061476
170 0.674260846312734
171 0.569404905346815
172 0.591265216250737
173 0.666449141743767
174 0.649393402051540
175 0.648607025369925
176 0.604967301496442
177 0.605309171929940
178 0.592555927503427
179 0.574852210603347
180 0.523061488650551
181 0.606244541121681
182 0.548039996733148
183 0.599917604569567
184 0.503651906061472
185 0.540240949712484
186 0.580377597058746
187 0.589104837672946
188 0.544760009146351
189 0.586100679743613
190 0.525851667252383
191 0.569822944455568
192 0.502595365205461
193 0.516505712137522
194 0.525407481007073
195 0.571156108601394
196 0.553920980941990
197 0.533559722184984
198 0.572416915179661
199 0.500542465302196
200 0.539961458206851
201 0.525206621199589
202 0.609592391865359
203 0.560449875548590
204 0.555200495402345
205 0.518284038953419
206 0.560332446362822
207 0.618072609459792
208 0.585272389179176
209 0.603025147171634
210 0.589395379815069
211 0.647305390355165
212 0.576178167842225
213 0.600419457324099
214 0.608995770979827
215 0.644743310220991
216 0.612280357115109
217 0.671749516453426
218 0.623178134362542
219 0.688985898770699
220 0.644318458392466
221 0.609389414873434
222 0.729191522350711
223 0.762830425456806
224 0.742728478149855
225 0.690571212674154
226 0.711793429279348
227 0.753074996680197
228 0.749589734871269
229 0.713328246867447
230 0.751722378206268
231 0.836792546495900
232 0.912702070217141
233 0.800893765078828
234 0.839738848536861
235 0.901675585464992
236 1.018780134746442
237 0.922264344022890
238 0.970076728380729
239 0.963005347613336
240 1.069983011036543
241 0.996298381131798
242 1.036767587437786
243 1.127668167730195
244 1.153751469941193
245 1.140214861345587
246 1.059160838244654
247 1.233672161635194
248 1.176121894963422
249 1.144057897721756
250 1.201915731441138
251 1.358534508444175
252 1.232375424193866
253 1.355958338909177
254 1.240497140032319
255 0.918217500024920
