0 16382.667142857142608
1 0.004059295885501
2 0.004185952527091
3 0.007534271316490
4 0.016526315019147
5 0.012207259923721
6 0.016235722725840
7 0.009728484727155
8 0.018252271536544
9 0.014977077887330
10 0.012123773304753
11 0.014437651898917
12 0.013560687591616
13 0.023824261388167
14 0.020488335367151
15 0.017950299885529
16 0.018939741865436
17 0.018853135396431
18 0.014021752166934
19 0.019074648923654
20 0.022080048404866
21 0.026482588343512
22 0.020772138422502
23 0.022544684664399
24 0.020698831549016
25 0.024834818752596
26 0.019788513073462
27 0.022961910873688
28 0.025935143187415
29 0.033000894364999
30 0.027384138052128
31 0.028866935829642
32 0.032124339691561
33 0.031963659487271
34 0.040840525903220
35 0.034171377791095
36 0.040795087416616
37 0.029545773707037
38 0.038815864746286
39 0.036111458578877
40 0.033922009508700
41 0.041989993244844
42 0.043916051554110
43 0.037390719951938
44 0.040223419036612
45 0.050619651189208
46 0.040932046196525
47 0.048168690706217
48 0.043674162652064
49 0.051553802474107
50 0.052502591956125
51 0.054969842621898
52 0.042560428198012
53 0.048528947382415
54 0.052371298981279
55 0.059074656263369
56 0.048829897021811
57 0.061503825876629
58 0.054663452825545
59 0.063727976720124
60 0.060085054635431
61 0.063739597834628
62 0.069579151976608
63 0.070934331830158
64 0.074088676362341
65 0.065881645060686
66 0.081196436135724
67 0.072724656433791
68 0.073493887384879
69 0.073958700991744
70 0.093597359831027
71 0.086010011876196
72 0.091904405810885
73 0.084730644970879
74 0.100892968051633
75 0.100428139464030
76 0.106823010049838
77 0.101593915749358
78 0.118627420836389
79 0.120545368416996
80 0.094435092953323
81 0.120074104083483
82 0.127419730934099
83 0.140343877667462
84 0.137291354868428
85 0.150777247808680
86 0.138745028060249
87 0.148338565723885
88 0.153446835457515
89 0.165655201499487
90 0.182906900037593
91 0.236084711030262
92 0.195155642431036
93 0.180245095079323
94 0.208610982384597
95 0.222051727181680
96 0.231741043009758
97 0.238164101374794
98 0.288759935149786
99 0.266387849754827
100 0.273847647167986
101 0.274156834916897
102 0.261232144263967
103 0.313642616615004
104 0.371589232107403
105 0.314781772840372
106 0.356291665106384
107 0.384580360240336
108 0.413505610648125
109 0.383496496111775
110 0.456766066147960
111 0.514124683080970
112 0.513298487957450
113 0.610327930939234
114 0.582407474606102
115 0.677046508957600
116 0.702984515383610
117 0.786787885218337
118 0.712279738036196
119 0.991607612567810
120 0.839892760309790
121 1.043690912376156
122 0.929173152373881
123 1.212934359207744
124 1.223099364220345
125 1.451785450203778
126 1.517663992170396
127 1.613926075553960
128 1.776623830519965
129 1.752013457947645
130 1.751190586259667
131 1.952905983361543
132 2.509734957162084
133 2.483221587687655
134 2.541507621120934
135 2.375126225483316
136 2.759362854148421
137 3.155723262066662
138 3.188212058763363
139 2.780720714824680
140 3.668877056983048
141 3.150482183164014
142 3.161476978327037
143 2.917563371077061
144 3.526381654748607
145 3.027651980924535
146 2.335207408117331
147 2.566700760129105
148 2.402273193624597
149 2.184407540852041
150 1.865309282945398
151 1.713376126425708
152 1.714587767201773
153 1.826600219997190
154 1.507645961019771
155 1.508924767214193
156 1.183867234067889
157 1.211098193530764
158 1.131610748660108
159 1.040184852591436
160 1.045937745148309
161 0.970593561243889
162 0.929766326963108
163 0.819221558317123
164 0.831455451646118
165 0.770355163259606
166 0.746162976887252
167 0.710933883837687
168 0.719383726805043
169 0.682191144450793
170 0.674591863773677
171 0.571797078243401
172 0.591107823931911
173 0.664275644316010
174 0.651764972601272
175 0.650440566614385
176 0.604723075787124
177 0.606432488173037
178 0.590887240631332
179 0.575916594410752
180 0.524620506066359
181 0.602869726980600
182 0.546141573491402
183 0.597797654660465
184 0.503123017014741
185 0.541324363618789
186 0.577632019278747
187 0.587027371512852
188 0.539085278318402
189 0.584117839991801
190 0.527181420510229
191 0.571440320713305
192 0.504241559327273
193 0.518937297750174
194 0.523859689793076
195 0.571493938115580
196 0.554879559921597
197 0.533762621387656
198 0.571165960883007
199 0.496216292611723
200 0.539086868957242
201 0.524382249049175
202 0.606472837804306
203 0.562541244441620
204 0.558122427093805
205 0.519434878821577
206 0.560901586743125
207 0.615612129558769
208 0.584485515506234
209 0.605449413582802
210 0.586891034296935
211 0.647889443823068
212 0.579304983067201
213 0.601050962285196
214 0.610285152060405
215 0.644093216277184
216 0.612727333513549
217 0.671496402730836
218 0.624094287099333
219 0.685780968575340
220 0.643192506133821
221 0.610393567245318
222 0.728660560838544
223 0.763530345046183
224 0.740767464079598
225 0.689317786031314
226 0.712639669512590
227 0.749225084991848
228 0.749714546532625
229 0.716655279595609
230 0.750562584866316
231 0.838675994769780
232 0.912570645122174
233 0.800597876516071
234 0.842036008515247
235 0.902165669540793
236 1.021221898804414
237 0.921703212244519
238 0.970981063259370
239 0.958232282744410
240 1.068949277627369
241 0.998744641281129
242 1.039837564452241
243 1.134739220986884
244 1.154905674300709
245 1.143134834810299
246 1.060649961983175
247 1.230287619705192
248 1.172903325691379
249 1.143653660877590
250 1.196121613714954
251 1.360205954724773
252 1.226488885525993
253 1.361212227896921
254 1.243158387915916
255 0.927675098284766
