0 16386.000000000000000
1 0.001711113131023
2 0.005393890715141
3 0.007174012390897
4 0.016623319417704
5 0.008976513319067
6 0.017936795510145
7 0.009823730561645
8 0.013017482101402
9 0.011807174313747
10 0.011311253543895
11 0.013551199541325
12 0.011809749043641
13 0.021689485154955
14 0.017809187822939
15 0.015636380994863
16 0.012656486931064
17 0.012289577866764
18 0.012213793097302
19 0.015338510387968
20 0.022326749367024
21 0.025265855161908
22 0.020493585098901
23 0.023610321981999
24 0.018107653173502
25 0.023022470803144
26 0.017615661151219
27 0.024765673848882
28 0.024396171035949
29 0.030755467964885
30 0.027826556380457
31 0.031033577081801
32 0.031011204346432
33 0.030600900119120
34 0.037197516301061
35 0.031491779096086
36 0.044577505686652
37 0.029923306803348
38 0.040437068362962
39 0.029568889262831
40 0.036481111045775
41 0.043349877328878
42 0.038020662988085
43 0.029347626841627
44 0.036932060470713
45 0.053132229023317
46 0.037250693699477
47 0.042987750447674
48 0.039551012202677
49 0.046776367384418
50 0.053082424547028
51 0.050229211277501
52 0.043876134457885
53 0.049132944290207
54 0.041159398358284
55 0.052475051531454
56 0.050511383555669
57 0.065980245720311
58 0.061453671256419
59 0.061984505209852
60 0.063276437486282
61 0.068910422374248
62 0.060134943018130
63 0.080143919653638
64 0.071533181747636
65 0.068134432647970
66 0.084179413637612
67 0.084274947715353
68 0.078059522012162
69 0.070475628523267
70 0.094375435868252
71 0.075825136935390
72 0.095905157138187
73 0.085808592701381
74 0.092904190572034
75 0.083720927715936
76 0.094867026655629
77 0.099561397982260
78 0.114026260323938
79 0.130208596538831
80 0.099139510960455
81 0.141146916537444
82 0.146229064629646
83 0.142945279863215
84 0.142964137956912
85 0.142307714319191
86 0.126318029703886
87 0.144776322807192
88 0.148233126714192
89 0.163942295671538
90 0.163082692943053
91 0.237999156048520
92 0.190238562928300
93 0.165163119000370
94 0.184288551011138
95 0.212476887705872
96 0.219931344185898
97 0.240958863586929
98 0.273796890088402
99 0.276067972695889
100 0.277968326237897
101 0.306220066839905
102 0.227699441427921
103 0.312131686941892
104 0.357797262963296
105 0.302700620950316
106 0.391513624836790
107 0.399467399238867
108 0.393361283100844
109 0.337657104656155
110 0.487027177058587
111 0.481039208474537
112 0.494974868628862
113 0.671119202230534
114 0.564209830230578
115 0.716552896006114
116 0.679325106466015
117 0.786531497583897
118 0.662580432657628
119 0.969331510729596
120 0.828178388742325
121 1.144419609304390
122 1.058661896315309
123 1.069457182651798
124 1.209319486171924
125 1.531865602395772
126 1.518694905234037
127 1.567376299800041
128 1.722668367877119
129 1.609235239757088
130 1.906711425537997
131 2.017806733029406
132 2.515554753706696
133 2.307269500632510
134 2.645784668175184
135 2.595322249553018
136 2.675736465327748
137 3.049061540152569
138 3.148189979481416
139 3.116758588635900
140 3.618331400744960
141 3.265874467052919
142 3.266536870853088
143 2.721376144524353
144 3.597500986913936
145 2.606825873424880
146 2.542159111584672
147 2.441189245710440
148 2.362874840428278
149 2.276131173710228
150 1.990642426616290
151 1.778679311306864
152 1.707395110966915
153 1.745057812668894
154 1.430686286417302
155 1.482044771778722
156 1.198035656803619
157 1.314279431679090
158 1.122723010925013
159 1.036191219340777
160 1.081282213408942
161 0.902278728547654
162 0.882609353230237
163 0.813230607312651
164 0.923578001275802
165 0.793698293662516
166 0.778986415038903
167 0.746033451935287
168 0.798836532353448
169 0.746514718066119
170 0.620716275619477
171 0.574250461626367
172 0.559300313777679
173 0.577221287196899
174 0.581883014632084
175 0.683676013314376
176 0.641024747509599
177 0.585741644290901
178 0.529438582268085
179 0.603623745186807
180 0.510919890415745
181 0.616440874162957
182 0.559313219213710
183 0.574615000543690
184 0.500054799808073
185 0.533845371545679
186 0.579631007889014
187 0.578588713051146
188 0.498090662318424
189 0.571511052041313
190 0.509645240059069
191 0.563554365512386
192 0.506113421037076
193 0.547812418288698
194 0.539010118458932
195 0.587007688503572
196 0.553848770950329
197 0.552058717751279
198 0.539652072236786
199 0.470935615661022
200 0.533934702557698
201 0.524906523659908
202 0.509105125892905
203 0.520128336532483
204 0.570576829306854
205 0.534162909836706
206 0.583630824884414
207 0.594832218671539
208 0.572476756880415
209 0.694436570366115
210 0.545409973032913
211 0.625252063186561
212 0.570027918855436
213 0.645525922991640
214 0.629054839479587
215 0.652425991460432
216 0.604976206784311
217 0.610858994840931
218 0.611959502488180
219 0.605996304066149
220 0.706351908811737
221 0.659854775988650
222 0.695887677039056
223 0.753681302554807
224 0.743514743402912
225 0.681606753060313
226 0.711254004834516
227 0.749663266178768
228 0.769372792354081
229 0.761109969140725
230 0.732334190229761
231 0.832111900476189
232 0.812987962398696
233 0.831186276216138
234 0.868330392943920
235 0.901618970479685
236 1.144935918313992
237 0.814279296729518
238 0.927352704921707
239 0.992010550609393
240 1.023205868559482
241 1.055015585147495
242 1.050850836114398
243 1.219341137843369
244 1.222789067836144
245 1.163320788057632
246 1.117692304110341
247 1.296651965417656
248 1.133782014764453
249 1.130428590449071
250 1.165808113591674
251 1.381784768550424
252 1.202878100841742
253 1.375834815593389
254 1.238996420736477
255 1.064025866074695
