0 16382.290000000000873
1 0.004348355769712
2 0.004650412361028
3 0.007282668319894
4 0.016751240191275
5 0.012418075995599
6 0.016466641678605
7 0.009813043179615
8 0.018176890560137
9 0.015018482368670
10 0.011998469795223
11 0.014246973549926
12 0.013475603731017
13 0.023873003171478
14 0.020874766808768
15 0.018529048581157
16 0.018250537802842
17 0.019201824303292
18 0.014136615756645
19 0.018603813183241
20 0.021653356756455
21 0.026677940896266
22 0.020574885759105
23 0.022602832116022
24 0.021269758502898
25 0.025792935902743
26 0.020663271303805
27 0.023084285484628
28 0.026417747156398
29 0.033480141594168
30 0.027421303829051
31 0.028768040132839
32 0.031791486817908
33 0.031305763105633
34 0.040725188204462
35 0.034061442454532
36 0.040863814498935
37 0.029996696535610
38 0.039523301633750
39 0.037094211199783
40 0.033510993221797
41 0.041467172520676
42 0.043651031171225
43 0.037740600583428
44 0.039923928052400
45 0.049931767409543
46 0.040550259316325
47 0.047982609064386
48 0.043765731827241
49 0.052150146767090
50 0.052768846678162
51 0.055488692583271
52 0.041422682577503
53 0.048643594288166
54 0.052016302473871
55 0.058982557343318
56 0.048517846729845
57 0.061111791942530
58 0.054341147464817
59 0.063264241454002
60 0.059326498086223
61 0.063382328271264
62 0.069942617751633
63 0.070345413059185
64 0.074431862020423
65 0.065420488416298
66 0.081878424461381
67 0.072198773055045
68 0.073246831304761
69 0.072825003854080
70 0.095125080900658
71 0.085843846283431
72 0.091840846862471
73 0.085079386028977
74 0.100450858890614
75 0.100238759700571
76 0.106697492680157
77 0.101182721795002
78 0.118814757459034
79 0.120474272814596
80 0.094476444440362
81 0.120423071410405
82 0.127450227163995
83 0.140413694637445
84 0.137773794675922
85 0.152399655944487
86 0.137352124780110
87 0.149264672818631
88 0.153653930902770
89 0.163407777343590
90 0.179084937280034
91 0.234623924351675
92 0.193603209433276
93 0.180605161793240
94 0.206431579480631
95 0.220666618886323
96 0.229028979000005
97 0.238419101585410
98 0.291727413448069
99 0.266507180214343
100 0.273932236198492
101 0.274141863101403
102 0.264057047218926
103 0.310073266792265
104 0.370348736120811
105 0.313013489973780
106 0.353154825294917
107 0.385322251454859
108 0.415452068681045
109 0.382170155186175
110 0.452003320121285
111 0.518036047797333
112 0.515081042427004
113 0.615411937995089
114 0.583202460604998
115 0.675360754300383
116 0.709204003938380
117 0.783792939279711
118 0.710006058787823
119 0.989515328426560
120 0.845720255429586
121 1.040800032482395
122 0.934382073214781
123 1.207690759401958
124 1.216962909838185
125 1.447223492018437
126 1.522582930512512
127 1.615012018357558
128 1.769536398058830
129 1.757058088757924
130 1.747665253475486
131 1.961453011197994
132 2.528574653432152
133 2.486501784187204
134 2.552024082821872
135 2.363397254342867
136 2.746091400419316
137 3.174045147538484
138 3.204807013105653
139 2.762860653162241
140 3.677133920909530
141 3.145298544775005
142 3.158016955113530
143 2.923007344918789
144 3.512511741967548
145 3.033206499352347
146 2.330240903192037
147 2.567878670570097
148 2.395868106693629
149 2.190030552994097
150 1.871234276066345
151 1.720556981555806
152 1.726018525282437
153 1.822306766793240
154 1.513923339364569
155 1.504381314216987
156 1.188831049652857
157 1.206712913577759
158 1.133301559493394
159 1.032886580677111
160 1.042215123845138
161 0.969457622347020
162 0.928831424113626
163 0.821818837605170
164 0.831685232049503
165 0.768439614704671
166 0.741249186593748
167 0.711060224479710
168 0.711045327328310
169 0.679336182358789
170 0.673335611219049
171 0.570003616823702
172 0.591787427098403
173 0.665762087079915
174 0.654277294865465
175 0.650524196507408
176 0.605117843690598
177 0.608504903568693
178 0.596068068341151
179 0.575233201661797
180 0.522094532065463
181 0.605951000403571
182 0.543856060741675
183 0.597685518085601
184 0.502111698777745
185 0.536262730327183
186 0.576748428753839
187 0.588706983445975
188 0.544401642750628
189 0.588772187845327
190 0.524826762866427
191 0.569746042192012
192 0.499574212187475
193 0.515100738550665
194 0.527410072349540
195 0.571431465066301
196 0.555323997473519
197 0.532788610565026
198 0.569218393238758
199 0.500552211182784
200 0.536708320447548
201 0.525600713706803
202 0.608513457880839
203 0.559701062024894
204 0.555585344186161
205 0.518310339044563
206 0.556346876692689
207 0.620494980909560
208 0.583933565009857
209 0.598464852098516
210 0.586313742020725
211 0.650682752991023
212 0.575524014120338
213 0.602498623153296
214 0.610594477308319
215 0.644593883524182
216 0.614108536694863
217 0.670208559781044
218 0.619596776653646
219 0.690845783189649
220 0.642014585252636
221 0.609928000620293
222 0.728197162207270
223 0.764409734266785
224 0.742905171136697
225 0.694424684526867
226 0.712598893603573
227 0.752543670152455
228 0.748944613231195
229 0.706752556891742
230 0.751937094202664
231 0.831433076307535
232 0.911254151322475
233 0.801326475515061
234 0.838750850505815
235 0.904164806931637
236 1.013880732193968
237 0.922576066579114
238 0.971307765385225
239 0.965902620122176
240 1.075007581891292
241 0.998039784788850
242 1.036061134859201
243 1.130683411611700
244 1.152271541735650
245 1.143424282179412
246 1.064162742336863
247 1.237794067931752
248 1.179057851280295
249 1.141218520589280
250 1.197151123049555
251 1.355990923133302
252 1.235672116751315
253 1.354083582523503
254 1.237663320935347
255 0.904685113095879
