0.0526542 0.0841719
0.148569 0.0188405
0.36393 0.119786
0.403024 0.0609373
0.539672 0.0746191
0.692869 0.0720007
0.816899 0.0728923
0.977785 0.0412514
0.0892983 0.220365
0.220836 0.137106
0.332581 0.142552
0.429414 0.202811
0.503295 0.184317
0.692682 0.126571
0.818645 0.205472
0.934365 0.226898
0.091484 0.2571
0.163253 0.328722
0.327817 0.333186
0.412157 0.291553
0.538038 0.31704
0.738497 0.371061
0.808745 0.264093
0.883619 0.263473
0.124303 0.397239
0.214445 0.423171
0.345645 0.442872
0.437112 0.450178
0.568899 0.480546
0.746116 0.382344
0.790833 0.46935
0.985411 0.418245
0.123387 0.610171
0.225458 0.623932
0.331583 0.580271
0.478016 0.61497
0.615136 0.530762
0.711098 0.553882
0.783327 0.541436
0.985222 0.516321
0.108169 0.736988
0.248444 0.672672
0.265166 0.679384
0.466404 0.638377
0.50764 0.629072
0.7464 0.648081
0.765765 0.731111
0.950633 0.742792
0.0143241 0.83224
0.236769 0.873873
0.323218 0.862318
0.417904 0.813965
0.591934 0.75479
0.709237 0.787438
0.871155 0.849352
0.998984 0.761721
0.0423555 0.887288
0.163675 0.956921
0.370434 0.912291
0.461104 0.933313
0.516908 0.933465
0.677394 0.877152
0.775988 0.901609
0.940545 0.902457
