0 16.000000000000000
1 0.004345744178025
2 0.811074776352003
3 0.285934771616397
4 2.328097055672175
5 0.409318445088615
6 1.260484980854229
7 0.773110038255292
8 1.268769993895471
9 0.589375341051306
10 0.906490701047389
11 1.157396111948627
12 1.484410859242957
13 0.486786031126844
14 1.389879070212234
15 0.632835291140717
16 1.116531869307540
17 0.883882413840909
18 1.363880237377857
19 0.909703422305584
20 0.856922497856152
21 0.911295809621010
22 1.407913776967718
23 0.508222928487586
24 1.371418491131164
25 0.934727431130955
26 1.088611828666034
27 0.593213258582999
28 1.097349141264193
29 1.282812195964797
30 0.779034825972690
31 0.706436305112886
32 1.322691933967833
33 1.177847123118884
34 0.659671494410087
35 1.389076700992988
36 1.168782390235954
37 0.525471467995472
38 1.035232575417626
39 1.078199493606656
40 1.188553074614490
41 0.895085097700130
42 0.903998577119780
43 1.046556418985358
44 0.765085184653413
45 1.037380717902584
46 1.128484182035337
47 1.253273508997925
48 0.838979690864747
49 0.753821172560203
50 1.286566795670142
51 1.187516946584280
52 0.732068556587348
53 0.969709462249465
54 1.028946362629179
55 1.003464490354449
56 0.711124233162912
57 1.548455973170361
58 0.813674394711791
59 0.841654285805562
60 0.944285800753526
61 1.268266469024678
62 0.803770316208658
63 0.963929940043774
64 1.099527955378643
65 1.068718524898512
66 0.727559730410592
67 1.233233886839410
68 0.980225558491094
69 0.957089847335527
70 0.943469557392490
71 1.289514053353016
72 0.734000116207087
73 0.965008832147155
74 1.139926996112769
75 0.966393247063429
76 0.887668381179842
77 1.038762745699310
78 0.880201531744297
79 1.132006580143157
80 0.963466720647441
81 1.227151186876730
82 0.935120946286622
83 1.016979861048075
84 0.806459476189942
85 1.153372702777313
86 1.071346403595696
87 0.903049586495121
88 0.834768457156372
89 1.104089565825578
90 1.151613773093720
91 0.874251189731035
92 0.858738945945080
93 1.344429549881740
94 0.808341681060537
95 0.926694924167894
96 0.933592489417777
97 1.274225793706123
98 0.826635208177582
99 0.986242197886063
100 0.965931164951506
101 1.093534754747998
102 0.975189981111392
103 0.966920272726570
104 1.012141444106782
105 1.115497863879550
106 0.822025607236043
107 1.168958504702383
108 0.886394316675519
109 1.032418263154185
110 0.958207136070134
111 0.925314588010806
112 0.975224828911294
113 1.114286506871805
114 0.984111399800901
115 1.141016680142666
116 0.961878375065949
117 0.998398842483983
118 0.954660499066460
119 1.127728721778230
120 0.764420640291167
121 1.192985129337961
122 0.898076948548639
123 0.928645457679542
124 1.075501590706727
125 1.066087382139192
126 1.037444418866476
127 0.988992365111663
128 1.045600717618573
129 0.961773873769017
130 0.815485526116244
131 1.205791822508189
132 0.943321263285325
133 1.063526077736163
134 0.812538486696293
135 0.997340310061260
136 1.128427398279433
137 1.053194933803625
138 0.840490209810697
139 1.047930442552597
140 1.023191665136448
141 0.973909715393643
142 0.764681280273952
143 1.332185118429923
144 0.911794958734020
145 0.965768178532792
146 0.796314934771859
147 1.357262234175946
148 0.941331437443821
149 0.911075335623999
150 1.093156580855084
151 1.060329323597957
152 0.838965173271672
153 0.987000957313774
154 1.071784148961985
155 0.954240734618067
156 0.909535383923551
157 1.070956269490494
158 1.083895067832234
159 0.852392682607814
160 1.215946506818029
161 0.904475142409091
162 0.942512366807925
163 1.060719029870037
164 1.123574947343570
165 0.941665721895463
166 0.800054955839204
167 1.173021246684610
168 0.972420827933366
169 0.940450176599827
170 0.968485504539429
171 1.085602109686031
172 1.064685446763373
173 0.925825148000051
174 0.989321844457074
175 0.996467320236014
176 1.175499133258505
177 0.710704007345307
178 1.153671974352059
179 1.052717510721607
180 0.872761408923925
181 0.929706570970728
182 1.228770596341351
183 0.960050119705895
184 0.940537046819114
185 0.849283198165558
186 1.262931107899554
187 0.857153946124377
188 0.898897678604856
189 1.086851114017917
190 1.021010964822277
191 0.907929217259327
192 1.034707913263163
193 1.146333108938900
194 0.925739891695116
195 0.924444314631824
196 1.051759007582853
197 1.081748255633992
198 1.005237877707901
199 0.858688550375174
200 1.076299508611004
201 0.877092397878445
202 1.125592258624656
203 0.899521918795104
204 1.112297005088645
205 1.046634732902436
206 0.912411567471607
207 0.925758669043549
208 1.161149570036615
209 0.829747494142340
210 1.148324812844737
211 0.980245662669239
212 0.948538709089619
213 0.917458023808703
214 1.164132703692293
215 0.963220168184238
216 0.940969586019034
217 1.064398873296279
218 1.051934609135052
219 0.990159373098678
220 0.870054194424661
221 0.993886885802976
222 1.161547626224332
223 0.834030357830549
224 1.045047455734688
225 0.915817164615186
226 1.185787800222426
227 0.916844417172012
228 0.978612599073528
229 1.051772276762984
230 1.039662382307867
231 0.956601613889093
232 0.953818003832207
233 1.022911907555655
234 1.033231140815375
235 0.761137202908755
236 1.173829274288712
237 1.101464394487990
238 0.895394362132567
239 0.934511557438392
240 1.159534940883425
241 0.868111371216307
242 0.986111650265127
243 1.043981815796120
244 1.158809358243416
245 0.867601390486197
246 0.942274875584654
247 0.993674400813356
248 1.105756447117225
249 0.940385008025596
250 1.118905795686878
