0.0512831 0.0279904
0.166438 0.0769037
0.329854 0.0129678
0.421989 0.105088
0.62263 0.0443836
0.666106 0.113367
0.860469 0.0896259
0.876036 0.0588488
0.00743672 0.190708
0.198905 0.147115
0.302318 0.185707
0.415005 0.15939
0.544675 0.246565
0.676026 0.21979
0.858309 0.207204
0.999031 0.136619
0.0443079 0.257846
0.241172 0.292531
0.324737 0.356396
0.475168 0.332421
0.591652 0.368806
0.63699 0.324792
0.843335 0.307731
0.976742 0.277296
0.0182937 0.493944
0.226413 0.381988
0.270249 0.479443
0.463518 0.430049
0.548049 0.463039
0.725602 0.408538
0.750366 0.402
0.922949 0.452505
0.109582 0.525017
0.215976 0.553921
0.358215 0.500272
0.491956 0.572592
0.500746 0.613703
0.706216 0.60463
0.794059 0.592383
0.913399 0.538738
0.0987173 0.699946
0.13409 0.663759
0.295724 0.63031
0.385842 0.711987
0.524072 0.655826
0.653407 0.747168
0.802996 0.720652
0.962592 0.685688
0.0826411 0.837825
0.173259 0.777515
0.362706 0.761159
0.400492 0.816385
0.575598 0.851503
0.745523 0.873625
0.771431 0.786211
0.905329 0.804742
0.0739847 0.877333
0.151571 0.965484
0.257328 0.903766
0.444654 0.90779
0.598685 0.942161
0.702556 0.9756
0.816273 0.929226
0.939734 0.998817
