0.0524898 0.008617
0.0723288 0.0551061
0.158825 0.0147975
0.225429 0.0324079
0.305186 0.0497221
0.34074 0.0190067
0.400276 0.0417365
0.485364 0.0236101
0.511136 0.0310459
0.586822 0.0530844
0.631694 0.0362498
0.740545 0.00253856
0.791585 0.00645354
0.874027 0.0602298
0.919229 0.0210548
0.998343 0.0461262
0.0618695 0.0930735
0.0998092 0.11586
0.173664 0.102011
0.219619 0.0871947
0.296365 0.0825063
0.315725 0.0734477
0.413476 0.0627662
0.48985 0.118729
0.555982 0.110191
0.582209 0.06873
0.655737 0.109117
0.717448 0.0966999
0.79362 0.100605
0.815629 0.0797496
0.932259 0.123615
0.94558 0.0766691
0.031639 0.185593
0.102372 0.160447
0.131429 0.182417
0.232487 0.164975
0.256093 0.170375
0.339434 0.146677
0.419952 0.140128
0.442302 0.127237
0.502546 0.152873
0.619244 0.131531
0.682233 0.175449
0.699159 0.132874
0.806973 0.149938
0.82811 0.143918
0.909989 0.15919
0.958397 0.179572
0.00574593 0.237871
0.0657009 0.20045
0.133699 0.209466
0.192046 0.247277
0.30246 0.211267
0.352451 0.243939
0.408426 0.241624
0.471163 0.225471
0.52869 0.230443
0.595002 0.219402
0.62885 0.217364
0.734234 0.205991
0.771153 0.197195
0.821691 0.231658
0.8797 0.193188
0.986407 0.187607
0.0560649 0.261361
0.0962408 0.264417
0.162238 0.282927
0.200733 0.253822
0.297407 0.297441
0.325532 0.285665
0.3976 0.27124
0.453405 0.295727
0.535273 0.27585
0.579256 0.266097
0.633878 0.278053
0.689265 0.306172
0.810969 0.256235
0.860194 0.309521
0.91785 0.291959
0.980427 0.302421
0.017465 0.340099
0.0865021 0.330776
0.186942 0.348793
0.237017 0.370689
0.265441 0.319662
0.365722 0.34394
0.42582 0.321862
0.437786 0.359069
0.543298 0.315636
0.606156 0.362292
0.675958 0.325991
0.710593 0.353341
0.783635 0.366089
0.856649 0.337524
0.89022 0.335035
0.982969 0.372395
0.0409283 0.432583
0.0745182 0.435517
0.136891 0.398656
0.2044 0.407291
0.28984 0.428141
0.371463 0.413571
0.393197 0.404393
0.494332 0.380089
0.533893 0.422877
0.576003 0.414704
0.644053 0.42062
0.749805 0.39465
0.785334 0.377872
0.87083 0.388285
0.922165 0.394231
0.993938 0.385584
0.0364247 0.476824
0.0842397 0.481111
0.151545 0.464362
0.211889 0.438569
0.274976 0.487687
0.357788 0.470075
0.381337 0.494105
0.451773 0.491122
0.527033 0.474222
0.598416 0.443829
0.648592 0.449132
0.742809 0.456703
0.776003 0.467109
0.851461 0.451725
0.903487 0.497308
0.955483 0.457542
0.0132644 0.551578
0.122602 0.522449
0.144404 0.556103
0.229315 0.504902
0.266682 0.519423
0.33483 0.559026
0.383738 0.542331
0.464913 0.538847
0.562088 0.549648
0.564889 0.51334
0.665947 0.525266
0.727793 0.509173
0.802011 0.501819
0.819554 0.534962
0.876769 0.530872
0.975123 0.546694
0.000799706 0.575217
0.111754 0.589356
0.182363 0.569087
0.244392 0.58153
0.261267 0.614989
0.329889 0.610145
0.377638 0.620462
0.46216 0.590417
0.504722 0.59473
0.621281 0.56473
0.686554 0.601053
0.736635 0.603988
0.76378 0.584008
0.830986 0.570608
0.891104 0.607564
0.969026 0.623801
0.0472898 0.67165
0.117425 0.632215
0.147911 0.678136
0.187565 0.653311
0.252037 0.672798
0.345743 0.656367
0.423812 0.684831
0.446313 0.627361
0.551033 0.64092
0.568871 0.660546
0.67244 0.646783
0.711152 0.636747
0.766773 0.664964
0.854138 0.63497
0.911578 0.682054
0.950756 0.65159
0.0263601 0.712594
0.0795541 0.726645
0.165142 0.743419
0.198945 0.736262
0.310603 0.699935
0.322022 0.739429
0.415575 0.707693
0.497294 0.720753
0.517422 0.724341
0.61337 0.715638
0.668854 0.747646
0.69155 0.692771
0.753547 0.688508
0.866059 0.734232
0.883225 0.698368
0.964595 0.70486
0.0227775 0.760918
0.0680129 0.780549
0.126246 0.794813
0.218046 0.799755
0.273065 0.782373
0.362851 0.786608
0.405848 0.810274
0.460035 0.762406
0.512066 0.807241
0.612752 0.792831
0.647386 0.757809
0.706059 0.75274
0.756752 0.769385
0.84711 0.804005
0.927526 0.774179
0.940207 0.771301
0.0115825 0.827386
0.106354 0.822272
0.177199 0.837073
0.239775 0.843499
0.279494 0.856803
0.347946 0.866008
0.430531 0.8319
0.477619 0.833485
0.542421 0.815473
0.602359 0.847123
0.66285 0.873569
0.719232 0.81677
0.758616 0.859796
0.838003 0.847733
0.93674 0.853184
0.942874 0.8681
0.0447006 0.912019
0.116082 0.907636
0.155389 0.932813
0.246312 0.923573
0.287404 0.878826
0.320059 0.892082
0.389927 0.928616
0.475324 0.89798
0.547751 0.914304
0.59047 0.904725
0.657104 0.898915
0.700584 0.878913
0.778621 0.889659
0.843463 0.919758
0.902154 0.884733
0.967055 0.936794
0.0277267 0.99318
0.0919543 0.999923
0.170489 0.986182
0.210125 0.943508
0.283831 0.981779
0.368073 0.946373
0.434096 0.989522
0.481694 0.937699
0.519651 0.973819
0.572673 0.954757
0.638727 0.971857
0.725305 0.957398
0.796943 0.962266
0.83475 0.950218
0.898258 0.967943
0.990939 0.978821
